0.0021587,0.018164,0.013293,0.053031,0.17401,0.17521,0.19304,0.20604,0.11733,0.047722
0.033387,0.0096991,0.053876,0.12146,0.10435,0.0669,0.15115,0.099832,0.21136,0.14799
0.025876,0.035023,0.053466,0.32602,0.24879,0.078295,0.035369,0.10023,0.075297,0.021624
0.0065762,0.0024937,0.08978,0.16856,0.28408,0.080104,0.067502,0.088906,0.1763,0.035705
0.069984,0.03036,0.029055,0.14202,0.1423,0.18058,0.088734,0.12764,0.117,0.072333
0.0080462,0.016634,0.10407,0.06185,0.20112,0.1592,0.058545,0.1375,0.19968,0.053359
0.040503,0.042104,0.057283,0.22107,0.18021,0.1826,0.22902,0.037839,0.0037899,0.0055762
0.0024798,0.027744,0.038536,0.056722,0.17754,0.14365,0.28945,0.14683,0.052166,0.064885
0.0077362,0.034832,0.056716,0.083104,0.19384,0.227,0.24218,0.10034,0.044283,0.0099772
0.054057,0.02194,0.030743,0.05682,0.085477,0.097858,0.13828,0.079626,0.33535,0.099858
0.0082629,0.00095652,0.033449,0.10231,0.42997,0.2439,0.11862,0.010695,0.01911,0.032736
0.10014,0.066643,0.012173,0.024706,0.064969,0.067792,0.06642,0.11614,0.15371,0.3273
0.03049,0.032278,0.085694,0.048584,0.20137,0.29614,0.23686,0.038951,0.02013,0.0094989
0.014187,0.028867,0.015645,0.29219,0.23018,0.23401,0.075908,0.052149,0.025094,0.031777
0.026986,0.049392,0.12578,0.36469,0.18933,0.11631,0.022874,0.052477,0.024056,0.028109
0.040031,0.047177,0.32853,0.13565,0.2226,0.12787,0.02926,0.018747,0.033759,0.016375
0.010522,0.084486,0.24188,0.14978,0.20961,0.17489,0.078881,0.024676,0.0054434,0.019831
0.0010138,0.29092,0.10303,0.10913,0.083094,0.038208,0.15813,0.097639,0.068729,0.050114
0.062912,0.063609,0.028032,0.099161,0.1564,0.10743,0.020809,0.11482,0.1037,0.24312
0.25812,0.039272,0.17198,0.064167,0.043042,0.06341,0.042427,0.14203,0.092663,0.08288
0.28383,0.41118,0.086799,0.019021,0.026504,0.014104,0.0066513,0.023634,0.087936,0.040332
0.061721,0.33463,0.12581,0.050812,0.059211,0.011444,0.035587,0.017832,0.024468,0.27849
0.12731,0.088648,0.31127,0.094978,0.22244,0.14295,0.0036952,0.0086971,0,0
0.0029232,0.0065691,0.024243,0.10289,0.14917,0.028511,0.053227,0.19444,0.053008,0.38502
0,0.0044948,3.9342e-05,0.0020593,0.0022256,0.00071331,0.0057862,0.0091847,0.2032,0.7723
0.14907,0.20599,0.18289,0.078209,0.12755,0.15354,0.061986,0.0062326,0.025695,0.0088366
0.50208,0.33596,0.024929,0.055957,0,0.011004,0.002359,0.021219,0.0015455,0.044949
0.39556,0.16599,0.12384,0.15479,0.05953,0.018154,0.03877,0.0086746,0.013292,0.021393
0,0.16032,0.24957,0.15369,0.39856,0.027946,0,0.00086104,0.0078473,0.0011972
0.010847,0.35253,0.25958,0.086646,0.26692,0.015412,0.0019531,0.0061004,0,0
0.010322,0.0034457,0.096856,0.032762,0.082598,0.23378,0.44556,0.090585,0.0040894,0
0,0,0,0.00020126,0.009558,0.0058377,0.018395,0.25289,0.56003,0.1531
0,0,0,0,0.014217,0.188,0.64064,0.078117,0.035268,0.043754
0.027252,0.10991,0.062988,0.020971,0.020046,0.093878,0.1605,0.050154,0.39779,0.056517
0.010595,0.29344,0.30167,0.2395,0.12416,0.028631,0.0008112,0.0011959,0,0
0.26629,0.26138,0.23766,0.16348,0.032026,0.02216,0.010156,0.0068601,0,0
0.74922,0.15856,0.012575,0.0067784,0.011389,0.017695,0.013156,0.030625,0,0
0.0044438,0.023792,0.87084,0.033237,0.031891,0.026295,0,0.0094965,0,0
0.016185,0.023576,0.31405,0.048434,0.14967,0.13582,0.15723,0.10085,0.032824,0.021356
0.022392,0.0047895,0.0033094,0.018114,0.012082,0.020151,0.032383,0.15178,0.61149,0.12351
0.15821,0.31603,0.34491,0.040715,0.02604,0.018927,0.027434,0.0011079,0.037658,0.02897
0.10528,0.1573,0.10134,0.047852,0.22792,0.081985,0.046071,0.11588,0.086537,0.029842
0.52356,0.2635,0.081716,0.060277,0.053036,0.0099416,0.0044583,0.0017468,0.00069548,0.0010696
0.0079596,0.045188,0.38837,0.25304,0.18813,0.07134,0.017153,0.011894,0.011673,0.0052547
0.018603,0.38075,0.40828,0.055877,0.039218,0.024499,0.015424,0.032781,0.011599,0.01296
0.663,0.16804,0.023252,0.016134,0.0046774,0.0018191,0,0.065208,0,0.057865
0.19748,0.045348,0.09451,0.23519,0.22301,0.09383,0.037799,0.013145,0.023325,0.036368
0.038248,0.029947,0.099962,0.42042,0.36758,0.041102,0,0.0027415,0,0
0,0,0.00047869,0.0096636,0.020328,0.049855,0.092133,0.042238,0.091294,0.69401
0.84836,0.1065,0.007448,0.0044431,0.016117,0.011882,0.0037315,0.001519,0,0
0,0,0.0079021,0.0042795,0.094068,0.049988,0.0043055,0.021289,0.35621,0.46196
0.0079246,0.015825,0.0081348,0.0045887,0.043713,0.28025,0.48688,0.091418,0.040341,0.020925
0.01472,0.014636,0.019957,0.025686,0.23219,0.063803,0.077302,0.1369,0.21258,0.20223
0.66979,0.10008,0.02909,0.05447,0.062501,0.030835,0.040445,0.0026215,0.0060322,0.0041355
0.071712,0.030923,0.028389,0.020691,0.030726,0.087222,0.037591,0.037797,0.076235,0.57871
0.028418,0.21844,0.29268,0.14105,0.077064,0.018236,0.02433,0.0045149,0.17291,0.022354
0.77442,0.062077,0.054151,0.032174,0.052038,0.018786,0,0.0053234,0,0.0010257
0.090841,0.5588,0.086151,0.026642,0.059032,0.095875,0.024277,0.039658,0.0051101,0.013612
0.66058,0.075049,0.10334,0.026402,0.039537,0.077772,0.0053282,0.011993,0,0
0.065394,0.1445,0.10465,0.087029,0.17861,0.068761,0.23466,0.048526,0.042694,0.025164
0.026727,0.27129,0.36238,0.17335,0.10493,0.033199,0.011124,0.015287,0,0.0017101
0.052464,0.21144,0.48243,0.17315,0.04405,0.0050504,0.015561,0.0048423,0.00035321,0.010664
0,0.0010401,0.00055191,0.00048114,0.008854,0.012044,0.009385,0.075239,0.21376,0.67865
