0.39805,0.50546,0.024541,0.0040029,0.032844,0.0023691,0.023518,0.003537,0.0023014,0.0033776
0.074605,0.086482,0.25904,0.38053,0.12552,0.027936,0,0,0.016329,0.029559
0.017501,0.023356,0.011183,0.016358,0.055287,0.012208,0.10384,0.15006,0.08287,0.52734
0.005754,0.007045,0.0020746,0.047912,0.0068913,0.002572,0.023632,0.047519,0.052213,0.80439
0,0,0,0,0.00187,0.013812,0.010608,0.024954,0.045283,0.90347
0.009475,0.00074629,0.029916,0.042838,0.035038,0.15167,0.17583,0.37238,0.15317,0.028945
0.044077,0.015313,0.029155,0.049948,0.068889,0.058534,0.027453,0.052221,0.30526,0.34915
0.13488,0.1129,0.082734,0.13491,0.31985,0.093862,0.021295,0.04511,0.051191,0.0032583
0.033139,0.025308,0.032459,0.021803,0.13281,0.25083,0.30206,0.15056,0.023472,0.027563
0.0012547,0.058217,0.051113,0.048338,0.093499,0.12149,0.13692,0.15252,0.17194,0.1647
0.022287,0.0875,0.063525,0.10201,0.12488,0.083965,0.071252,0.18509,0.13561,0.12388
0.026253,0.049944,0.22642,0.10478,0.18979,0.083996,0.093904,0.11854,0.053271,0.053098
0.18101,0.17755,0.073338,0.024864,0.040617,0.090074,0.12838,0.15811,0.065599,0.060449
0.0086718,0.03402,0.05255,0.031673,0.1094,0.06478,0.25367,0.17148,0.1553,0.11846
0.016191,0.084967,0.021324,0.25608,0.15363,0.094537,0.1295,0.12463,0.047375,0.071766
0.087151,0.09667,0.11105,0.097691,0.1091,0.13322,0.13306,0.10121,0.056571,0.074269
0.059483,0.082672,0.18305,0.02491,0.06019,0.14487,0.20291,0.09734,0.12168,0.022897
0.035516,0.026311,0.019315,0.036362,0.074702,0.12777,0.41572,0.085387,0.10475,0.074169
0.042849,0.28889,0.084797,0.10077,0.062921,0.15777,0.093283,0.076661,0.051552,0.040504
0.049364,0.1907,0.088348,0.14219,0.13669,0.15839,0.074824,0.01848,0.066066,0.074945
0.0068605,0.024387,0.013221,0.081065,0.077472,0.09783,0.085756,0.107,0.14153,0.36488
0.012635,0.018194,0.019817,0.26569,0.14327,0.079496,0.092934,0.052971,0.075419,0.23957
0.0076406,0.0036679,0.010549,0.078774,0.099382,0.12042,0.25243,0.086596,0.16218,0.17837
0.012856,0.011816,0.013459,0.21471,0.18588,0.12964,0.12973,0.14068,0.10579,0.055424
0.077571,0.2007,0.11065,0.10087,0.15442,0.074525,0.027525,0.12638,0.089614,0.03775
0.08154,0.1473,0.12513,0.10701,0.11772,0.055173,0.10021,0.061042,0.086592,0.11829
0.0010969,0.0049525,0.11317,0.082099,0.040155,0.1447,0.25082,0.14622,0.14232,0.074462
0.19109,0.057329,0.052412,0.071865,0.10248,0.096686,0.082582,0.16199,0.12779,0.05578
0.22118,0.52624,0.2196,0.0068245,0.0050218,0.018019,0,0.0031059,0,0
0.63193,0.12665,0.027136,0.037335,0.0041335,0.012212,0.011007,0.0044966,0.024003,0.1211
0.7476,0.16356,0.013291,0.017509,0.02312,0.020414,0,0.0044137,0.0032147,0.0068742
0.0084015,0.021881,0.16345,0.3282,0.24751,0.10905,0.046161,0.053157,0.015983,0.006201
0.88422,0.078555,0.019949,0.0059914,0.0022322,0.004432,0.001623,0,0.0022777,0.00072257
0.029914,0.036601,0.005265,0.010074,0.01335,0.12598,0.50879,0.25333,0.015027,0.0016613
0.0035757,0,0,0.0033327,0.0016588,0,0.028201,0.15466,0.70696,0.10162
