0.31752,0.2385,0.14628,0.027726,0.022319,0.037221,0.049637,0.11594,0.027287,0.01757
0.67075,0.15325,0.04148,0.024978,0.071445,0.021614,0.0079642,0.0055356,0.0020229,0.0009622
0.10351,0.031039,0.64792,0.092061,0.013279,0.0011607,0.020236,0.0050447,0.018098,0.067659
0.046595,0.092693,0.19167,0.27178,0.30425,0.077741,0.00346,0,0.0072645,0.0045448
0.045984,0.25509,0.073886,0.02375,0.17787,0.045918,0.091509,0.071462,0.14387,0.070658
0.011323,0.0391,0.0065113,9.4058e-05,0.030658,0.036737,0.0036813,0.16427,0.071383,0.63625
0.011652,0.024774,0.035487,0.0041327,0.01823,0.015711,0.0086657,0.024808,0.37962,0.47692
0.023528,0.006875,0.046131,0.015551,0.037398,0.074897,0.076913,0.15368,0.33978,0.22524
0.0074504,0,0.00054542,0.0030417,0.013841,0.016251,0.028838,0.037375,0.040216,0.85244
0.0058666,0.0065363,0.011315,0.026734,0.048117,0.080069,0.066232,0.07782,0.55709,0.12022
0.047605,0.013191,0.0054419,0.01734,0.066675,0.022493,0.040454,0.03665,0.11386,0.6363
0.010328,0.009719,0.010046,0.071662,0.18083,0.20365,0.25055,0.13788,0.093802,0.031534
0.0019863,0.035293,0.00077441,0.040455,0.024909,0.032131,0.0013706,0.13142,0.70879,0.022865
0.11421,0.085943,0.37547,0.21177,0.048127,0.069707,0.044333,0.032897,0.015582,0.001955
0.31722,0.12238,0.0084573,0.133,0.012859,0.10092,0.010187,0.021674,0.088678,0.18462
0.20603,0.064569,0.18789,0.19005,0.21199,0.070852,0.038558,0.030064,0,0
0.1164,0.20102,0.029988,0.058223,0.2079,0.095627,0.017284,0.11252,0.018999,0.14203
0.010239,0.017673,0.0055034,0.0094654,0.16636,0.1676,0.30027,0.24442,0.060392,0.018076
0.017402,0.11757,0.075652,0.069055,0.094267,0.12343,0.19084,0.092077,0.16116,0.058546
0.005148,0.026438,0.011249,0.010955,0.020056,0.017218,0.049369,0.18791,0.49041,0.18124
0.0066987,0.095823,0.062035,0.032797,0.10448,0.1675,0.16936,0.091557,0.1757,0.094051
0.017038,0.041326,0.075193,0.058355,0.052495,0.11112,0.16862,0.13011,0.26097,0.08477
0.26235,0.1445,0.03739,0.13148,0.17186,0.051702,0.013895,0.010139,0.10206,0.074625
0.018621,0.054288,0.092061,0.22922,0.15465,0.064506,0.23796,0.03024,0.0277,0.090762
0.020116,0.027174,0.031154,0.029925,0.043112,0.56254,0.19824,0.01037,0.064951,0.012418
0.050281,0.064848,0.15619,0.082051,0.072561,0.20135,0.25786,0.046572,0.030751,0.03754
0.013457,0.021539,0.069773,0.1103,0.12803,0.15822,0.26061,0.16111,0.06591,0.011051
0.029281,0.069739,0.043162,0.096883,0.067272,0.13808,0.15879,0.1602,0.17827,0.058315
0.0058715,0.006037,0.058662,0.36067,0.12303,0.059098,0.07631,0.091448,0.13813,0.080747
0.17631,0.018477,0.12978,0.15821,0.18746,0.098442,0.05712,0.11394,0.031389,0.02888
0.020963,0.058681,0.25249,0.054892,0.07859,0.068074,0.19966,0.10768,0.064565,0.094405
0.06906,0.04316,0.072459,0.089083,0.17563,0.11464,0.10129,0.11469,0.14057,0.079412
0.012938,0.13592,0.10776,0.072821,0.054519,0.024237,0.17271,0.14229,0.054171,0.22263
0.12482,0.060021,0.1528,0.064948,0.1129,0.098334,0.17005,0.14496,0.030031,0.041135
0.021953,0.01905,0.020599,0.020802,0.11546,0.20493,0.1375,0.26917,0.13323,0.057306
0.033843,0.020659,0.045272,0.038061,0.1796,0.17,0.18249,0.29268,0.0090282,0.028364
0.084266,0.036288,0.10703,0.21108,0.046654,0.13752,0.15388,0.13385,0.042035,0.047412
0.37942,0.23002,0.021394,0.090069,0.069949,0.023221,0.040428,0.021683,0.025076,0.098743
0.17258,0.22647,0.18889,0.12403,0.060101,0.028821,0.075037,0.0024376,0.058372,0.063261
0.032598,0.030397,0.12772,0.064013,0.070836,0.061341,0.16586,0.29603,0.097717,0.053497
0.012343,0.06258,0.057204,0.07667,0.026112,0.045338,0.036696,0.024323,0.17093,0.4878
0.0023199,0.0055566,0.020938,0.031329,0.065053,0.1012,0.18234,0.11876,0.15702,0.31549
0.0007437,0.017724,0.025381,0.1221,0.16581,0.086245,0.11392,0.075965,0.29574,0.096381
0.0081294,0.0069282,0.065553,0.094479,0.066434,0.080509,0.060684,0.074111,0.15495,0.38822
0.013224,0.045313,0.1936,0.17137,0.41799,0.04574,0.030139,0.025534,0.035327,0.021768
0,0.0048973,0,0.011194,0.019565,0.083663,0.18658,0.037668,0.45092,0.20552
0.0475,0.028463,0.14345,0.19166,0.18359,0.2516,0.071908,0.027444,0.024817,0.029574
0.043053,0.068019,0.068448,0.067578,0.15798,0.22076,0.1225,0.12127,0.056727,0.073668
0.20625,0.31555,0.10581,0.12064,0.055786,0.083955,0.031922,0.013772,0.042371,0.023932
0.14001,0.24408,0.098334,0.025337,0.054141,0.057959,0.022938,0.19479,0.092188,0.070227
0.055582,0.062605,0.02023,0.034235,0.091364,0.10651,0.099393,0.095387,0.369,0.065694
0.039358,0.30029,0.19654,0.018871,0.13437,0.059713,0.092358,0.14782,0.0065069,0.0041761
0.0027919,0.00089355,0.15918,0.14961,0.07902,0.10744,0.13885,0.10756,0.065336,0.18932
0,0.0054853,0.12423,0.11528,0.052067,0.13305,0.25048,0.2247,0.064736,0.029966
0.010189,0.089555,0.4029,0.06879,0.071032,0.14326,0.062983,0.059782,0.0334,0.058109
0.093453,0.01343,0.048933,0.075862,0.10152,0.18756,0.09799,0.16279,0.087723,0.13073
0.22305,0.33423,0.34789,0.070488,0.007493,0.01501,0.0018431,0,0,0
0.073895,0.36327,0.1964,0.063597,0.012732,0.0518,0.0012514,0,0.04093,0.19612
0.7092,0.1632,0.025746,0.0040811,0,0.010363,0.0024017,0.0067643,0.0061625,0.072081
0.0017746,0.0030497,0.0066636,0.011353,0.0045002,0.029527,0.38101,0.46434,0.049998,0.047782
0.43799,0.34977,0.045998,0.051354,0.020102,0.020293,0.070142,0.0036428,0.00070622,0
0.67344,0.21133,0.047593,0.025473,0.0079395,0.001171,0.0010038,0.006479,0.0095999,0.015965
0.014681,0.28749,0.47505,0.11765,0.025755,0.016262,0,0.051771,0.0037416,0.0076002
0.014915,0.053307,0.013322,0.014777,0.0041704,0.013219,0.098971,0.14139,0.23941,0.40652
0.70481,0.13188,0.050084,0.095115,0.011105,0,0.0033517,0.00097953,0.0021276,0.00054745
0.74413,0.14014,0.069446,0.01081,0.0034292,0.0053804,0.0026316,0.0053047,0.016819,0.0019093
0,0.028387,0.0054146,0.0092262,0.0064019,0.062801,0.45441,0.41671,0.0094971,0.0071539
0.081071,0.0037437,0.0028825,0.014706,0.014546,0.21222,0.48108,0.17491,0.0050608,0.0097893
0,0.011741,0.026054,0.015423,0.0050543,0.0048354,0.10641,0.50733,0.14175,0.1814
0.30901,0.032882,0.028991,0.013205,0.15026,0.088908,0.047547,0.040013,0.075282,0.2139
0.12886,0.33736,0.2485,0.18306,0.029458,0.045487,0.021571,0.0052563,0,0.00044861
