0.11265,0.078147,0.28346,0.33102,0.1106,0.04519,0.0013384,0.017404,0.0083491,0.011847
0.69545,0.21991,0.022581,0.026587,0.019425,0.0056952,0.0088116,0,0,0.0015409
0.030661,0.017432,0.088655,0.16853,0.20817,0.23901,0.077133,0.027656,0.067554,0.075196
0.62444,0.11045,0.037739,0.12408,0.0026264,0.0036331,0.057101,0.026005,0.0089099,0.0050171
0.060085,0.021458,0.084391,0.37607,0.23035,0.13396,0.055697,0.021844,0,0.016143
0.20906,0.073219,0.04973,0.023216,0.037953,0.040714,0.083086,0.060815,0.16137,0.26084
0.0030929,0.0018233,0.0034293,0.025785,0.057903,0.058189,0.084033,0.29931,0.27215,0.19428
0.046857,0.088135,0.011823,0.041186,0.36679,0.36031,0.063307,0.017771,0.0038192,0
0.11057,0.038418,0.0047519,0.01913,0.070136,0.017248,0.088165,0.48373,0.11712,0.05073
0.058253,0.14385,0.087934,0.079184,0.057464,0.057999,0.35123,0.10222,0.045065,0.016804
0.086263,0.072889,0.1656,0.12441,0.086969,0.1435,0.11402,0.096994,0.081028,0.028327
0.078675,0.077214,0.018046,0.19958,0.21426,0.11364,0.24937,0.019419,0.021106,0.0086881
0.094432,0.10706,0.09444,0.12398,0.063087,0.048391,0.17265,0.12193,0.096332,0.077705
0.024328,0.061297,0.068474,0.32234,0.13043,0.10586,0.089537,0.037641,0.04436,0.11573
0.021802,0.029844,0.20855,0.19396,0.11792,0.2075,0.058602,0.036204,0.040595,0.085028
0.0065116,0.0053061,0.05291,0.31531,0.14148,0.091388,0.18699,0.046894,0.058999,0.094219
0.033361,0.014406,0.044155,0.25021,0.17023,0.091979,0.19156,0.1557,0.021544,0.026853
0.073366,0.10245,0.16497,0.13854,0.073603,0.13132,0.13616,0.1656,0.009568,0.004424
0.04554,0.061788,0.03868,0.03022,0.067763,0.084322,0.081637,0.061689,0.24737,0.28099
0.015176,0.032112,0.10285,0.068269,0.11976,0.12229,0.18549,0.11844,0.12531,0.1103
0.031652,0.053481,0.077039,0.080394,0.19103,0.26961,0.17935,0.061422,0.011492,0.044536
0.0058098,0,0.023262,0.051448,0.14566,0.17586,0.48655,0.089114,0.0095469,0.012743
0.024382,0.048941,0.039457,0.15724,0.12067,0.19276,0.21051,0.10899,0.080144,0.016906
0,0.00098059,0.0061984,0.07924,0.16965,0.2546,0.38104,0.08512,0.016206,0.0069714
0.10051,0.26568,0.26668,0.18247,0.11103,0.040046,0.0102,0.021113,0,0.0022687
0.056009,0.16691,0.090008,0.072387,0.043948,0.14431,0.18044,0.092692,0.11304,0.040252
0.039334,0.060028,0.11934,0.1664,0.14432,0.18006,0.13196,0.072312,0.069516,0.016714
0.061065,0.036265,0.10561,0.25493,0.21285,0.11605,0.094919,0.028545,0.046262,0.043507
0.08621,0.11998,0.26432,0.099286,0.11981,0.086693,0.074402,0.02771,0.095417,0.026164
0.044844,0.068852,0.16654,0.64775,0.064692,0.0059513,0,0,0,0.0013702
0.20629,0.11405,0.15301,0.26768,0.056769,0.059662,0.035661,0.013471,0.031938,0.061474
0.072139,0.16632,0.14691,0.1181,0.14605,0.13224,0.15385,0.017279,0.024009,0.023105
0.090001,0.06988,0.070754,0.16187,0.1101,0.095777,0.22883,0.080609,0.044251,0.047932
0.059401,0.019503,0.047626,0.10453,0.18259,0.1522,0.082457,0.25826,0.073367,0.020069
0.30745,0.34996,0.23986,0.042121,0.023671,0.020964,0.0046695,0,0.0068208,0.0044881
0.75682,0.12801,0.0054654,0.063946,0.026539,0.0062415,0.0015505,0,0,0.011421
0.017468,0.03378,0.050302,0.19873,0.20249,0.10653,0.13496,0.10965,0.096972,0.049122
0.015414,0.028321,0.054827,0.074674,0.10669,0.28852,0.23346,0.067489,0.053854,0.076759
0.034521,0.040003,0.096065,0.081662,0.32359,0.14579,0.11401,0.07063,0.057094,0.03663
0.0028805,0.028658,0.050257,0.065272,0.38518,0.1564,0.083402,0.065542,0.091855,0.070557
0.017339,0.022045,0.048054,0.3319,0.21378,0.12505,0.094492,0.053682,0.054488,0.039174
0.013513,0.024468,0.25105,0.25822,0.21836,0.065387,0.034984,0.051393,0.03627,0.04636
0.071315,0.11294,0.19283,0.32898,0.17209,0.071007,0.005069,0.0065362,0.018073,0.021153
0.034574,0.069461,0.0679,0.15265,0.12373,0.087709,0.11108,0.080848,0.13362,0.13843
0.021547,0.0031024,0.02456,0.010144,0.0054261,0.064517,0.060598,0.16208,0.32784,0.32018
0.017261,0.010059,0.12005,0.10237,0.14966,0.076129,0.16061,0.094317,0.15256,0.11697
0.10466,0.095489,0.26736,0.14849,0.10747,0.10741,0.046379,0.044795,0.013549,0.064394
0.017379,0.1806,0.15507,0.099811,0.12278,0.088214,0.060112,0.044681,0.18594,0.045419
0.022541,0.041577,0.082092,0.11986,0.2255,0.19876,0.089731,0.099902,0.12004,0
0.039458,0.020864,0.040319,0.03008,0.063302,0.057842,0.046641,0.036645,0.17317,0.49168
0.031727,0.0068018,0.0030602,0.0096931,0.038167,0.13549,0.10609,0.14559,0.31621,0.20716
0.083902,0.09254,0.19704,0.076638,0.052143,0.04834,0.11212,0.048322,0.053655,0.23531
0.005859,0.077083,0.093999,0.12223,0.27957,0.11811,0.15534,0.078951,0.029313,0.039553
0.001247,0.014904,0.041421,0.34296,0.25292,0.20288,0.061177,0.049856,0.022401,0.010241
0.79294,0.076011,0.0096125,0.080035,0,0,0,0,0.017842,0.023562
0,0,0,0.0048872,0.01572,0.092458,0.50034,0.13319,0.19222,0.061182
0,0.015355,0.08181,0.23278,0.070158,0.026352,0.014002,0.10946,0.28422,0.16587
0.0080714,0.00049719,0.00015314,0.0014541,0.012162,0.0031934,0.060679,0.17151,0.56361,0.17867
0.0008366,0,0.028471,0.013954,0.12642,0.17682,0.53205,0.096982,0.018501,0.0059639
0,0.0095038,0.0099073,0.013511,0.12048,0.10455,0.20748,0.17482,0.27969,0.080048
0.012718,0.010711,0.10384,0.054707,0.030094,0.067418,0.052362,0.11788,0.17281,0.37746
0.0045696,0.0072537,0.018366,0.043267,0.058729,0.073605,0.077324,0.22983,0.30599,0.18106
0.052055,0.056638,0.091104,0.116,0.11193,0.088292,0.17249,0.23756,0.050109,0.023829
0.21531,0.18017,0.060359,0.048179,0.03338,0.050753,0.016834,0.033227,0.073772,0.28801
0.0059607,0.010358,0.010853,0.019139,0.048491,0.71122,0.14155,0.039995,0.0067977,0.005635
0.076806,0.6591,0.16097,0.041905,0.010292,0.003837,0.035793,0.0085992,0,0.0026994
0.010675,0.031831,0.59535,0.1817,0.054821,0.0052706,0.013803,0.078027,0.0095238,0.019
0,0,0.0010746,0,0.57224,0.27662,0.11377,0.031673,0.0039951,0.00062323
0.036434,0.076145,0.50459,0.26634,0.011491,0.014422,0.044308,0.03926,0,0.0070064
0.91019,0.017636,0.013275,0.01932,0.025946,0.0028502,0.0084571,0.0016888,0,0.00063395
0.11743,0.12647,0.053666,0.16298,0.25103,0.20817,0.011556,0.029791,0.020779,0.018127
0.50848,0.12441,0.12544,0.054263,0.024789,0.03259,0.04271,0.047346,0.012634,0.027337
0.14112,0.1562,0.023678,0.020628,0.16695,0.23933,0.073895,0.089852,0.077192,0.011164
0.051787,0.023612,0.039602,0.117,0.18865,0.19216,0.27891,0.061773,0.033917,0.012579
0.0041403,0,0.0011438,0.0067148,0.03784,0.049628,0.070754,0.057559,0.08177,0.69045
0.011385,0.0033,0.012758,0.2984,0.31251,0.099259,0.095714,0.075934,0.070982,0.019761
0,0,0.0019861,0.073564,0.16723,0.22491,0.40899,0.12017,0.0031501,0
0,0.0048898,0.0011561,0.039017,0.075675,0.19257,0.17963,0.35387,0.13844,0.014767
0.00081509,0,0.018313,0.027885,0.24818,0.57319,0.11952,0.010474,0.001599,1.2194e-05
0,0,0,0,0.0030413,0.0085234,0.083123,0.059226,0.27116,0.57493
0,0.023705,0,0,0.0054455,0.021277,0.045137,0.0071398,0.74669,0.1506
0,0,0.0035709,0.0083131,0.039735,0.40898,0.52413,0.0080898,0.0071804,0
0.00046455,0,0.00044013,0,0,0.0017094,0.0056937,0.57603,0.30429,0.11138
0,0,0,0,0.0012218,0.00038509,0.0013828,0.014172,0.68142,0.30141
0,0.0060994,0,0,0.0064767,0.0048253,0.0084782,0.045348,0.23837,0.6904
0.0011058,0.008438,0.007166,0.0081311,0.4505,0.37067,0.089742,0.026941,0.031132,0.0061712
0.11446,0.067219,0.033571,0.015083,0.075099,0.3663,0.12938,0.099967,0.074945,0.023971
0.01942,0.39653,0.27503,0.054143,0.15174,0.055625,0.021293,0.024334,0,0.0018819
0,0.010975,0,0.0078997,0.077096,0.32,0.22967,0.19948,0.15488,0
0.0098844,0.011995,0.0055925,0.0015249,0.010762,0.014331,0.067607,0.097344,0.34784,0.43312
0.0064582,0.023836,0.050217,0.011292,0.029638,0.051086,0.1601,0.22948,0.40378,0.034116
0.11377,0.32379,0.34102,0.072567,0.066225,0.044854,0.010061,0.0033716,0.008059,0.016287
0.0052919,0.0056869,0.007564,0.12395,0.31228,0.48255,0.059469,0.0024774,0,0.00074411
0,0,0,0.0014471,0.0045278,0.10748,0.053427,0.09745,0.43995,0.29571
0.14081,0.41516,0.26123,0.095137,0.018337,0.0029273,0.022455,0.040338,0.0010255,0.0025893
0,8.8633e-05,0,0.013876,0.043082,0.011322,0.059719,0.41493,0.4541,0.0028881
0.10237,0.097738,0.0079238,0.01999,0.065354,0.047981,0.026121,0.18196,0.39007,0.060486
0.016691,0.074376,0.30016,0.12214,0.16152,0.15423,0.03338,0.05735,0.078184,0.0019748
0,0,0.026641,0.30567,0.18313,0.34078,0.026553,0.10666,0.01057,0
