0.036233,0.035842,0.069861,0.064001,0.043921,0.038258,0.18938,0.17445,0.10452,0.24353
0.0034349,0.059092,0.10149,0.29581,0.15908,0.23775,0.1255,0.014202,0,0.003633
0.0046813,0.0046131,0.00030958,0.00055607,0.00065183,0.013048,0.0090086,0.029659,0.16335,0.77413
0.077492,0.064334,0.040434,0.078708,0.061316,0.10624,0.26864,0.20335,0.053869,0.045615
0.095214,0.73222,0.118,0.016592,0.011058,0.0123,0.0094255,0.0051847,0,0
0.73041,0.18418,0.045727,0.015505,0.0088322,0.0070358,0.0051394,0.0026415,0.00052703,0
0.0027259,0.0089412,0,0.004802,0.045906,0.13698,0.23023,0.32264,0.24257,0.0052046
0.18511,0.43136,0.17734,0.057676,0.039457,0.092798,0.014193,0.0017243,0,0.00033923
0,0,0.00088846,0.0010316,0,0.0064258,0.018406,0.81829,0.14905,0.0059093
0.021091,0.044704,0.060232,0.072508,0.14303,0.17201,0.15047,0.059015,0.174,0.10294
0.016334,0.010805,0.019544,0.24828,0.25884,0.3398,0.057142,0.0053642,0.038633,0.0052576
0.49905,0.17068,0.081958,0.039523,0.029568,0.013952,0.02253,0.11373,0.020939,0.008076
0.33804,0.23632,0.080135,0.053318,0.051269,0.087025,0.032241,0.035313,0.053173,0.033172
0.26606,0.39327,0.097291,0.035258,0.023115,0.035391,0.10965,0.011464,0.012035,0.016466
0.0034768,0,0.001143,0,0,0.001893,0.0041413,0.014112,0.18308,0.79215
0.38831,0.40146,0.098849,0.018368,0.0040887,0.0017411,0.0045301,0.0083169,0.060064,0.014269
0.0034597,0,0.032397,0.035852,0.0070855,0.0016741,0.090769,0.31597,0.48205,0.030741
0.0052146,0.02354,0.011841,0.0065878,0,0.0014757,0.05656,0.077405,0.67478,0.1426
0,0.058779,0.045432,0.0093166,0.009399,0.0080274,0.1048,0.17309,0.53396,0.057207
0.00528,0.0077193,0.011365,0.013238,0.0085241,0.034371,0.10538,0.2697,0.41621,0.12821
0,0,0,0,0.019299,0.008749,0.068704,0.19582,0.66592,0.0415
0.24239,0.4334,0.19701,0.082232,0.019799,0.018747,0.00057315,0,0.0031396,0.0027089
0.28964,0.2687,0.12186,0.055182,0.056192,0.050442,0.032909,0.054704,0.03759,0.032785
0.22544,0.11693,0.18704,0.10834,0.097895,0.045872,0.034319,0.039794,0.07959,0.064779
0.024287,0.04277,0.076328,0.075687,0.15484,0.47372,0.10139,0.0061345,0.030628,0.01422
0.0043051,0.047964,0.72107,0.15659,0.054924,0.0031194,0.0013944,0.0027878,0.00072445,0.0071279
0.0028986,0.020881,0.03272,0.060322,0.032186,0.052272,0.17248,0.34786,0.14666,0.13172
0.11157,0.21046,0.15546,0.18189,0.01808,0.023582,0.020766,0.0875,0.13276,0.057935
0.046764,0,0.0018098,0.012232,0.01167,0.029323,0.19638,0.55082,0.037825,0.11318
0.0041059,0.2195,0.45938,0.28692,0.015097,0.0079554,0.0027674,0,0,0.0042761
0.0031988,0.0030121,0.19534,0.49429,0.18418,0.033873,0.084979,0,0,0.0011198
0.001632,0.0073026,0.0066684,0.016815,0.059644,0.31785,0.46063,0.074167,0.032693,0.022602
0.0024894,0.030495,0.074789,0.067723,0.08098,0.18032,0.28078,0.20862,0.044194,0.029606
0,0,0,0.0022316,0.012431,0.038385,0.11936,0.045543,0.27944,0.50261
0.013535,0.057802,0.17057,0.060731,0.031621,0.026659,0.020761,0.041208,0.21808,0.35903
0.22242,0.36598,0.11675,0.06001,0.023497,0.050555,0.058733,0.076903,0.021164,0.0039815
0.094055,0.081485,0.06479,0.069204,0.11731,0.2504,0.16997,0.032647,0.038807,0.081333
0.0022453,0.096348,0.0016441,0.039265,0.034671,0.070954,0.054129,0.15501,0.49577,0.049962
0,0,0.009663,0,0.20513,0.59199,0.16255,0.009641,0.016366,0.0046559
0.0018665,0,0,0,0.039284,0.0071836,0.025284,0.0074959,0.011263,0.90762
0.0063049,0.0014122,0.031468,0.24306,0.53277,0.18187,0.003116,0,0,0
0.0016484,0.018015,0.1128,0.35217,0.34959,0.070445,0.093118,0.00092368,0.0012878,0
0.012447,0.017507,0.26907,0.52128,0.074403,0.093728,0.0038788,0,0.0076961,0
0.0011753,0,0.00015989,0.001053,0.025674,0.029748,0.037703,0.43966,0.36652,0.098305
0.07673,0.055429,0.02005,0.042559,0.24205,0.28863,0.069819,0.13103,0.067037,0.0066632
0,0,0,0.0056595,0.00054548,0.0013189,0.012746,0.13371,0.72017,0.12585
0.022685,0.022948,0.023476,0.071853,0.21745,0.27765,0.25018,0.10398,0.007826,0.0019681
0.0076098,0.078529,0.47696,0.24698,0.14375,0.029363,0.014031,0,0.0027719,0
0.7686,0.1399,0.051349,0.012828,0.019213,0.0013638,0.00028244,0.0012357,0.0018576,0.0033773
0,0.0094296,0.5827,0.35591,0.045936,0.0059696,0,0,0,4.8583e-05
0.55081,0.28068,0.05791,0.03406,0.042089,0.0094793,0.0040389,0.012088,0.002279,0.0065645
0.26085,0.064577,0.17615,0.10433,0.05331,0.035949,0.055513,0.059655,0.072558,0.11711
0.5296,0.33025,0.046679,0.059557,0.015576,0,0,0,0.014058,0.0042857
0.010499,0.0054349,0.0061419,0.0069546,0.0096495,0.02315,0.12228,0.31377,0.47827,0.023851
0.01313,0.032809,0.012596,0.0048815,0.036559,0.0071199,0.01984,0.043419,0.16144,0.66821
0.28555,0.079145,0.24447,0.12334,0.070828,0.082873,0.03481,0.015615,0.02084,0.042533
0.13946,0.16826,0.092908,0.057269,0.045921,0.067743,0.066634,0.078786,0.12802,0.155
0.25855,0.12196,0.14708,0.018971,0.0012014,0.054427,0.16135,0.10168,0.08999,0.044791
0.30231,0.087065,0.22841,0.028386,0.040131,0.12876,0.14582,0.029401,0.0039244,0.0057969
0.46346,0.073364,0.096753,0.28624,0.037591,0.035344,0.0072526,0,0,0
0.54746,0.13361,0.11275,0.045899,0.064315,0.036828,0.016337,0.042807,0,0
0.0063703,0.0059006,0.0073522,0.039906,0.081315,0.099506,0.3886,0.23087,0.12852,0.011667
0.044906,0.038638,0.056521,0.072511,0.28913,0.39156,0.097874,0.0038435,0.005018,0
0.14951,0.19263,0.19137,0.046845,0.12478,0.041668,0.0031222,0.049444,0.1227,0.077934
0.11347,0.24944,0.35235,0.028851,0.027275,0.049148,0.00048948,0.059496,0.10462,0.014853
0.0054874,0.013862,0.018082,0.023767,0.014575,0.081995,0.10761,0.28847,0.14057,0.30558
0.20482,0.096892,0.020726,0.044918,0.07927,0.10316,0.051844,0.12248,0.080568,0.19531
0,0.06288,0.010921,0.12161,0.15783,0.1239,0.19409,0.092532,0.095886,0.14035
0.39257,0.033809,0.11515,0.11446,0.046627,0.050859,0.1018,0.041482,0.094035,0.0092016
0.10008,0.034744,0.012168,0.039499,0.058665,0.093571,0.046062,0.06201,0.37299,0.1802
0.10192,0.047542,0.025218,0.21077,0.041697,0.053346,0.15388,0.095602,0.048894,0.22113
0.063973,0.04393,0.044677,0.069926,0.23305,0.25974,0.15139,0.081199,0.03618,0.015945
0.053011,0.06498,0.068036,0.10233,0.17764,0.24212,0.2617,0.0099327,0.0053407,0.014915
0.015049,0.0025459,0.011158,0.14707,0.14983,0.45342,0.17668,0.026177,0.0125,0.0055679
0.036191,0.020793,0.053641,0.11397,0.19762,0.2907,0.1322,0.11024,0.020945,0.023692
0.028936,0.057593,0.059625,0.22636,0.27854,0.11433,0.13207,0.056622,0.022843,0.023075
0.02167,0.026601,0.31418,0.19553,0.15566,0.11968,0.14906,0,0.017619,0
0.088583,0.08044,0.067332,0.16979,0.28439,0.089014,0.15555,0.054408,0.0087135,0.0017803
0.0094413,0.0099139,0.071592,0.050546,0.23198,0.30362,0.21819,0.032487,0.043,0.029229
0.037465,0.042677,0.17083,0.56301,0.039128,0.019436,0.01724,0.049234,0.0089707,0.05201
0.038919,0.031673,0.23535,0.32927,0.11886,0.055726,0.050166,0.032551,0.062532,0.044954
0.026432,0.041664,0.041204,0.12894,0.14684,0.11275,0.34905,0.069769,0.051553,0.031801
0.011187,0.014888,0.0037686,0.036613,0.17338,0.2816,0.3406,0.09808,0.011649,0.028244
0,0.0012735,0.013334,0.032831,0.40815,0.31165,0.11837,0.072296,0.015701,0.026399
0.011714,0.01335,0.041126,0.20609,0.27577,0.24202,0.087978,0.041987,0.043876,0.036087
0.084293,0.12974,0.096416,0.17627,0.23192,0.25373,0.0055809,0.022047,0,0
0.032989,0.13273,0.084307,0.087847,0.39239,0.19445,0.06126,0.0096679,0.0032326,0.0011305
0.62771,0.059154,0.052612,0.2287,0.018602,0.0015423,0.0094952,0.0021912,0,0
0.26308,0.0616,0.047768,0.017888,0.053513,0.12397,0.12453,0.0737,0.074484,0.15946
0.021119,0.024916,0.082214,0.20089,0.11477,0.21442,0.10688,0.083059,0.088425,0.063306
0.084323,0.075541,0.45457,0.14462,0.11184,0.014243,0.0027458,0.061394,0.025128,0.025588
0.0082115,0.020009,0.038652,0.1107,0.076338,0.13108,0.10553,0.2611,0.16748,0.080898
0.0071707,0.0088545,0.11464,0.10357,0.1633,0.12479,0.18309,0.051993,0.066382,0.1762
0.033848,0.070461,0.076329,0.1291,0.16445,0.11702,0.29522,0.052115,0.034839,0.026618
0.025359,0.058662,0.02209,0.081105,0.13159,0.38117,0.12015,0.069686,0.075925,0.034256
