0.032456,0.089881,0.059686,0.2308,0.11161,0.076936,0.19652,0.13641,0.048454,0.017246
0.0047034,0.0036371,0,0,0.0013784,0.024496,0.018843,0.063371,0.47304,0.41053
0.51541,0.3864,0.042992,0.043573,0.0066995,0.0011281,0,0.0014268,0.0023771,0
0.0022086,0.0083513,0.052515,0.17027,0.16342,0.20372,0.24497,0.13121,0.023341,0
0,0,0.00023563,0,0,0.00092779,0.010499,0.23965,0.69053,0.058157
0.029728,0.29373,0.17726,0.086821,0.097634,0.15198,0.063035,0.034692,0.065118,0
0.39107,0.30274,0.22091,0.041811,0.0037274,0.00072526,0.0021118,0.00053904,0.0094391,0.026921
0.041925,0.073679,0.081377,0.07222,0.13796,0.096664,0.1214,0.08799,0.11234,0.17445
0.001244,0.0056063,0.0017339,0.012526,0.0059847,0.0064478,0.056402,0.1433,0.57504,0.19171
0.004085,0.0015536,0.0021038,0.04713,0.0066041,0.086908,0.079196,0.26801,0.36781,0.1366
0.075572,0.041535,0.059395,0.01898,0.063156,0.23909,0.30213,0.17707,0.010821,0.012248
0.27526,0.15414,0.13261,0.11286,0.061141,0.059318,0.019759,0.06075,0.051139,0.073025
0.057345,0.041379,0.10416,0.4972,0.19978,0.027139,0.038585,0,0.011522,0.022885
0.10779,0.12535,0.13218,0.15643,0.072906,0.018807,0.033949,0.047801,0.081143,0.22364
0.064692,0.21925,0.28729,0.13021,0.09143,0.064728,0.056153,0.032518,0.045745,0.0079885
0.080772,0.11666,0.0347,0.37742,0.14206,0.059171,0.1182,0.063041,0.007972,0
0,0,0.0020346,0.045596,0.0046921,0.026884,0.010029,0.099813,0.58957,0.22138
0.11133,0.42984,0.034343,0.083723,0.08519,0.04881,0.012505,0.10001,0.056893,0.037353
0.13567,0.031765,0.023378,0.044726,0.095116,0.16338,0.19258,0.13013,0.06749,0.11576
0,0.0014305,0.0050271,0,0.033597,0.055259,0.05308,0.31489,0.4829,0.053812
0.00015147,0.0067155,0.057627,0.25978,0.48867,0.13676,0.042285,0.0042463,0.0037629,0
0.016294,0.018069,0.044733,0.34401,0.39819,0.1291,0.041598,0.008001,0,0
0.0043314,0.00038121,0.0071888,0.004913,0.014669,0.012705,0.035173,0.0090829,0.062008,0.84955
0.038624,0.39264,0.28238,0.14618,0.05459,0.01668,0.014166,0.037744,0.0096712,0.0073182
0.0060937,0.73586,0.19843,0.035761,0.019203,0.00042163,0.0040651,0.0001593,0,0
0.51823,0.22153,0.07117,0.038849,0.035394,0.051691,0.00956,0.013769,0.0095008,0.030306
0.041347,0.018543,0.044537,0.033714,0.033875,0.15717,0.3397,0.30804,0.012498,0.01058
0.083878,0.13661,0.045346,0.014475,0.017264,0.074665,0.11181,0.26056,0.11436,0.14103
0.12123,0.21356,0.042092,0.048054,0.083441,0.16772,0.15673,0.06355,0.070704,0.032922
0.29327,0.097281,0.0681,0.057372,0.20888,0.069704,0.20539,0,0,0
0.43953,0.14747,0.056454,0.23118,0.035231,0.054253,0.024396,0.011482,0,0
0.0066916,0.022137,0.46574,0.17114,0.1962,0.085658,0.035655,0.0063185,0.0091161,0.0013484
0.0087983,0.024744,0.029933,0.022678,0.026462,0.13668,0.16627,0.26906,0.1756,0.13977
0.0070829,0.081719,0.1694,0.11856,0.079327,0.10879,0.072586,0.088901,0.10244,0.17119
0.15548,0.01541,0.021464,0.050188,0.06731,0.11304,0.11537,0.048579,0.31747,0.095679
0.0042638,0.033909,0.032383,0.11278,0.17525,0.25003,0.085478,0.23835,0.036761,0.030786
0.015362,0.030469,0.033852,0.06335,0.11808,0.28299,0.28095,0.12179,0.025987,0.027169
0.044553,0.011064,0.05168,0.073948,0.37995,0.20223,0.12923,0.068211,0.017324,0.021817
0.083735,0.26888,0.16492,0.11137,0.10313,0.072034,0.14996,0.018369,0.020126,0.0074714
0.019176,0.043697,0.071764,0.57392,0.07611,0.040631,0.024813,0.076463,0.024356,0.049072
0.025398,0.017289,0.055784,0.068472,0.095343,0.17486,0.27316,0.089599,0.09713,0.10296
0.0087946,0.015678,0.038581,0.029503,0.14081,0.45021,0.22552,0.051437,0.037732,0.0017374
0.0094725,0.015432,0.086664,0.30745,0.29204,0.15283,0.024788,0.046048,0.054874,0.010408
0.20303,0.11897,0.073719,0.18174,0.34637,0.026164,0.0027161,0.014286,0.024015,0.0089876
0.0383,0.065309,0.1678,0.098554,0.067574,0.075745,0.15665,0.1155,0.064746,0.14982
0.0088767,0.034344,0.097578,0.16489,0.11836,0.12659,0.18769,0.13459,0.067332,0.059748
0.016273,0.036848,0.044504,0.16255,0.10132,0.12462,0.29748,0.13512,0.059724,0.021569
