0.0089212,0.0145,0.04781,0.080395,0.21061,0.31556,0.17251,0.11444,0.028145,0.0071152
0.30287,0.11743,0.073238,0.10842,0.079819,0.01106,0.039418,0.05944,0.12142,0.086887
0.0082566,0.023569,0.030531,0.12412,0.21654,0.085491,0.083049,0.21793,0.17164,0.038875
0.026214,0.046183,0.027396,0.044997,0.056515,0.1531,0.23729,0.29326,0.072004,0.043029
0.059939,0.0068594,0.1915,0.13087,0.050927,0.068213,0.051699,0.063378,0.21666,0.15996
0.021184,0.053678,0.10117,0.25803,0.18773,0.057727,0.12371,0.04193,0.10933,0.04552
0.23069,0.1526,0.17507,0.088188,0.096578,0.067426,0.040555,0.050259,0.03461,0.064021
0.07695,0.18187,0.38097,0.1175,0.04547,0.052514,0.0074222,0.008584,0.0097299,0.11899
0.065628,0.02303,0.016532,0.037588,0.1231,0.19525,0.15379,0.14161,0.062218,0.18125
0.45769,0.2912,0.12534,0.012599,0.013466,0.0058353,0.024979,0.0095537,0.047517,0.011815
0.1287,0.67087,0.13513,0.028362,0.0055127,0.013443,0.013844,0.0041338,0,0
0.0020194,0.0054679,0.013413,0.018817,0.051057,0.10789,0.10343,0.30775,0.29472,0.095448
0,4.1913e-05,0,0,0.013452,0.015465,0.0083025,0.0049268,0.13909,0.81873
0.019048,0.0021162,0.011059,0.057793,0.31497,0.1909,0.36388,0.037157,0.0030741,0
0,0,0,0.0052709,0.017741,0.024818,0.011542,0.0072656,0.018873,0.91449
0.41602,0.28873,0.075193,0.012271,0.079445,0.012273,0.010733,0.031519,0.053554,0.020263
0.87963,0.062273,0.008333,0.0010371,0.035635,0.0030821,0.0096723,0,0,0.0003353
0.19738,0.6381,0.048427,0.062209,0.032952,0.016563,0.0010846,0.0026139,0.00025315,0.00041871
0.81522,0.041447,0.085894,0.039433,0.0045121,0.0077187,0.00069384,0.0035329,0.0015516,0
0.016892,0.1318,0.35856,0.14567,0.048487,0.25788,0.032311,0.0023489,0.0020193,0.0040357
0.43191,0.12319,0.06918,0.080681,0.1831,0.088231,0.0067889,0.016927,0,0
0.11055,0.083956,0.032334,0.0047698,0.053899,0.15868,0.089984,0.1445,0.17674,0.14459
0.057188,0.054376,0.12494,0.11922,0.063041,0.12664,0.15681,0.11505,0.093156,0.089577
0.11317,0.076432,0.055111,0.079359,0.16264,0.061515,0.030549,0.05157,0.10273,0.26692
0.067008,0.44908,0.12152,0.060792,0.028711,0.055364,0.070397,0.11346,0.017918,0.015748
0.030067,0.3717,0.25566,0.26164,0.027206,0.017947,0.027605,0,0,0.0081739
0.030817,0.0046237,0.022641,0.0072054,0.083255,0.21781,0.13443,0.18065,0.16843,0.15014
