0.018332,0.013037,0.015937,0.080718,0.14867,0.23494,0.18498,0.26263,0.023163,0.017598
0.015325,0.031221,0.014748,0.03096,0.26006,0.15806,0.34584,0.10563,0.02415,0.014008
0.06049,0.021164,0.037844,0.081926,0.53838,0.15122,0.024524,0.051369,0.014792,0.018293
0.0023492,0.0066732,0.23215,0.081474,0.07482,0.23843,0.24223,0.086291,0.014165,0.02142
0.00904,0.14982,0.38466,0.28046,0.037245,0.036318,0.071603,0.016256,0.013741,0.00085103
0.012395,0.03518,0.015112,0.034952,0.086823,0.21514,0.062085,0.19342,0.27529,0.069607
0.043696,0.025113,0.021434,0.059889,0.065559,0.11313,0.19799,0.36586,0.075228,0.032106
0.12413,0.096967,0.099769,0.13321,0.21651,0.056715,0.094909,0.078088,0.049665,0.050034
0.059313,0.10313,0.20123,0.049895,0.064092,0.085036,0.025719,0.017861,0.20536,0.18836
0,0.0081668,0.036473,0.012153,0.027555,0.07158,0.16383,0.41471,0.16024,0.10529
0.11449,0.12365,0.11141,0.19053,0.25141,0.067614,0.034007,0.036628,0.042512,0.027758
0.029942,0.035113,0.12468,0.35128,0.21308,0.049867,0.067678,0.058599,0.019403,0.050349
0.26039,0.13376,0.27712,0.0939,0.096517,0.044803,0.02209,0.012687,0.036021,0.022708
0.023697,0.012738,0.032029,0.0572,0.090341,0.1278,0.22623,0.21029,0.16838,0.051305
0.06971,0.092354,0.15537,0.13058,0.13998,0.15033,0.038974,0.035798,0.017993,0.16891
0.40165,0.20528,0.043674,0.031012,0.05752,0.076124,0.07475,0.059783,0.044701,0.0055063
0.018719,0.0041713,0.004024,0.03708,0.089356,0.06419,0.21814,0.29833,0.16146,0.10453
0.24494,0.34132,0.26573,0.065521,0.041546,0.023409,0.0081829,0,0.009352,0
0.16452,0.19404,0.070585,0.26888,0.11218,0.037024,0.024724,0.045758,0.077332,0.0049694
0.91287,0.041089,0.017764,0,0.023057,0.0011527,0.0040667,0,0,0
0.0024341,0,0.069317,0.62896,0.27451,0.024519,0.0002629,0,0,0
0.5031,0.27182,0.14561,0.038315,0.026733,0.0099053,0.002023,8.147e-05,0.002409,0
0.030526,0.14758,0.096418,0.042634,0.072738,0.098062,0.22269,0.15515,0.11631,0.017891
0,0,0.0032235,0.00385,0.0018648,0.012754,0.091758,0.30899,0.35375,0.2238
0,0.00023227,0,0.0013916,0.0021169,0.034531,0.025677,0.11194,0.22959,0.59452
0,0,0,0,0.0092057,0.020015,0,0.0028313,0.03251,0.93544
0,0.029221,0.21571,0.32648,0.17705,0.20061,0.030565,0.018672,0.0012976,0.00039289
0.0021879,0,0,0.0051284,0.013538,0.056692,0.44565,0.46841,0.0083907,0
0,0,0,0.0040861,0.009378,0.01459,0.0060624,0.0085848,0.028504,0.92879
0.0016525,0,0.00020802,7.1526e-05,0.0010122,0.045459,0.01749,0.015725,0.070437,0.84795
0.11161,0.2126,0.028943,0.030044,0.26086,0.10551,0.051502,0.10981,0.080484,0.0086364
0.045574,0.11547,0.41664,0.21703,0.16768,0.026535,0.0043402,0.0038718,0.0028618,0
0.88317,0.048489,0.0093781,0.032943,0.022309,0.0030215,0,0,0.00068764,0
0.8657,0.064206,0.0020873,0.00038424,0.040725,0.0062351,0,0.020661,0,0
0.41747,0.27057,0.076394,0.093992,0.092811,0.013049,0.019241,0.0053361,0.0086597,0.0024744
0.13886,0.68076,0.075635,0.032128,0.040853,0.0079996,0.010169,0.005411,0.0042766,0.0039034
0.087351,0.52658,0.18051,0.062757,0.070368,0.021821,0.012567,0.016903,0.016434,0.0047099
0.79645,0.12521,0.030217,0.018712,0.016029,0.0048551,0,0.0050649,0.003456,0
0.054281,0.64758,0.1315,0.074462,0.065301,0.0052675,0.0052618,0.002517,0.0036195,0.010216
0.0047281,0,0.0036468,0.059752,0.36743,0.43563,0.11981,0.0059734,0.0030341,0
0,0,0,0,0.0048868,0.02676,0.03026,0.030134,0.27015,0.63781
0.69282,0.12312,0.15594,0.013787,0.006975,0.0061903,0.0011694,0,0,0
0.09076,0.043516,0.028054,0.030729,0.10179,0.28133,0.16263,0.070133,0.056558,0.1345
0.13107,0.074637,0.069098,0.040467,0.084492,0.048053,0.17189,0.17212,0.09312,0.11505
0.018539,0.049,0.052464,0.15467,0.1157,0.10182,0.31276,0.087867,0.038375,0.068806
0.045272,0.044874,0.087036,0.024968,0.070427,0.12044,0.11464,0.26487,0.10569,0.12179
0.074463,0.045234,0.024996,0.0060372,0.054791,0.065241,0.082048,0.11214,0.28792,0.24713
0.060096,0.17569,0.059859,0.1127,0.12883,0.082894,0.042366,0.10143,0.17826,0.057882
0.046638,0.24844,0.090052,0.098659,0.099935,0.10282,0.069197,0.20311,0.029402,0.01175
0.35853,0.21036,0.27806,0.082348,0.020222,0.015265,0.0047419,0.025682,0.00062649,0.0041675
0.18463,0.34994,0.28652,0.15044,0.0089399,0.0060962,0.0044281,0,0,0.0090028
0.11722,0.057734,0.019855,0.022245,0.0079002,0.041993,0.037012,0.31766,0.19129,0.18709
0.041121,0.20295,0.12669,0.072882,0.053116,0.11033,0.17061,0.078769,0.10608,0.037447
0.013964,0,0,0,0.0052917,0.44724,0.17798,0.23779,0.11434,0.0033939
0.0094513,0.0025245,0.0036946,0.011258,0.027986,0.05597,0.15795,0.38426,0.33183,0.01508
