0.23269,0.097724,0.09992,0.10205,0.09563,0.12223,0.066554,0.048816,0.05241,0.081979
0.013394,0.1018,0.047844,0.042535,0.034301,0.15042,0.12548,0.11614,0.17805,0.19003
0.0031995,0.00072458,0.00057063,0.0046297,0.014174,0.063386,0.12056,0.25305,0.47012,0.069585
0.0044765,0.0050526,0,0.045575,0.56964,0.15625,0.093282,0.046764,0.027242,0.051717
0.0013678,0,0.0013013,0.0026635,0.018608,0.10963,0.45877,0.23095,0.10576,0.070948
0.02114,0.53005,0.34997,0.058164,0.038312,0.0015027,0,0.00086263,0,0
0.0041915,0,0.0041062,0.0066345,0.020023,0.040537,0.04337,0.015705,0.2236,0.64183
0,0.0013583,0.022068,0.62034,0.33455,0.017675,0,0,0,0.0040109
0.24498,0.15138,0.17996,0.10391,0.025681,0.021462,0.012483,0.035533,0.11906,0.10556
0.065646,0.009114,0.17192,0,0,0.0051756,0.0015239,0.031932,0.13586,0.57883
0.028863,0.10334,0.26971,0.10865,0.051744,0.15901,0.016045,0.24032,0.0039833,0.018335
0.0044247,0.0095745,0.0090239,0.03818,0.084201,0.18174,0.22403,0.21775,0.21233,0.018741
0.076395,0.053849,0.073737,0.17429,0.15269,0.18514,0.12479,0.06269,0.028201,0.068215
0.027872,0.1298,0.1417,0.072499,0.21326,0.067035,0.19478,0.070295,0.047416,0.035332
0.042231,0.027235,0.091084,0.067456,0.1589,0.046541,0.084019,0.117,0.29938,0.066161
0.022859,0.024344,0.03276,0.10667,0.1296,0.31516,0.11992,0.093502,0.082983,0.072195
0.047008,0.028939,0.10009,0.33056,0.15322,0.076492,0.10904,0.071205,0.049492,0.033947
0.17732,0.12449,0.066338,0.083197,0.31117,0.15325,0.061582,0.0074754,0.0086324,0.0065457
0.0061145,0.0050542,0.02149,0.19068,0.18483,0.21128,0.16274,0.08391,0.082706,0.051194
0.087666,0.079361,0.083643,0.088295,0.20432,0.11028,0.23643,0.056288,0.029683,0.02404
0.017716,0.038196,0.079513,0.37744,0.24728,0.14103,0.023911,0.060633,0.007526,0.0067493
0.086905,0.049055,0.030029,0.070395,0.087349,0.43065,0.17368,0.023047,0.014125,0.034763
0.041428,0.030458,0.028421,0.033519,0.083924,0.085426,0.11835,0.15498,0.16354,0.25995
