0.16036,0.051476,0.011794,0.022647,0.016023,0.11474,0.062484,0.11468,0.17212,0.27368
0.070403,0.027123,0.014923,0.079753,0.11716,0.18553,0.077192,0.1462,0.17342,0.10829
0.257,0.027398,0.007978,0.0062613,0.024158,0.016106,0.020708,0.066131,0.20888,0.36538
0.018921,0.0068407,0.49313,0.32189,0.14457,0.0021497,0,0.0082479,0.0027161,0.0015284
0.0267,0.0017124,0.0014341,0.028283,0.10663,0.10716,0.28794,0.25957,0.17801,0.0025628
0.036064,0.037581,0.042458,0.068936,0.3538,0.22578,0.031079,0.046782,0.069697,0.08782
0.064938,0.082924,0.070806,0.055632,0.21659,0.16906,0.07859,0.063046,0.056941,0.14147
0.089292,0.040708,0.034923,0.12381,0.17896,0.15039,0.10201,0.071365,0.14522,0.06332
0.1013,0.19637,0.10466,0.12711,0.21924,0.15043,0.050948,0.024232,0.023441,0.0022819
0.053393,0.025614,0.0033199,0.0052734,0.012101,0.021056,0.058787,0.020142,0.36747,0.43284
0.13741,0.0024012,0.0027906,0.011877,0.038669,0.020526,0.042406,0.027815,0.30192,0.41419
0.15408,0.11594,0.10843,0.019804,0.021525,0.1333,0.0348,0.069378,0.17808,0.16467
0.082612,0.12805,0.087022,0.10996,0.047275,0.060763,0.068057,0.060333,0.20287,0.15305
0.032023,0.047696,0.6792,0.18608,0.013181,0.0068233,0.018699,0.016005,0,0.00029986
0.48757,0.1915,0.025684,0.015925,0.02851,0.050139,0.034545,0.042048,0.045942,0.078133
0.0011919,0.048726,0.060252,0.025471,0.00056929,0.004916,0.029469,0.027649,0.086807,0.71495
0.09405,0.076949,0.037181,0.024362,0.053035,0.054888,0.16659,0.060349,0.15334,0.27926
0.16966,0.13453,0.059207,0.045066,0.14683,0.09931,0.049743,0.11581,0.116,0.063854
0.21452,0.11372,0.0068862,0.0019988,0,0.016749,0.072411,0.07601,0.31315,0.18455
0.29173,0.14841,0.12781,0.17015,0.05527,0.030347,0.045757,0.038738,0.06415,0.027645
0.014551,0.051872,0.0077179,0.085701,0.076309,0.039452,0.13452,0.38512,0.18331,0.021442
0.15707,0.20071,0.14939,0.17837,0.11908,0.010336,0.015027,0.03033,0.052297,0.087385
0.1156,0.21697,0.14494,0.025132,0.044891,0.081899,0.056081,0.12958,0.12876,0.056155
0.38541,0.064328,0.064268,0.11196,0.072156,0.10648,0.061406,0.05137,0.029288,0.053335
0.0041447,0.10004,0.028737,0.026208,0.012149,0.020857,0.040767,0.14104,0.36443,0.26162
