0.033891,0.043838,0.039571,0.10805,0.30568,0.13106,0.077659,0.076426,0.060148,0.12368
0.067259,0.080459,0.11135,0.13299,0.22221,0.23007,0.08738,0.013139,0.030018,0.025125
0.046075,0.039698,0.077625,0.17426,0.28175,0.19147,0.078841,0.043909,0.029316,0.037059
0.011127,0.10462,0.095193,0.096708,0.18277,0.17645,0.15843,0.092917,0.060666,0.021119
0.026424,0.0025797,0.053088,0.062634,0.1541,0.45328,0.11684,0.10669,0.0086699,0.015694
0.053579,0.099669,0.073495,0.067476,0.10881,0.073211,0.12114,0.11713,0.22861,0.056882
0.056916,0.071119,0.059268,0.28173,0.14756,0.074953,0.14087,0.056386,0.08797,0.023221
0.010113,0.022674,0.08312,0.1477,0.10395,0.20465,0.18462,0.16887,0.042405,0.031895
0.13552,0.053435,0.060928,0.13244,0.1693,0.061614,0.15643,0.10527,0.061504,0.063562
0.082995,0.05032,0.060415,0.033307,0.062636,0.25526,0.20549,0.085793,0.10147,0.06231
0.21289,0.29898,0.1583,0.028057,0.099002,0.047903,0.043195,0.034515,0.039019,0.038138
0.18593,0.12263,0.039632,0.1197,0.11647,0.2074,0.18571,0.017922,0.0046084,0
0.20865,0.09385,0.27127,0.29393,0.13083,0.0014698,0,0,0,0
0.18959,0.805,0.0038573,0,0.0015499,0,0,0,0,0
0.0023872,0.021207,0.073017,0.21853,0.26716,0.12536,0.10064,0.1579,0.033794,0
0.28304,0.034318,0.044322,0.061122,0.12485,0.081055,0.17444,0.15581,0.021804,0.019247
0.72766,0.092815,0.029682,0.026637,0.043897,0.0049264,0.02901,0.010017,0.0068845,0.028471
0.22879,0.050488,0.039549,0.11607,0.058483,0.055782,0.031555,0.041506,0.15805,0.21972
0.36391,0.033505,0.054117,0.17615,0.13511,0.036999,0.019371,0.023819,0.079993,0.077022
0.058588,0.12309,0.23011,0.081813,0.074336,0.091428,0.22818,0.082485,0.012528,0.017436
0.061417,0.026183,0.041984,0.10244,0.23477,0.14561,0.10882,0.045612,0.11399,0.11917
0,0.025787,0.0056515,0.0093784,0.038729,0.084243,0.11912,0.096699,0.2985,0.32189
0,0.0093031,0.018767,0.052825,0.026677,0.18457,0.049157,0.069681,0.39284,0.19617
0.18279,0.041778,0.0039501,0.027982,0.08025,0.052341,0.1781,0.032698,0.11834,0.28177
0.34064,0.29115,0.09088,0.073494,0.11831,0.040783,0.0020176,0.024383,0.013445,0.0048955
0.014293,0.0057802,0.086458,0.20434,0.060575,0.24642,0.17901,0.074752,0.06131,0.067055
0.49322,0.42797,0.025242,0.0076165,0.016702,0.01468,0,0.0058723,0.0054268,0.0032726
0.011397,0,0,0.0021336,0.013699,0.0095215,0.14553,0.11884,0.5864,0.11248
0.042467,0.12243,0.25462,0.096436,0.037517,0.29342,0.058924,0.035851,0.056957,0.0013714
0.028769,0,0.040487,0.056436,0,0.096786,0.044601,0.22971,0.38835,0.11485
0.7497,0.13329,0.0035177,0.021296,0.03352,0.016986,0.011196,0,0.019617,0.010877
0.030669,0.3363,0.24761,0.12982,0.097193,0.066093,0.017884,0.0083641,0.041013,0.02505
0.14036,0.06384,0.18395,0.13926,0.25658,0.07186,0.028231,0.095036,0.010054,0.01084
0.0056321,0.043142,0.0010903,0,0.025677,0.14354,0.10316,0.4739,0.1601,0.043759
0.049485,0.01275,0.092676,0.06152,0.025499,0.036979,0.060506,0.066865,0.54153,0.052192
0.0044754,0.027481,0.47034,0.43862,0.04136,0.0044917,0.0065698,0,0.0028536,0.0037992
0.1414,0.32479,0.19239,0.13054,0.070595,0.042634,0,0.066755,0.01373,0.017169
0.015209,0,0,0.0014406,0.026137,0.040978,0.034578,0.18505,0.6859,0.010709
0.049105,0.26656,0.15312,0.070932,0.1611,0.19542,0.041576,0.022239,0.032836,0.007112
