0.002585,0.076519,0.40175,0.44879,0.025329,0.0068046,0.00063226,0.0012972,0.023298,0.012993
0.001708,0.0019822,0.026772,0.25325,0.45041,0.25498,0.0016877,0,0.0036876,0.0055183
0.55592,0.307,0.045971,0.033843,0.029983,0.02631,0,0,0.00047553,0.00049643
0.0083165,0.0049029,0.0016261,0.040864,0.15605,0.10291,0.24699,0.21152,0.12999,0.096822
0.24824,0.14805,0.075058,0.026629,0.017439,0.060205,0.079784,0.15101,0.079845,0.11374
0.3869,0.20078,0.10027,0.041866,0.057754,0.058955,0.026783,0.051855,0.060193,0.014653
0.0083143,0,0.00018679,0.0036859,0.020744,0.23266,0.38654,0.26941,0.06472,0.013742
0.0040622,0.049443,0.20748,0.17045,0.19422,0.2093,0.097115,0.026638,0.0185,0.022794
0.023326,0.040622,0.35826,0.11784,0.067388,0.063204,0.059029,0.19433,0.065595,0.010417
0.23922,0.11921,0.12897,0.085795,0.106,0.062091,0.062838,0.097726,0.077204,0.020944
0.040619,0.034767,0.052453,0.032875,0.051017,0.21282,0.17527,0.22236,0.12031,0.057504
0.058214,0.04692,0.1195,0.065455,0.073522,0.052012,0.10547,0.12503,0.17252,0.18135
0.089984,0.051079,0.022394,0.10093,0.1525,0.085811,0.12433,0.10278,0.10613,0.16406
0.031183,0.043579,0.050548,0.16606,0.078123,0.18983,0.13614,0.1753,0.079796,0.049441
0.018609,0.015842,0.033622,0.18997,0.25134,0.085343,0.1021,0.17543,0.074074,0.053655
0.071184,0.13243,0.25174,0.1303,0.1167,0.041533,0.10291,0.049499,0.031664,0.072048
0.063885,0.1494,0.49266,0.042349,0.05246,0.089084,0.051278,0.0089976,0.023479,0.026406
0.12653,0.2104,0.2794,0.060414,0.087949,0.076268,0.081606,0.014823,0.039275,0.023334
0.16433,0.084924,0.038797,0.13079,0.38037,0.087745,0.10237,0.0015062,0.0081053,0.0010623
0.0032192,0.081658,0.064692,0.12146,0.29182,0.1054,0.12955,0.069932,0.069379,0.062898
0.0066814,0.068755,0.065267,0.034067,0.14945,0.19913,0.18654,0.084546,0.10972,0.09585
0.017528,0.080183,0.047315,0.16198,0.21071,0.092034,0.086894,0.087483,0.072304,0.14357
0.0065038,0.024481,0.044389,0.074053,0.20914,0.14527,0.081767,0.15202,0.16602,0.096361
0.094115,0.084238,0.07171,0.077892,0.13066,0.17312,0.15594,0.072911,0.13275,0.0066575
0.035501,0.15277,0.26678,0.20348,0.14194,0.18933,0.0065949,0,0,0.0035995
0.010171,0.034433,0.12264,0.12981,0.18958,0.17696,0.2337,0.0080074,0.088258,0.0064545
0.10464,0.079763,0.26442,0.078673,0.10532,0.11552,0.20683,0.014611,0.02842,0.0017955
0.026062,0.090499,0.090452,0.055384,0.11572,0.15329,0.28203,0.053696,0.043181,0.089686
0.10138,0.090422,0.15103,0.080504,0.13156,0.24658,0.10596,0.048463,0.025223,0.018881
0.051546,0.047836,0.070798,0.12483,0.17564,0.30401,0.062034,0.055076,0.059899,0.048339
0.051617,0.082531,0.075788,0.11665,0.34539,0.20375,0.055809,0.043999,0.01088,0.013592
0.085864,0.056885,0.057005,0.06873,0.21421,0.29014,0.10207,0.034624,0.036981,0.053482
0.11612,0.064719,0.030163,0.039963,0.075119,0.13492,0.20685,0.12404,0.11418,0.093925
0.17078,0.30447,0.11555,0.13049,0.1976,0.057591,0.0016564,0.011149,0.0077191,0.0029804
0.1648,0.76061,0.037304,0.022621,0.0061618,0.00030793,0,0.0036803,0.0045197,0
