0.0065272,0.0051665,0.21878,0.38614,0.35658,0.01628,0.0011566,0.0022944,0,0.0070706
0.035407,0.556,0.18845,0.061268,0.037526,0.077988,0.029124,0.010981,0.0013929,0.0018651
0.3412,0.16861,0.095194,0.045665,0.034902,0.048191,0.064051,0.040273,0.053107,0.1088
0.008112,0.0047543,0.0026325,0.044706,0.1813,0.19312,0.40452,0.093737,0.052167,0.014944
0.07022,0.31757,0.16322,0.022086,0.057421,0.072301,0.042647,0.083392,0.038473,0.13267
0.041913,0.12218,0.078692,0.035696,0.062129,0.050355,0.11477,0.1834,0.1156,0.19527
0.055016,0.022288,0.061734,0.11792,0.045374,0.077462,0.14261,0.16982,0.21302,0.094755
0.034748,0.029513,0.047157,0.20072,0.16933,0.12105,0.19973,0.091913,0.061473,0.044368
0.082389,0.13006,0.25772,0.089658,0.092006,0.12616,0.068782,0.0573,0.067436,0.028491
0.11773,0.07738,0.055983,0.1269,0.2781,0.13359,0.11712,0.058994,0.016278,0.017926
0.015084,0.034093,0.059893,0.0629,0.16168,0.247,0.16112,0.098516,0.10045,0.059264
0.13161,0.040639,0.042773,0.054978,0.19256,0.20268,0.19742,0.033584,0.066473,0.037292
0.033746,0.11822,0.12286,0.18409,0.1882,0.21061,0.085988,0.019252,0.015677,0.021354
0.050126,0.16054,0.084543,0.070519,0.13298,0.16099,0.25779,0.03342,0.014271,0.034823
0.10591,0.05799,0.070862,0.1713,0.20022,0.19412,0.055925,0.068788,0.017868,0.057021
0.044768,0.041647,0.029513,0.10703,0.31414,0.22743,0.099214,0.03761,0.052614,0.046025
0.17208,0.091655,0.057334,0.064074,0.071956,0.2022,0.11115,0.070645,0.11605,0.042856
