0.72631,0.1926,0.036365,0.01456,0.0248,0,0.0012634,0.00063342,0.00072511,0.0027496
0.019338,0.027025,0.036622,0.05683,0.092763,0.082261,0.30343,0.19648,0.072143,0.11311
0.047417,0.066092,0.22795,0.17549,0.23739,0.15515,0.060308,0.030207,0,0
0.12835,0.074157,0.064267,0.10839,0.10995,0.25074,0.1156,0.0744,0.053448,0.020696
0.032062,0.053076,0.15322,0.16968,0.056092,0.075892,0.050629,0.11953,0.12514,0.16467
0.078134,0.09578,0.11823,0.084214,0.085824,0.12888,0.083204,0.15768,0.11985,0.048213
0.16617,0.31583,0.0816,0.053198,0.067404,0.066397,0.036928,0.11038,0.089781,0.012307
0.023845,0.082805,0.013966,0.031131,0.090859,0.24027,0.20801,0.12102,0.063477,0.12462
0.078756,0.03844,0.038167,0.045367,0.048642,0.22189,0.24758,0.19626,0.067643,0.017258
0.0082105,0.015548,0.069962,0.11774,0.10401,0.25509,0.19948,0.11189,0.085697,0.032374
0.0010797,0.0020995,0.0034078,0.030243,0.12306,0.17337,0.093626,0.23007,0.10465,0.23839
0.10705,0.025167,0.064819,0.12015,0.086005,0.066285,0.1118,0.091797,0.075223,0.25171
0.12583,0.021202,0.012576,0.019948,0.16872,0.28054,0.10443,0.061029,0.11191,0.093817
0.20102,0.22674,0.19737,0.056021,0.057352,0.033327,0.047213,0.027373,0.021517,0.13207
0.30151,0.48545,0.049506,0.040157,0.048627,0.027894,0.0061427,0.018695,0.018279,0.0037355
0.14848,0.24508,0.23483,0.067356,0.077787,0.055563,0.043787,0.044993,0.031129,0.051001
0,0,0,0.0029466,0.0047498,0.0067253,0.057649,0.38864,0.26646,0.27284
0.07119,0.37987,0.32676,0.060724,0.10102,0.022543,0.010038,0.011986,0.013259,0.0026096
0.95258,0.042764,0.0033116,0.00056296,0.00064249,0,0,5.0363e-05,8.7373e-05,0
0.16144,0.3125,0.36264,0.13003,0.017174,0.003341,0.010031,0,0.0010482,0.0017929
0.28127,0.31993,0.17132,0.070389,0.087028,0.043276,0.0056311,0.0084011,0.0042822,0.0084742
0.099889,0.33302,0.23702,0.13169,0.13123,0.015522,0.0043706,0.01414,0.020924,0.012193
0.051012,0.1284,0.31373,0.28734,0.13231,0.041394,0.0058,0.02699,0.0055447,0.0074951
