0.009906,0.037705,0.19126,0.23573,0.15875,0.091065,0.1071,0.044242,0.072969,0.051267
0.022059,0.030488,0.10835,0.14652,0.11589,0.12336,0.065381,0.12404,0.1689,0.095015
0.0069765,0.032486,0.059353,0.21907,0.22595,0.030149,0.066628,0.18763,0.1365,0.035255
0.0074046,0,0.063494,0.14037,0.13834,0.06787,0.28788,0.12595,0.12677,0.041925
0.085489,0.10231,0.13023,0.17704,0.18223,0.14115,0.078396,0.053635,0.027449,0.022074
0.07314,0.056763,0.060808,0.12869,0.23728,0.074253,0.084431,0.072938,0.13464,0.077052
0.026138,0.084087,0.16476,0.07295,0.12394,0.30299,0.16229,0.025601,0.031083,0.0061535
0.021145,0.049129,0.034753,0.13894,0.15868,0.21419,0.21796,0.10168,0.01768,0.045847
0.013705,0.053661,0.074221,0.068315,0.17662,0.19187,0.10364,0.20441,0.091584,0.021969
0.080132,0.070673,0.036936,0.041207,0.11183,0.20194,0.16689,0.21033,0.037345,0.042717
0.051887,0.032153,0.047135,0.062323,0.31834,0.17305,0.18682,0.078046,0.031251,0.018992
0.0037265,0.053945,0.2378,0.263,0.3743,0.053853,0.0037234,0.0031246,0.001693,0.0048264
0.061504,0.054804,0.18385,0.17089,0.18452,0.066125,0.015659,0.034945,0.031225,0.19648
0.072989,0.38298,0.090603,0.12693,0.11438,0.13017,0.014632,0.056705,0.0041669,0.0064503
0.14816,0.14618,0.22227,0.29606,0.12176,0.016202,0.012865,0.017145,0.006211,0.013153
0.023964,0.032671,0.032192,0.11893,0.14482,0.22784,0.083491,0.14507,0.072262,0.11876
0.34916,0.073252,0.038446,0.048223,0.116,0.16912,0.15373,0.016581,0.0064396,0.029057
0.0025228,0.00046412,0.0010865,0.020461,0.006648,0.038575,0.18287,0.38425,0.030004,0.33312
0.0022359,0.032386,0.060006,0.28591,0.10602,0.11596,0.055629,0.14569,0.092472,0.10369
0.090635,0.59332,0.20833,0.025575,0.037139,0.010526,0.016669,0.0051985,0.010259,0.0023474
0.021876,0.33822,0.13312,0.12152,0.069476,0.044151,0.076564,0.02676,0.10377,0.064537
0.011737,0,0.02973,0.095698,0.053586,0.092304,0.19293,0.088161,0.34275,0.093098
0.21203,0.18402,0.029396,0.030207,0.17598,0.12421,0.020081,0.095083,0.074758,0.05423
0.036235,0.012077,0.019006,0.16876,0.72515,0.0097742,0.010287,0.0092093,0.004089,0.0054132
0.057655,0.1158,0.01129,0.012684,0.14462,0.12066,0.0489,0.29197,0.13584,0.060574
0.61748,0.20297,0.061303,0.0069466,0.0048525,0,0.0012839,0.023237,0.038807,0.043115
0.025281,0,0.0014948,0,0.26248,0.03218,0.022981,0.081769,0.36743,0.20638
0.013885,0,0.0076645,0.0035627,0.11678,0.34643,0.48988,0.021161,0.00064362,0
0.020706,0.028234,0.077502,0.016163,0.10168,0.17209,0.022241,0.2712,0.23409,0.056101
0.0056055,0,0.055619,0.065824,0.0188,0.09429,0.063478,0.12431,0.45598,0.11609
0.0068238,0,0,0,0.029326,0.0011587,0.023375,0.37875,0.28268,0.27788
0.0089672,0.0054879,0.011767,0.03251,0.075315,0.15716,0.23709,0.095617,0.26726,0.10883
0,0,0,0.0067471,0,0.0054246,0.0028518,0.019034,0.4735,0.49244
0.025371,0.089364,0.19915,0.61887,0.032164,0.014368,0.013099,0.0014965,0,0.0061121
0.2045,0.065475,0.30319,0.15486,0.25842,0.008441,0,0.0018676,0.0032511,0
0.8474,0.1526,0,0,0,0,0,0,0,0
0,0.042557,0.0054527,0.050178,0.17104,0.22333,0.034308,0.20501,0.074924,0.1932
0.011989,0.051719,0.13537,0.19423,0.35931,0.19673,0.012148,0.0080482,0.006678,0.023771
0.18814,0.34534,0.41776,0.0015458,0.024812,0.0011234,0.021282,0,0,0
0.34454,0.25718,0.22748,0.16834,0,0.0024656,0,0,0,0
0.56994,0.38436,0.043235,0.0024665,0,0,0,0,0,0
0.93533,0.011063,0.0012662,0.012852,0.016297,0.018109,0,0,0.00081462,0.0042631
0.93819,0.017339,0.011084,0.020404,0.002981,0,0.0039474,0.004285,0.0017741,0
0.94177,0.019999,0.0017736,0.0042867,0.022398,0,0.009775,0,0,0
0.050503,0.11553,0.084561,0.13721,0.088938,0.15679,0.28167,0.022187,0.0043005,0.058306
0.012702,0.013075,0.030845,0.0077143,0.031423,0.020771,0.037113,0.037366,0.4069,0.40209
0,0.0073804,0.0024707,0.0050361,0.0048742,0,0.00076,0.0038252,0.02245,0.9532
0.53231,0.34435,0.036613,0.021316,0.012417,0.0019065,0,0.00043443,0.0071781,0.043476
0.66101,0.09329,0.055227,0.033997,0.033853,0.030105,0.038845,0.01106,0.034084,0.0085279
0.0033793,0.013913,0.019288,0.011215,0.25367,0.053911,0.2716,0.335,0.019886,0.018147
0.0032417,0.025584,0.016306,0.030312,0.18967,0.078072,0.088463,0.1655,0.36022,0.042634
0,0.012208,0.025171,0.017944,0.052265,0.22812,0.52483,0.094602,0.027424,0.017436
0,0.0023664,0.0024443,0.012355,0.026496,0.050877,0.039661,0.30484,0.53151,0.029453
0.018163,0.020236,0.086468,0.073737,0.40164,0.2672,0.11469,0.012692,0.0031321,0.0020429
0.2865,0.2738,0.057967,0.12777,0.13658,0.049604,0.060633,0.0024947,0.0012294,0.0034207
0.024293,0.45351,0.36152,0.07771,0.027637,0.014056,0.013633,0.0039208,0.021495,0.0022218
0,0.017585,0,0,0.00095798,0.0011344,0.010875,0.028303,0.13763,0.80351
0.00085717,0.0084517,0.015464,0,0.0015397,0.0017126,0.0055717,0.028607,0.14579,0.79201
0.11255,0.69253,0.055456,0.022322,0.014349,0.014429,0.024991,0.058725,0.0046562,0
0.45153,0.076234,0.029397,0.013989,0.0303,0.0064186,0.079062,0.051948,0.17195,0.089169
0.60754,0.11004,0.057234,0.024596,0.035587,0.014711,0.1007,0.0034523,0.0087472,0.037391
0.12141,0.34762,0.27448,0.052942,0.042142,0.065592,0.022095,0.056377,0.0023224,0.015015
0.51808,0.15793,0.057344,0.024771,0.013655,0.0035803,0.0311,0.013588,0.1217,0.05825
0.022436,0.049416,0.0097665,0.01934,0.084587,0.14926,0.085178,0.11755,0.23616,0.22631
0.025247,0.09698,0.059736,0.0078488,0.0049707,0.031807,0.10408,0.1512,0.23586,0.28227
0.048319,0.013219,0.012216,0.0044373,0.033788,0.2548,0.33602,0.13303,0.095824,0.068344
0.070171,0.02909,0.061525,0.0361,0.082687,0.04385,0.060247,0.14156,0.072582,0.40218
0,0.011006,0.023052,0.20696,0.31954,0.14971,0.28307,0.0021762,0.0044867,0
0.024417,0.085251,0,0.010969,0.0074201,0.071066,0.14355,0.28288,0.17849,0.19595
0,0,0.027889,0.0054791,0.013177,0.019758,0.045711,0.21719,0.48832,0.18248
0.027806,0.11423,0.22967,0.31497,0.17165,0.032363,0.019482,0.038705,0.049438,0.0016843
0.22721,0.24782,0.3334,0.14036,0.022093,0.0047864,0.011364,0.012004,0.00096294,0
0.39939,0.50807,0.04368,0.011257,0.025778,0,0.00049361,0.0028375,0.0034288,0.0050634
0.0095506,0.026978,0.044118,0.025197,0.24164,0.18123,0.14874,0.085192,0.051164,0.18619
0.010156,0.0023838,0.036105,0.037492,0.1285,0.37348,0.34347,0.026824,0.036771,0.004824
