0.0088329,0.036545,0.023324,0.40574,0.25051,0.12872,0.008936,0.044838,0.039297,0.053261
0.0028828,0.016542,0.016263,0.01635,0.033613,0.066148,0.12291,0.23475,0.19749,0.29305
0.05698,0.031758,0.013976,0.020517,0.026236,0.10976,0.19419,0.094434,0.10742,0.34472
0.09709,0.011704,0.014447,0.023073,0.032121,0.033802,0.22757,0.37742,0.15024,0.03253
0.09662,0.22971,0.21103,0.069904,0.078402,0.099194,0.071539,0.022309,0.097474,0.023823
0.15686,0.22755,0.089857,0.11924,0.11978,0.1045,0.059597,0.073692,0.041238,0.0076841
0.053645,0.12555,0.17735,0.17222,0.12449,0.13471,0.10491,0.062163,0.021986,0.022973
0.0068112,0.020216,0.15173,0.050916,0.034661,0.027401,0.038723,0.23534,0.33643,0.097772
0.0033342,0.034807,0.0062309,0.039909,0.038997,0.044525,0.57353,0.14531,0.027317,0.086034
0.076233,0.019612,0.045425,0.037208,0.023719,0.030353,0.060517,0.37648,0.18919,0.14127
0.043284,0.018271,0.058058,0.21598,0.15346,0.18636,0.097535,0.085614,0.058498,0.082939
0.01116,0.015992,0.025294,0.038126,0.086462,0.14006,0.22854,0.20833,0.086415,0.15963
0.038136,0.11192,0.13393,0.15993,0.10598,0.076094,0.15449,0.090399,0.10321,0.025903
0.067809,0.014711,0.046031,0.014669,0.14523,0.19244,0.25456,0.074477,0.10438,0.085699
0.081533,0.052567,0.032137,0.16209,0.26664,0.24467,0.039815,0.056037,0.034591,0.029917
0.056819,0.059495,0.091974,0.17024,0.20803,0.18918,0.1208,0.024463,0.036529,0.042469
0.1513,0.2202,0.14377,0.14024,0.19525,0.050547,0.017481,0.045386,0.015128,0.020703
0.088129,0.056445,0.1216,0.075029,0.063282,0.073101,0.059363,0.1452,0.15097,0.16688
0.08165,0.010141,0.017713,0.0035225,0.010748,0.020327,0.21914,0.12356,0.1586,0.35459
0.34617,0.029476,0.016252,0.0078177,0.018805,0.022655,0.061678,0.11135,0.095477,0.29032
0.083993,0.0371,0.059272,0.023416,0.087885,0.085402,0.074876,0.033244,0.23256,0.28225
0.45567,0.15668,0.13261,0.13664,0.036739,0.0041574,0.0053752,0.015152,0.0047287,0.052241
0.44328,0.12458,0.068129,0.074367,0.064747,0.036931,0.043646,0.020057,0.10248,0.021782
0.088276,0.0038737,0.026351,0.069495,0.033827,0.15933,0.28326,0.2949,0.018192,0.022498
0.209,0.5469,0.078844,0.025778,0,0.015658,0.013338,0.01534,0.030661,0.064482
0.54409,0.054463,0.042351,0.059775,0.06625,0.031379,0.028925,0.088011,0.030068,0.054684
0.0003809,0.023184,0.040041,0.033146,0.23265,0.2004,0.15212,0.14618,0.060645,0.11125
0.00036839,0.0096506,0.0064131,0.00085457,0.0045726,0.014518,0.01037,0.47531,0.46012,0.01782
0.00097466,0.00052262,0.00062416,0,0.0010389,0.0020817,0.017057,0.017599,0.45945,0.50065
0.42993,0.164,0.089658,0.020794,0.018932,0.046422,0.029782,0.068492,0.075865,0.056125
0.022027,0.049908,0.32322,0.26423,0.088042,0.011963,0.03006,0.05505,0.072191,0.083305
0.1358,0.033359,0.061484,0.082175,0.07004,0.073687,0.12398,0.16672,0.1066,0.14616
0.044065,0.062916,0.023292,0.12529,0.097383,0.094359,0.066906,0.10971,0.14981,0.22627
0.047595,0.035021,0.14817,0.31889,0.099574,0.025459,0.058553,0.045465,0.11058,0.11069
0.005621,0.099279,0.19333,0.11559,0.10324,0.071283,0.029051,0.050421,0.061128,0.27105
0.0052694,0.0021565,0.00026604,0.0011818,0.0012486,0.090244,0.14304,0.16903,0.4419,0.14567
0.018801,0.0067358,0.0093019,0.0085858,0.022592,0.021778,0.00054908,0.025563,0.13126,0.75484
