0.023413,0.013772,0.0083345,0.010458,0.047145,0.75184,0.039948,0.080547,0.0010622,0.023485
0.00067126,0.034337,0.42011,0.21787,0.16902,0.040081,0.00059629,0.0073803,0.015798,0.094139
0.10896,0.022776,0.057446,0.057924,0.097628,0.086108,0.20941,0.16508,0.086666,0.108
0.034637,0.029108,0.0010751,0.010752,0.01543,0.019212,0.02028,0.20913,0.32332,0.33706
0.0014244,0.014575,0.0045698,0.024525,0.13445,0.10688,0.11723,0.067646,0.20745,0.32125
0,0.0081751,0.0041091,0.011415,0.0012784,0.031552,0.16325,0.24404,0.4863,0.04988
0.050235,0.050729,0.11505,0.021286,0.027767,0.22084,0.26582,0.21737,0.021106,0.0097887
0.0050074,0.0047069,0.0068119,0.099068,0.19445,0.26611,0.038776,0.09363,0.22065,0.070784
0.14285,0.48476,0.25635,0.075713,0.012183,0.011563,0.00031352,0.0028058,0.0027809,0.010683
0.17288,0.42285,0.24697,0.072079,0.0017484,0.014327,0.0065638,0.016112,0.042331,0.0041372
0.20221,0.32201,0.06879,0.045092,0.11529,0.074155,0.038542,0.08466,0.03366,0.015578
0.1644,0.25611,0.095658,0.06163,0.039128,0.033598,0.13896,0.074664,0.043514,0.092346
0.23877,0.2782,0.31779,0.081539,0.040584,0.028755,0.0026199,0.0013729,0.0043049,0.0060673
0.0066306,0.0061324,0.03806,0.036504,0.021936,0.060165,0.076838,0.41742,0.11352,0.2228
0.03666,0.082535,0.10715,0.015199,0.033066,0.063044,0.02823,0.037799,0.22595,0.37036
0.0076697,0.011138,0.027294,0.073864,0.036105,0.058824,0.039789,0.28139,0.30995,0.15397
0.0040392,0.011875,0.054402,0.018019,0.038646,0.11533,0.63752,0.043583,0.018481,0.058107
0.02725,0.061559,0.027801,0.016965,0.035307,0.048624,0.14775,0.48428,0.10867,0.041798
0.038961,0.004105,0.032386,0.022239,0.020786,0.032155,0.21372,0.44977,0.12138,0.064495
0.3185,0.081788,0.091162,0.047874,0.026166,0.071711,0.096758,0.19169,0.050455,0.0239
0.037222,0.011025,0.062584,0.5747,0.091164,0.02396,0.021585,0.071153,0.076547,0.030059
0.0066285,0.0090534,0.026308,0.2026,0.18632,0.22804,0.15389,0.11164,0.038609,0.036915
0.028375,0.014701,0.020203,0.082111,0.13785,0.167,0.21922,0.17213,0.12406,0.034349
0.0098342,0.02383,0.053682,0.094055,0.24633,0.17148,0.15077,0.089345,0.090087,0.070595
0.0074677,0.0057463,0.037874,0.1992,0.22136,0.11212,0.091167,0.22113,0.04051,0.063428
0.14333,0.13792,0.19363,0.081783,0.055539,0.069386,0.1531,0.079387,0.07074,0.015176
0.036968,0.11915,0.050538,0.12456,0.26133,0.098373,0.021829,0.13637,0.058749,0.092144
0.061266,0.043946,0.057279,0.062433,0.10278,0.20457,0.26715,0.05784,0.064967,0.077779
0.10684,0.10124,0.11743,0.075177,0.15867,0.23592,0.079676,0.027601,0.096701,0.00075033
0.025599,0.028955,0.023192,0.037083,0.16932,0.2687,0.32816,0.080324,0.026867,0.011799
0.015324,0.043075,0.060415,0.098345,0.13474,0.18909,0.21365,0.12655,0.068086,0.050739
0.19665,0.26172,0.1208,0.085668,0.11569,0.076161,0.03469,0.040486,0.046331,0.021802
0.18626,0.17883,0.19532,0.11171,0.16438,0.082827,0.020097,0.01366,0.029959,0.01696
0.089156,0.077727,0.062483,0.067824,0.085212,0.28348,0.14542,0.049353,0.076202,0.063145
0.12838,0.057359,0.036579,0.046433,0.04133,0.037311,0.053121,0.1312,0.22936,0.23893
0.32383,0.25018,0.027866,0.051687,0.066864,0.056135,0.055252,0.042167,0.073656,0.05236
0.065915,0.0096177,0.028073,0.09838,0.11323,0.062512,0.32872,0.068775,0.16065,0.064135
0.013272,0.013426,0.0010306,0.0032737,0.018491,0.029409,0.033917,0.11086,0.099509,0.67681
0,0.0029885,0.010809,0.016932,0.039773,0.3066,0.21683,0.32375,0.071684,0.010633
0.38529,0.023591,0.018027,0.0054082,0.0078541,0.01179,0.058354,0.065832,0.20812,0.21573
0.041051,0.036957,0.0911,0.053792,0.068444,0.11908,0.036488,0.086117,0.12332,0.34365
0.06756,0.07684,0.041776,0.0059085,0.070659,0.073608,0.070621,0.095025,0.18313,0.31487
0.51069,0.20807,0.091682,0.12865,0.04067,0.015575,0,0.00083148,0,0.0038303
0.18371,0.022928,0.081293,0.18766,0.13642,0.025485,0.040413,0.049319,0.057015,0.21576
0.22972,0.30446,0.021075,0.055137,0.067011,0.051655,0.012213,0.048592,0.081741,0.12839
0.42142,0.23831,0.14096,0.097472,0.02545,0.027051,0.023253,0.0061465,0.018361,0.001572
0.071658,0,0.084253,0.057276,0.12351,0.42705,0.17787,0.055314,0.0020953,0.0009748
0.071642,0.0041654,0.017289,0.0008558,0.00029188,0.047613,0.17305,0.086953,0.43692,0.16122
0.011282,0.26372,0.47248,0.035289,0.10098,0.0061247,0.0015317,0.049486,0.024186,0.034921
0.63835,0.33611,0.019808,0.0028175,0,0.0020087,0,0,0.00090107,0
0.54451,0.075094,0.046735,0.002974,0.016708,0.019309,0.020282,0.028814,0.086128,0.15945
0.86534,0.050493,0.0055948,0.010149,0.019548,0.0016884,0.0052257,0.0038331,0.0063725,0.031752
0.77415,0.050126,0.06795,0.017084,0.028237,0.019442,0,0.0047984,0.025378,0.012838
0,0.0090706,0.0075161,0,0.021089,0.022391,0.0078525,0.034559,0.08643,0.81109
0.011792,0.00611,0.004122,0.0070336,0.0062513,0.0080732,0.011333,0.07072,0.52536,0.34921
0,0,0,0.013847,0.022324,0.0046294,0.54799,0.26624,0.071498,0.073478
0.00051258,0.00095837,0.0031944,0,0.0025605,0.018283,0.022907,0.11971,0.50185,0.33002
0.00043849,0,0.0068767,0,0,0.00060481,0.0092343,0.051703,0.1392,0.79195
0.0055099,0.094163,0.33138,0.20849,0.19913,0.096387,0.062543,0.0006401,0,0.0017623
0.6735,0.077518,0.0067917,0.014815,0.033671,0.063522,0.034026,0.023753,0.03131,0.041096
0.039695,0.01764,0.33728,0.31929,0.21005,0.02193,0.0076907,0.036914,0.0025224,0.0069798
0.016195,0.20268,0.23674,0.11977,0.031268,0.032276,0.10916,0.013872,0.095716,0.14232
0.1901,0.068459,0.077284,0.10856,0.071293,0.073588,0.11282,0.043593,0.038288,0.21602
0.060237,0.097319,0.0048314,0.0020944,0.0053686,0.11978,0.14548,0.13886,0.3207,0.10532
0.094625,0.32489,0.16374,0.16292,0.080544,0.00069516,0.055273,0.092978,0.013294,0.011042
0.08521,0.04317,0.0079056,0.031926,0.078708,0.057538,0.11059,0.020959,0.52607,0.037924
0.0081525,0.014499,0.0080857,0.0072057,0.010377,0.17178,0.5203,0.18508,0.069634,0.0048827
0.21181,0.033821,0.073347,0.040228,0.048913,0.02306,0.044411,0.055172,0.10102,0.36821
0.0071442,0.0029333,0.02592,0.011332,0.051098,0.045744,0.1391,0.3012,0.11679,0.29874
0.27207,0.29593,0.047428,0.044733,0.024248,0.017994,0.020407,0.003237,0.1076,0.16634
0.00076978,0,0.0040819,0.090658,0.05416,0.10818,0.1246,0.056274,0.41013,0.15115
0.011089,0.016502,0.0020164,0.00048369,0,0.0014203,0.0019634,0.25887,0.55393,0.15372
0.017959,0.0093618,0.0011089,0.0025621,0,0.021447,0.0010053,0.035621,0.078104,0.83283
0.013189,0.0083785,0.0052225,0.0049277,0.0053448,0.00076037,0.0035319,0.0038765,0.28791,0.66686
0,0.0046082,0,0.0080861,0,0.046738,0.028148,0.020851,0.10985,0.78172
