0,0,0.0094586,0.042468,0.18176,0.30562,0.20919,0.11043,0.046672,0.094391
0.0069484,0,0.012096,0.0048926,0,0.019979,0.02869,0.31748,0.60747,0.0024422
0.47114,0.30504,0.044856,0.070951,0.038485,0.010836,0.017101,0.021655,0.01465,0.0052807
0.011324,0.31261,0.4089,0.13693,0.005867,0.002218,0.032104,0,0.038509,0.051533
0.14577,0.15595,0.094253,0.11871,0.095419,0.31546,0.067606,0.0027335,0.001932,0.0021654
0.0068641,0.0158,0,0,0,0.018326,0.0105,0.016222,0.10976,0.82253
0.0050819,0.60588,0.22157,0.058575,0.0041794,0.0036235,0.0018234,0.059623,0.0078434,0.031803
0.077624,0.037176,0.16372,0.60902,0.10366,0.0064722,0,0,0.0023302,0
0,0,0.00079793,0,0,0,0.0046402,0.029705,0.19628,0.76858
0.0026504,0,0,0.00073896,0.0019117,0.001045,0.0017677,0.0026968,0.060675,0.92851
0.006074,0.0062316,0,0.0018808,0.0051431,0.0091574,0.0045392,0.036296,0.34331,0.58737
0.0085439,0.0087447,0.0081662,0.1541,0.34179,0.26894,0.13086,0.041921,0.027792,0.0091512
0.001092,0,0.016685,0,0.005748,0.024824,0.10286,0.15333,0.52117,0.17428
0.0018143,0.67152,0.10348,0.036302,0.12817,0.0029424,0.00068885,0.049659,0.0054329,0
0.5948,0.2432,0.069422,0.027234,0.023421,0.02418,0,0.0043124,0.013426,0
0.0051845,0.003104,0,0.055654,0.068212,0.095267,0.20298,0.23211,0.23107,0.10641
0.030357,0.0091556,0.014022,0.0059223,0.0090503,0.053156,0.1716,0.477,0.22974,0
0.046,0.10775,0.0056435,0.0057884,0.010357,0.038667,0.049213,0.11293,0.38579,0.23786
0.015172,0.57944,0.1342,0.10727,0.012628,0.00056482,0.03024,0.048396,0.033215,0.03888
0,0,0,0.017981,0.0065623,0.0041962,0.033505,0.27945,0.44277,0.21553
0.024127,0.0089004,0.0029701,0.0056003,0.0088094,0.027704,0.082134,0.28987,0.26868,0.2812
0.0052938,0.0021138,0,0.0044187,0.17166,0.060304,0.20267,0.16783,0.058843,0.32687
0.026521,0.049839,0.042267,0.07964,0.062022,0.079801,0.03292,0.057736,0.28976,0.2795
0.032863,0.013811,0.012263,0.067914,0.19755,0.28862,0.041389,0.055078,0.16472,0.12579
0.014527,0.043743,0.067156,0.31571,0.15634,0.14445,0.08552,0.058074,0.059073,0.055415
0.0034514,0.0093458,0.052773,0.10351,0.10151,0.14481,0.050512,0.049855,0.3058,0.17844
0.063066,0.025402,0.045529,0.0045548,0.037435,0.044894,0.055019,0.085535,0.3082,0.33037
0,0.042694,0.012357,0.030036,0.026481,0.073325,0.10887,0.26411,0.28837,0.15375
0.12708,0.03635,0.19962,0.020703,0.0012402,0.035733,0.051305,0.077001,0.069108,0.38186
0.029769,0.26559,0.083202,0.067972,0.40862,0.076157,0.015442,0.0056076,0.0099282,0.037713
0.33678,0.015265,0.031292,0.045763,0.057272,0.056863,0.098578,0.11248,0.062852,0.18285
0.28564,0.074928,0.014223,0.056766,0.032823,0.053857,0.13063,0.13958,0.065595,0.14596
0.0257,0.057711,0.13048,0.15253,0.069109,0.05272,0.3346,0.096873,0.064939,0.015339
0.26787,0.23435,0.27125,0.15389,0,0.022022,0.026067,0.0046803,0.0083312,0.011542
0.17719,0.13143,0.16019,0.092567,0.050565,0.030801,0.099864,0.042953,0.11181,0.10264
