0.13284,0.083618,0.059006,0.069387,0.089952,0.071947,0.11285,0.091413,0.086552,0.20244
0.052955,0.12942,0.28191,0.14015,0.13587,0.081672,0.049931,0.064583,0.044527,0.018995
0.10618,0.15742,0.06723,0.056661,0.22481,0.18764,0.095534,0.039102,0.018803,0.04662
0.038886,0.039858,0.098986,0.12768,0.12065,0.21787,0.13091,0.13592,0.04371,0.045536
0.09582,0.055967,0.027597,0.11144,0.12023,0.11782,0.087594,0.29084,0.073089,0.019606
0.020164,0.028954,0.087531,0.075053,0.18363,0.33317,0.1189,0.041022,0.052793,0.058781
0.10119,0.065069,0.071095,0.1256,0.1288,0.14357,0.20563,0.04841,0.024535,0.086094
0.46468,0.06224,0.074298,0.10173,0.080836,0.084023,0.087514,0.03235,0.011982,0.00034851
0.13585,0.13598,0.097125,0.16879,0.18919,0.091965,0.026983,0.052941,0.056149,0.045021
0.030565,0.015081,0.039567,0.11436,0.1471,0.22514,0.15377,0.12516,0.10566,0.043603
0.097949,0.078816,0.10795,0.13408,0.16917,0.22868,0.092778,0.068005,0.021243,0.001331
0.11787,0.10485,0.18837,0.1407,0.047848,0.12006,0.081355,0.16887,0.009474,0.020602
0.015609,0.034764,0.077398,0.088698,0.13408,0.1031,0.19305,0.15578,0.13043,0.06709
0.052474,0.038525,0.035975,0.14981,0.24495,0.10434,0.16972,0.064222,0.066561,0.073434
0.042203,0.051185,0.099604,0.10533,0.070002,0.16447,0.19334,0.081832,0.14158,0.050457
0.1076,0.079442,0.07369,0.064968,0.050999,0.045956,0.068898,0.079106,0.18012,0.24922
0.065788,0.0077449,0.032793,0.041629,0.044113,0.18476,0.39965,0.15062,0.049388,0.02351
0.039941,0.046247,0.087506,0.1188,0.25252,0.10967,0.089875,0.086605,0.079701,0.089137
0.11313,0.13813,0.12815,0.11929,0.23974,0.14992,0.030484,0.0099485,0.064963,0.0062455
0.061908,0.066138,0.1076,0.13716,0.17329,0.16665,0.098276,0.0639,0.063276,0.0618
0.031747,0.14993,0.077934,0.16714,0.17628,0.12983,0.095115,0.0043153,0.04727,0.12044
0.0047206,0.013302,0.11955,0.075277,0.092225,0.071013,0.10664,0.40912,0.097975,0.010185
0.011048,0.068105,0.089186,0.13997,0.13706,0.14682,0.10137,0.091061,0.094697,0.12068
0.04352,0.066499,0.022531,0.075106,0.14285,0.21322,0.26409,0.071303,0.050857,0.050024
0.16248,0.10816,0.20049,0.12496,0.068865,0.06963,0.10208,0.12523,0.028594,0.0095104
0.12696,0.11619,0.21654,0.07343,0.20974,0.12173,0.095163,0.029145,0.0096653,0.0014516
0.034517,0.020278,0.044803,0.056585,0.1377,0.10723,0.085458,0.19737,0.1108,0.20526
0.2328,0.13814,0.14294,0.10651,0.12371,0.10397,0.041748,0.031408,0.013544,0.065228
0.014439,0.018465,0.081295,0.12289,0.20863,0.34167,0.084392,0.076354,0.032249,0.019613
0.15459,0.16459,0.094786,0.18063,0.12503,0.093119,0.0451,0.067952,0.046596,0.027612
0.035115,0.040874,0.052369,0.057612,0.1264,0.11083,0.097603,0.086514,0.09362,0.29907
0.10381,0.012657,0.023013,0.011346,0.075461,0.090742,0.14193,0.44498,0.042471,0.053598
0.22594,0.32304,0.0762,0.025749,0.052414,0.10108,0.11727,0.02776,0.029959,0.020596
0.13754,0.12205,0.04213,0.10517,0.085028,0.069254,0.052949,0.034122,0.087326,0.26443
0.38757,0.1746,0.087818,0.0043846,0.079669,0.15756,0.067023,0.023631,0.01549,0.0022615
0.026727,0.14883,0.010606,0.079045,0.091816,0.28843,0.099497,0.093558,0.049215,0.11227
0.0087379,0.030228,0.0044699,0.041034,0.020853,0.03764,0.11592,0.059546,0.21652,0.46505
0.034101,0.59407,0.20498,0.0089598,0.070576,0.025234,0.032207,0.0052322,0.0091733,0.015461
0.16253,0.47444,0.097509,0.042096,0.11146,0.089017,0.0038112,0.0090689,0.0088715,0.0011971
0.088526,0.10105,0.1976,0.48174,0.039161,0.06076,0.012433,0.010379,0.0012364,0.0071271
0.0039211,0.026862,0.14755,0.094797,0.033536,0.018722,0.042332,0.073031,0.063586,0.49567
0.02972,0.0029007,0.00055607,0.002396,0.017248,0.03396,0.35984,0.42513,0.058014,0.070235
0.13032,0.1789,0.24261,0.11903,0.11548,0.065295,0.050664,0.033139,0.032949,0.031614
0.02543,0.090774,0.12188,0.11038,0.12623,0.15199,0.050127,0.087643,0.15009,0.085445
0.12943,0.12588,0.049545,0.075519,0.12073,0.187,0.18436,0.048151,0.054958,0.024428
0.084503,0.086961,0.17097,0.22952,0.18544,0.079998,0.03998,0.028114,0.057037,0.03747
0.014447,0.019087,0.040266,0.10989,0.33117,0.191,0.21473,0.018994,0.012667,0.047745
