0.10643,0.10021,0.038002,0.06067,0.017902,0.03569,0.055707,0.12139,0.2457,0.2183
0.033963,0.040924,0.03037,0.036024,0.066907,0.071649,0.071975,0.09528,0.46359,0.089317
0.12285,0.15663,0.075049,0.035426,0.10842,0.27548,0.070443,0.074377,0.037834,0.043482
0.040628,0.081611,0.14175,0.20389,0.1889,0.12847,0.077247,0.042043,0.074439,0.021036
0.019111,0.036664,0.083994,0.21376,0.22321,0.18906,0.069993,0.046868,0.04194,0.075399
0.18803,0.07856,0.1027,0.13546,0.13134,0.064133,0.12732,0.060507,0.094939,0.017013
0.016839,0.050952,0.36827,0.07359,0.08541,0.10118,0.16484,0.05342,0.065857,0.019647
0.03341,0.059976,0.11558,0.064332,0.12548,0.09615,0.14427,0.069733,0.064355,0.22672
0.034329,0.029839,0.04082,0.141,0.084906,0.12965,0.098518,0.092232,0.24638,0.10232
0.069611,0.10204,0.077718,0.074827,0.11438,0.22289,0.22415,0.070531,0.030772,0.013089
0.035423,0.048641,0.11521,0.10873,0.18865,0.21335,0.14281,0.094756,0.048771,0.0036526
0.02266,0.068238,0.083717,0.14409,0.12737,0.21362,0.12663,0.11816,0.040226,0.055288
0.044843,0.07332,0.074308,0.08963,0.19675,0.2489,0.084969,0.075716,0.034434,0.077126
0.061076,0.035586,0.047475,0.063247,0.13649,0.23083,0.19723,0.17414,0.026848,0.027079
0.34558,0.38904,0.15506,0.042303,0.029961,0.023304,0.0037753,0.0068665,0.00039184,0.0037255
0.57312,0.096715,0.058966,0.031771,0.090244,0.052092,0.07346,0.023387,0,0.00024281
0.21487,0.18201,0.16846,0.043084,0.11612,0.13612,0.017628,0.064877,0.036419,0.02041
0.12422,0.065521,0.032499,0.094868,0.29952,0.1677,0.057955,0.056923,0.06407,0.036718
0.004516,0.0034795,0.01983,0.051338,0.32219,0.12161,0.14641,0.1175,0.14172,0.071411
0.018102,0.029315,0.085011,0.18723,0.11368,0.14866,0.12534,0.11656,0.10017,0.075933
0.1024,0.07385,0.081168,0.11051,0.12907,0.2049,0.13268,0.057653,0.040656,0.067125
0.065082,0.058009,0.086575,0.14065,0.14615,0.17146,0.16907,0.08506,0.049375,0.028576
0.18972,0.069697,0.17517,0.12371,0.066458,0.094873,0.12852,0.1206,0.030147,0.001106
0.32246,0.19109,0.11092,0.046642,0.049602,0.040637,0.045005,0.083327,0.089314,0.021012
0.050028,0.096918,0.12471,0.14776,0.16605,0.10609,0.086132,0.033797,0.085853,0.10266
0.0085208,0.022587,0.052319,0.12408,0.23967,0.24091,0.11766,0.10061,0.052402,0.041241
0.027692,0.07367,0.080607,0.073553,0.37321,0.12873,0.088499,0.063914,0.04705,0.043076
0.052402,0.036334,0.041664,0.077639,0.17887,0.33423,0.099657,0.071017,0.054915,0.053275
0.031595,0.049524,0.085377,0.057241,0.098198,0.31433,0.15393,0.085503,0.077176,0.047123
0.043219,0.064821,0.073985,0.054971,0.11545,0.13408,0.13179,0.09286,0.064789,0.22405
0.074713,0.045653,0.052671,0.092846,0.073706,0.080789,0.09395,0.081571,0.15171,0.25239
0.16643,0.17882,0.06488,0.045434,0.019205,0.08944,0.013779,0.033176,0.085891,0.30294
0.08363,0.078721,0.041196,0.031431,0.1794,0.36566,0.06766,0.064674,0.078722,0.0089071
0.012636,0.023986,0.0034737,0.010126,0.045481,0.15494,0.13661,0.45196,0.063348,0.097439
0.22473,0.092009,0.07386,0.030615,0.042809,0.10861,0.043715,0.086758,0.084316,0.21258
0.073924,0.035788,0.067527,0.076314,0.12391,0.24608,0.18878,0.08789,0.075557,0.024222
0.066933,0.10794,0.044856,0.082606,0.33389,0.25432,0.047314,0.034252,0.018865,0.0090221
0.10539,0.071047,0.084527,0.19085,0.15152,0.065104,0.049409,0.025904,0.053123,0.20313
0.070069,0.07103,0.10895,0.17193,0.11531,0.13413,0.088146,0.1966,0.023584,0.020239
0.062293,0.052028,0.10817,0.13007,0.1471,0.15937,0.090035,0.11571,0.069273,0.065954
0,0.01019,0.024415,0.051195,0.23165,0.20697,0.21672,0.099593,0.15231,0.0069629
0.47835,0.066939,0.11799,0.15375,0.075337,0.045672,0.0073791,0.005687,0.015506,0.0334
0.029032,0.28496,0.13853,0.12654,0.1049,0.10092,0.047428,0.036911,0.040848,0.089935
0.0013795,0.031332,0.089997,0.059375,0.10185,0.063912,0.054391,0.46525,0.12475,0.0077603
0.031873,0.052862,0.091216,0.071579,0.11732,0.10921,0.042672,0.31723,0.079518,0.086522
0.079297,0.035032,0.053181,0.085538,0.085882,0.028897,0.16539,0.21411,0.11686,0.1358
0.015513,0.034897,0.20752,0.19589,0.18666,0.16077,0.069757,0.042362,0.055589,0.031044
0.025432,0.034465,0.059202,0.32499,0.18711,0.17745,0.074578,0.039107,0.050889,0.026776
0.6318,0.25471,0.02611,0.0063254,0.048035,0.0079193,0.0030846,0.0073941,0.013897,0.0007176
0.11121,0.043769,0.076678,0.092116,0.090225,0.075755,0.080909,0.13426,0.11516,0.17991
0.075216,0.057344,0.17266,0.018686,0.38215,0.12983,0.077011,0.045582,0.018249,0.023277
0.075102,0.073966,0.17411,0.13507,0.38148,0.069171,0.043993,0.043056,0.0025927,0.0014586
0.15017,0.10737,0.066171,0.16033,0.11974,0.034869,0.029252,0.025584,0.16373,0.14278
0.017249,0.008247,0.018494,0.052998,0.17617,0.16011,0.15127,0.13397,0.087577,0.19391
0.26163,0.1784,0.07562,0.10364,0.057346,0.082626,0.067202,0.050576,0.053013,0.069945
0.0018224,0.049281,0.11551,0.12669,0.19198,0.10221,0.092169,0.21574,0.080698,0.023906
0.034716,0.033902,0.052561,0.18913,0.38709,0.14763,0.045439,0.10103,0.0056452,0.0028579
0,0.028552,0.02141,0.035318,0.07372,0.31183,0.43641,0.068193,0.013004,0.011556
0.29406,0.13446,0.19302,0.080485,0.1015,0.087259,0.037397,0.046435,0.0040052,0.021387
0.17059,0.063034,0.09854,0.14294,0.24549,0.17797,0.058101,0.016688,0.016724,0.0099156
0.085876,0.14151,0.22011,0.14802,0.13504,0.033537,0.050159,0.021616,0.033019,0.13112
0.032107,0.016989,0,0.015801,0.090657,0.083625,0.020751,0.099308,0.2448,0.39596
0.056194,0.019978,0.0076364,0.032973,0.091615,0.037322,0.029562,0.26943,0.39207,0.063216
0.023767,0.062586,0.074561,0.10938,0.23191,0.15965,0.30613,0.0076446,0.012088,0.012298
0.14875,0.29835,0.037377,0.031196,0.015718,0.10865,0.10725,0.1025,0.11395,0.036257
0.26179,0.32128,0.19829,0.031072,0.074769,0.0059281,0.050382,0.014084,0.018101,0.024297
0,0.001641,0.011945,0.014897,0.097257,0.23308,0.59899,0.024704,0.010706,0.0067794
0.063884,0.13831,0.14192,0.14091,0.22481,0.078244,0.11926,0.040946,0.021859,0.029853
0.1773,0.38307,0.054004,0.00079495,0.11559,0.10274,0.092782,0.027981,0.028745,0.016989
0.17108,0.40436,0.087833,0.075789,0.12291,0.03034,0.035154,0.024529,0.02849,0.019513
0,0.063582,0.02861,0.16501,0.52017,0.12069,0.016896,0.020105,0.019805,0.045133
0.0019366,0.1135,0.0027479,0.017593,0.07276,0.14389,0.069198,0.15837,0.094561,0.32544
0.074985,0.0035459,0.0051315,0,0.02152,0.23377,0.2954,0.094803,0.043117,0.22773
0.010953,0.047385,0.013647,0.0055013,0.069248,0.027922,0.0057762,0.017086,0.53049,0.27199
0.0027193,0.17968,0.54435,0.1364,0.047823,0.018918,0.042512,0.0024501,0.0045764,0.020578
0.28229,0.5884,0.0057339,0.0030726,0.024507,0.079493,0.00052946,0.0029027,0.002119,0.010955
0.15924,0.27602,0.10862,0.10212,0.064036,0.16059,0.039081,0.043482,0.034557,0.012247
0.43118,0.22171,0.083138,0.13078,0.027045,0,0.068709,0.0099873,0.010571,0.016884
0.07337,0.089818,0.09809,0.57301,0.1031,0.047239,0.0013895,0.0025784,0.0034465,0.0079654
0.30757,0.30594,0.072607,0.021986,0.093908,0.10062,0.035126,0.02694,0.014493,0.020811
0.089877,0.3392,0.036437,0.0063666,0.030604,0.081639,0.060505,0.039847,0.084961,0.23057
0,0,0,0,0.017761,0.0073799,0.032233,0.030006,0.17578,0.73684
0.0025725,0.001119,0,0,0.011051,0.012647,0.0025532,0.02823,0.42379,0.51804
0.0092094,0.006465,0.019893,0.10337,0.34674,0.1577,0.16193,0.13679,0.012495,0.045402
0.039143,0.04872,0.046167,0.19953,0.43938,0.079371,0.030738,0.031905,0.030214,0.05483
0.24926,0.23723,0.22204,0.087527,0.05261,0.058486,0.035159,0.01061,0.02817,0.018909
0.057634,0.10712,0.14748,0.13458,0.11435,0.082709,0.076136,0.067642,0.10994,0.10241
0.021659,0.12851,0.060394,0.061604,0.045891,0.11785,0.19159,0.12991,0.11442,0.12818
0.11529,0.091768,0.066458,0.082107,0.13201,0.20948,0.065818,0.062341,0.13468,0.040045
0.10976,0.0692,0.080713,0.14514,0.20055,0.27501,0.063131,0.016923,0.023226,0.016359
0.24489,0.1536,0.13312,0.07021,0.10147,0.029117,0.041493,0.053664,0.11857,0.053869
0.037601,0.031771,0.12948,0.17953,0.21737,0.14839,0.053373,0.08245,0.079668,0.040368
0.028731,0.051531,0.034912,0.087296,0.36996,0.22893,0.11435,0.0081034,0.036954,0.03923
0.031967,0.023372,0.026402,0.044786,0.20825,0.16862,0.15736,0.1522,0.11434,0.072703
0.070908,0.070507,0.085886,0.13069,0.11331,0.129,0.17345,0.067136,0.060936,0.098179
