0.053726,0.031625,0.014263,0.010139,0.04454,0.099508,0.038064,0.23814,0.29158,0.17841
0.28343,0.25463,0.23981,0.13984,0.035063,0.038228,0,0.0082804,0,0.000721
0.011704,0.051505,0.033351,0.073645,0.071477,0.14468,0.19896,0.17025,0.11569,0.12874
0.099893,0.095093,0.090273,0.093409,0.3153,0.13336,0.031932,0.061423,0.060079,0.019239
0.19952,0.099275,0.23337,0.092198,0.12106,0.077904,0.051982,0.035482,0.058459,0.030746
0.0073053,0.030793,0.0087674,0.023116,0.015511,0.03419,0.036787,0.47327,0.29076,0.079495
0.015198,0.0066592,0.047815,0.074474,0.059541,0.064761,0.070435,0.042656,0.1616,0.45686
0.13107,0.11296,0.18358,0.065949,0.051807,0.034646,0.049526,0.022481,0.16644,0.18155
0.67409,0.17158,0.064642,0.025426,0.012294,0.009365,0.012673,0.019221,0.0039048,0.0068122
0.74467,0.14549,0.043112,0.019097,0.018596,0.01463,0.012503,0.00068522,0,0.0012124
0.4559,0.070646,0.26001,0.032778,0.071662,0.041497,0.033726,0.010484,0.0058366,0.017469
0.1074,0.22516,0.062604,0.23136,0.11819,0.13713,0.092678,0.011985,0.0096729,0.0038113
0.00055246,0.1522,0.40203,0.25858,0.07809,0.090738,0.017561,0,0,0.00025165
0.025101,0.085917,0.12152,0.27669,0.15067,0.14407,0.066889,0.033913,0.036957,0.058277
0.020831,0.01463,0.0018757,0.0030472,0.0098906,0.034811,0.036537,0.052303,0.069302,0.75677
0.39045,0.35915,0.032011,0.041613,0.13805,0.010175,0.011372,0.0083972,0.0060005,0.0027863
0.004481,0.0046562,0.017069,0.086714,0.43429,0.15759,0.056755,0.17222,0.062216,0.0040083
0,0.010056,0.00033354,0.00076954,0.054066,0.17939,0.31937,0.18423,0.11104,0.14075
0,0,0.0042401,0.037127,0.010625,0.048379,0.023344,0.098907,0.64374,0.13364
0.0028029,0.00023008,0.0075878,0.0038652,0.017983,0.04779,0.11002,0.39838,0.40884,0.0024975
0.011606,0.083343,0.16134,0.37844,0.12281,0.14638,0.066243,0.01019,0.0131,0.0065569
0.0020345,0.009451,0,0.0013985,0.0064215,0.064726,0.0047865,0.0029769,0.32311,0.58509
0,0,0.0028689,0.030501,0.49211,0.42157,0.046251,0.005001,0.0007138,0.00098688
0.0074316,0.0053489,0.016998,0.010643,0.0042063,0.021983,0.010807,0.027238,0.36348,0.53187
0.0026927,0.0039722,0.0034292,0,0.0045541,0.0054652,0.002811,0.0027466,0.049523,0.92481
0.047777,0.059438,0.10374,0.29081,0.10951,0.069959,0.068033,0.096762,0.08425,0.06972
0.017942,0.0013042,0.0070976,0.0057053,0.012451,0.02032,0.22789,0.66434,0.037591,0.0053608
0.0054181,0.20324,0.55488,0.1027,0.055566,0.025531,0.0038571,0.0092897,0.019233,0.020288
0.00097236,0.0011008,0,0.0022169,0.045977,0.31451,0.38095,0.16933,0.067595,0.017341
0.19855,0.11517,0.16185,0.26245,0.14734,0.022099,0.018866,0.023632,0.029712,0.020338
0.078223,0.067484,0.065552,0.07697,0.093663,0.24243,0.21427,0.047014,0.06633,0.048066
0.25652,0.06322,0.01988,0.20101,0.15185,0.1741,0.046418,0.034272,0.011922,0.040811
0.098793,0.035771,0.037179,0.17741,0.12209,0.10993,0.17115,0.039791,0.13084,0.077043
0.25235,0.18,0.17033,0.060542,0.09766,0.10373,0.047908,0.053502,0.026505,0.0074766
0.058299,0.089958,0.06651,0.062461,0.16517,0.18507,0.19348,0.1015,0.049754,0.027785
0.051259,0.039101,0.069874,0.11275,0.13455,0.21453,0.18803,0.068481,0.10332,0.018109
0.34109,0.15521,0.051041,0.096573,0.079535,0.17462,0.039194,0.032493,0.009779,0.020475
0.0059303,0.014879,0.070101,0.25751,0.21733,0.30393,0.08844,0.0084589,0.016356,0.017062
0.0092491,0.017978,0.049994,0.08753,0.17194,0.28042,0.13091,0.1272,0.087403,0.037377
0.051596,0.072821,0.015908,0.11414,0.33231,0.10353,0.1528,0.11933,0.017625,0.019936
0.012815,0.039738,0.027802,0.12853,0.13804,0.18602,0.069627,0.070193,0.20645,0.1208
0.092697,0.026499,0.049495,0.035167,0.098981,0.13684,0.32999,0.085181,0.081228,0.063921
0.034011,0.031455,0.06225,0.086464,0.16035,0.10174,0.27118,0.10462,0.10363,0.0443
0.036302,0.056435,0.042434,0.10903,0.40735,0.17508,0.016825,0.065062,0.030952,0.060526
0.030839,0.016872,0.010879,0.011354,0.14384,0.27198,0.4019,0.082866,0.027982,0.001495
0.059433,0.02719,0.040136,0.054332,0.15265,0.099009,0.079403,0.25172,0.1083,0.12782
0.031169,0.036026,0.048176,0.17003,0.16642,0.080522,0.16015,0.080604,0.10399,0.12292
0.06353,0.078014,0.081325,0.079624,0.10129,0.14408,0.057363,0.17817,0.14617,0.070425
0.07961,0.028984,0.058898,0.15748,0.13118,0.14042,0.15335,0.1427,0.063542,0.043838
0.050247,0.05119,0.079558,0.10968,0.13963,0.28164,0.12401,0.041747,0.070195,0.052109
0.26325,0.15055,0.052308,0.11234,0.17253,0.085207,0.043804,0.062624,0.017225,0.040162
0.18557,0.39755,0.10699,0.068394,0.047703,0.06086,0.033843,0.020454,0.036233,0.042394
0.038702,0.060637,0.057551,0.18236,0.22735,0.18033,0.081446,0.091407,0.04556,0.034658
0.06264,0.027764,0.039042,0.114,0.35192,0.22845,0.058586,0.048414,0.039685,0.029503
0.0076276,0.044389,0.15493,0.06551,0.036465,0.13773,0.13393,0.12494,0.1773,0.11718
0.056247,0.073814,0.069268,0.19593,0.21954,0.14592,0.073414,0.054431,0.080313,0.031125
0.029281,0.049401,0.085627,0.039802,0.15673,0.22357,0.12804,0.17792,0.074211,0.035419
0.11826,0.2418,0.11104,0.034288,0.073678,0.16207,0.11383,0.047367,0.055405,0.042266
0.1374,0.19738,0.19489,0.10869,0.10284,0.09188,0.050852,0.052813,0.03939,0.023861
0.070711,0.034041,0.036259,0.087261,0.38727,0.26412,0.036283,0.013586,0.020824,0.049646
0.054398,0.065722,0.039624,0.045085,0.12797,0.29496,0.25571,0.08119,0.033143,0.0022007
0.2033,0.22821,0.17526,0.10674,0.059963,0.11508,0.059021,0.025587,0.02075,0.0061003
0.15079,0.099019,0.060292,0.06072,0.10607,0.13125,0.14451,0.088895,0.085335,0.073122
0.32906,0.2906,0.099774,0.080771,0.10697,0.048904,0.02954,0.012875,0,0.0014951
0.018768,0.087623,0.21898,0.14005,0.34851,0.1134,0.02247,0.0036705,0.043927,0.002607
0.090634,0.04502,0.060094,0.05933,0.037503,0.05348,0.010573,0.019046,0.1389,0.48542
0.0043455,0.013189,0.026971,0.030836,0.036226,0.094369,0.050931,0.15731,0.38714,0.19868
0.10661,0.10416,0.1244,0.071856,0.031619,0.055744,0.056317,0.079746,0.20311,0.16643
0.03638,0.030602,0.0047379,0.10872,0.028269,0.078619,0.032631,0.064198,0.20667,0.40918
0.027943,0.092396,0.0013913,0.0028813,0.20931,0.03598,0.035511,0.10398,0.37014,0.12047
0.039464,0.2082,0.15418,0.078565,0.060464,0.1363,0.018994,0.085415,0.078209,0.1402
0.51206,0.27063,0.032582,0.016321,0.067879,0.058982,0.02903,0.0046537,0.0015115,0.006348
0.032114,0.38883,0.096675,0.12114,0.30491,0.029472,0.0019153,0.0012244,0.0090907,0.014621
0.069193,0.045054,0.019022,0.099651,0.20468,0.18905,0.069705,0.065324,0.079961,0.15835
0.0063541,0.018875,0,0.10747,0.10659,0.065337,0.028999,0.0083017,0.015666,0.6424
0.031349,0.023384,0.035498,0.011309,0.022577,0.096145,0.02737,0.21292,0.30217,0.23728
0.057276,0.016368,0.034051,0.14599,0.055252,0.061288,0.10764,0.1033,0.16873,0.25011
0.0074403,0.13324,0.37853,0.30676,0.088388,0.027075,0.0068074,0.018397,0.033366,0
0.065961,0.027833,0.050365,0.030036,0.16368,0.28505,0.22588,0.013459,0.079053,0.058684
0.0024566,0.0072025,0.055123,0.086844,0.10663,0.050109,0.036539,0.1842,0.25341,0.21748
0.12655,0.20666,0.42517,0.047275,0.034606,0.12985,0.023177,0.0054518,0.0012663,0
0.034796,0.10943,0.119,0.14675,0.14662,0.11285,0.15118,0.12259,0.033577,0.023205
0.068371,0.30862,0.2977,0.050167,0.080291,0.1079,0.059883,0.0088792,0.0076898,0.010499
0,0,0.0081763,0.041192,0.13445,0.1688,0.42413,0.064134,0.023941,0.13518
0.40692,0.20601,0.084952,0.052508,0.16885,0.029052,0.006036,0.0040667,0.011218,0.030394
0.13053,0.054438,0.023906,0.23937,0.24793,0.13279,0.061398,0.058127,0.037165,0.014357
0.0076496,0.0058471,0.065876,0.12696,0.30185,0.2061,0.10559,0.048741,0.059246,0.072139
0.29815,0.20052,0.08405,0.062592,0.19574,0.064686,0.051937,0.010931,0.005128,0.026268
0.079151,0.061801,0.31993,0.20881,0.097985,0.03607,0.017687,0.10339,0.069063,0.0061115
0.13041,0.11395,0.17527,0.17951,0.204,0.036785,0.035997,0.054998,0.047504,0.021574
0.25714,0.087442,0.22776,0.064576,0.28316,0.019981,0.016486,0.010218,0.0071348,0.026096
0.09349,0.68322,0.016165,0.050831,0.11205,0.0090089,0.0067343,0.00253,0.020911,0.0050578
0.5559,0.093507,0.036474,0.050925,0.083718,0.024301,0.047849,0.018173,0.0467,0.042452
0.31973,0.26336,0.16115,0.065777,0.11814,0.026684,0.018276,0.010419,0.0043594,0.012104
0.21368,0.11412,0.20725,0.096647,0.26757,0.024227,0.0050951,0.018948,0.021013,0.031456
0.088844,0.074437,0.096569,0.10747,0.4536,0.053194,0.041136,0.035121,0.027356,0.022271
0.077257,0.076135,0.15254,0.056376,0.15826,0.15373,0.19234,0.091109,0.033831,0.0084205
0.16115,0.15919,0.19576,0.093523,0.066045,0.085554,0.06328,0.045568,0.067381,0.062545
0.20595,0.11569,0.089632,0.067695,0.12756,0.091588,0.076543,0.043705,0.06074,0.1209
0.040539,0.02478,0.06608,0.22842,0.14421,0.1583,0.097889,0.082759,0.091902,0.065108
0.12552,0.13144,0.27045,0.11825,0.089545,0.073689,0.079135,0.04664,0.037299,0.028028
0.0082082,0.049135,0.10575,0.20427,0.29867,0.1701,0.074956,0.045929,0.024328,0.01865
0.025543,0.023055,0.06123,0.067339,0.30899,0.23444,0.12505,0.076991,0.055923,0.021442
0.11458,0.040234,0.063574,0.087747,0.076963,0.15755,0.24102,0.032883,0.089061,0.096386
0.1248,0.10581,0.078323,0.048029,0.14167,0.11651,0.16667,0.096409,0.082973,0.038805
0.072181,0.10974,0.065415,0.069197,0.16731,0.20622,0.092079,0.08389,0.094209,0.039763
0.023638,0.040844,0.074444,0.16705,0.226,0.27045,0.15007,0.021047,0.0025498,0.023908
0.0003283,0.005749,0.0092919,0.034915,0.069641,0.36024,0.42479,0.075688,0.017008,0.0023463
0.049017,0.11991,0.16902,0.10277,0.13159,0.090979,0.15611,0.092945,0.068508,0.019158
0.0089511,0.0072299,0.083334,0.66034,0.12334,0.10048,0.0027594,0.012979,0,0.00058789
0.040976,0.083296,0.37544,0.14746,0.14304,0.11174,0.022001,0.030408,0.0099103,0.03574
