0.16819,0.13354,0.071006,0.12377,0.10745,0.063084,0.043798,0.04855,0.075982,0.16463
0.080706,0.25562,0.13824,0.088288,0.12063,0.062249,0.14658,0.063749,0.029375,0.014561
0.072367,0.074273,0.025001,0.037402,0.084251,0.042992,0.10527,0.19664,0.17945,0.18236
0.29836,0.14269,0.13922,0.17039,0.21838,0.022651,0.0037894,0,0.00061188,0.003902
0,0.0032352,0.1348,0.57366,0.2259,0.0088273,0.0046998,0.037305,0.0026153,0.0089615
0.63975,0.12347,0.036117,0.031145,0.061817,0.070161,0.014612,0,0,0.022923
0.1508,0.21632,0.17257,0.016767,0.03964,0.014253,0.15118,0.034072,0.068703,0.13569
0.0028706,0.076646,0.15192,0.26276,0.12441,0.16779,0.033656,0.031054,0.12091,0.027978
0.019235,0.075288,0.0067598,0.038725,0.15423,0.078229,0.11244,0.21398,0.29237,0.0087475
0,0,0,0.00034609,0,0.023192,0.003281,0.023255,0.063523,0.8864
0.023277,0.002583,0.0061338,0.0064011,0.0064192,0.025816,0.081598,0.048281,0.53888,0.26061
0.0089579,0.0035108,0,0.05811,0.079086,0.32365,0.34015,0.16713,0.019409,0
0.0029346,0.0021423,0.0016169,0.0014416,0.016046,0.027826,0.028497,0.23893,0.42028,0.26029
0.035761,0.063458,0.035271,0.022941,0.017252,0.0053723,0.0085487,0.0098786,0.19792,0.60359
0.025577,0.04417,0.089409,0.068613,0.10306,0.069321,0.15173,0.15789,0.17415,0.11608
0.0012599,0.050989,0.043258,0.044731,0.12163,0.33028,0.10247,0.14632,0.021732,0.13733
0.0035815,0.36707,0.40056,0.042301,0.099174,0.078037,0.0092754,0,0,0
0.090837,0.42376,0.26748,0.10257,0.089329,0.00369,0,0.00069943,0.020273,0.0013641
0.00035915,0.0064115,0.0022602,0.22635,0.71807,0.044022,0.0025245,0,0,0
0.090566,0.066883,0.036241,0.035971,0.16078,0.48012,0.088404,0.0058597,0.0059256,0.029244
0,0,0.0023072,0.030964,0.086401,0.32758,0.24552,0.1817,0.12553,0
0.0024393,0,0,0.0061282,0.11589,0.50631,0.22382,0.095608,0.049801,0
0.0016678,0.010377,0.091656,0.17254,0.39479,0.25704,0.070192,0.001746,0,0
0.0013192,0.021376,0.11346,0.1083,0.074223,0.16421,0.29788,0.19051,0.028721,0
0.0098987,0.11166,0.11357,0.48008,0.17772,0.007513,0.00087871,0.010185,0.016643,0.071847
0.0027074,0.002581,0.034676,0.13488,0.75257,0.059071,0.006458,0,0.0031922,0.0038676
0.0092518,0.079211,0.090065,0.04327,0.30696,0.36904,0.071292,0.011091,0.00076232,0.019056
0.087717,0.34399,0.018925,0.011857,0.065374,0.028638,0.034091,0.031356,0.15713,0.22092
0,0.026737,0.017839,0.18192,0.71637,0.020799,0.0032215,0.0016512,0.031461,0
0.85752,0.061214,0.016425,0.019548,0.04183,0.0034674,0,0,0,0
0.015915,0.12774,0.01941,0.080414,0.079688,0.14714,0.12339,0.095656,0.062389,0.24826
0.016186,0,0.12848,0.43539,0.22258,0.062802,0.053348,0.016868,0.064353,0
0.0015151,0.037197,0.03707,0.023459,0.064923,0.064847,0.063031,0.166,0.41723,0.12472
0.00080349,0.0018718,0,0.0039887,0.00072852,0.047691,0.025232,0.23748,0.63658,0.045617
0.20336,0.067526,0.023799,0.010099,0.026427,0.026023,0.10887,0.13172,0.17359,0.22858
0.072659,0.1129,0.08403,0.18964,0.10387,0.088821,0.13396,0.056558,0.080588,0.076976
0.19953,0.085414,0.23873,0.041566,0.093579,0.096662,0.14331,0.088665,0.01016,0.0023758
0.10178,0.087919,0.088713,0.15326,0.1525,0.19434,0.12502,0.053388,0.043091,0
0.028837,0.019925,0.077122,0.085995,0.12417,0.20424,0.2953,0.065635,0.029451,0.069328
0.055758,0.083351,0.027264,0.19638,0.21136,0.20037,0.099622,0.076025,0.028418,0.021444
0.18777,0.071647,0.12819,0.2476,0.077096,0.066487,0.06326,0.050296,0.053302,0.054344
0.083266,0.12433,0.30985,0.2149,0.12383,0.078909,0.022124,0.013741,0.013642,0.01541
0.037599,0.1054,0.17402,0.2311,0.20203,0.16278,0.013244,0.013321,0.027013,0.033503
0.015472,0.0052023,0.046515,0.2065,0.34038,0.16221,0.13832,0.044228,0.013034,0.028146
0.045743,0.04419,0.092219,0.067958,0.11756,0.30535,0.12951,0.10413,0.055053,0.038295
0.047452,0.048801,0.044256,0.14131,0.32886,0.19137,0.096989,0.052242,0.029767,0.01895
0.043361,0.040167,0.0673,0.029434,0.092913,0.26024,0.29422,0.074535,0.066464,0.03136
