0.014992,0.05306,0.043674,0.16512,0.24308,0.13146,0.088826,0.097499,0.080028,0.082263
0.063062,0.071191,0.033775,0.088893,0.071905,0.18689,0.26366,0.11896,0.048733,0.052934
0.029585,0.0087186,0.020663,0.065079,0.20465,0.52938,0.078223,0.021933,0.026214,0.015553
0.016669,0.08332,0.10659,0.30026,0.21619,0.14432,0.1296,0.0030603,0,0
0.044453,0.043755,0.059685,0.1734,0.087445,0.084074,0.037374,0.038005,0.11974,0.31208
0.02228,0.051041,0.10677,0.27558,0.22322,0.20888,0.076993,0.026648,0.0059257,0.0026634
0.069612,0.037751,0.24783,0.093621,0.15347,0.15944,0.077104,0.033813,0.095325,0.032036
0.15844,0.22647,0.13332,0.045368,0.066448,0.11204,0.072089,0.078991,0.074973,0.031853
0.0022164,0.038142,0.029695,0.036509,0.063449,0.053759,0.22097,0.22443,0.15636,0.17447
0.019195,0.029686,0.028759,0.086602,0.10097,0.068601,0.17585,0.17068,0.24916,0.070493
0.0046975,0.0062938,0.017829,0.01017,0.043817,0.1274,0.13444,0.30309,0.18982,0.16244
0.23617,0.33845,0.031302,0.079217,0.078673,0.061898,0.07355,0.010083,0.064263,0.026395
0.22201,0.18341,0.063822,0.0070639,0.015124,0.12811,0.0050786,0.030387,0.29154,0.053454
0.041133,0.20571,0.059508,0.093192,0.04608,0.17428,0.12946,0.2007,0.0037754,0.046166
0.045659,0.60686,0.23553,0.011648,0.045034,0.021095,0.029022,0.0015842,0.0022518,0.0013144
0.12702,0.74912,0.027837,0.058354,0.0095291,0.0063465,0,0.020989,0.00079818,0
0.57366,0.33541,0.032552,0.016558,0.027636,0,0.0019619,0.0068156,0.0042549,0.0011517
0,0,0.0022667,0,0,0.0028628,0.011637,0.020968,0.23137,0.73089
0,0.0026371,0.0032348,0,0.0040034,0.012782,0.057219,0.11335,0.17566,0.63112
0.026419,0.0076504,0.078626,0.087432,0.11208,0.10606,0.15779,0.11612,0.24772,0.060105
0,0.002438,0.0086238,0,0.0012232,0.043755,0.060832,0.25609,0.3823,0.24474
0.023522,0.060214,0.6719,0.20433,0.0033998,0.0095583,0,0,0.027082,0
0.82869,0.029575,0.058155,0.042612,0,0.0015512,0.034171,0.0014801,0.0027443,0.0010194
0.26042,0.26704,0.027852,0.25473,0.087413,0.033071,0.056189,0.0014746,0.0064024,0.00541
0.012292,0.028484,0.01601,0.028486,0.049088,0.26398,0.29007,0.18489,0.1241,0.0025912
0.83053,0.090266,0.013282,0.0050039,0.022712,0.0041945,0,0.016558,0.016719,0.0007342
0.26962,0.65806,0.06194,0.0065414,0,0,0,0.0035077,0,0.00033501
0.71391,0.14528,0.060615,0.019263,0.022701,0.027765,0.0044043,0.001026,0.0036039,0.0014294
0.0059109,0.027403,0.42105,0.34588,0.10933,0.032778,0.047842,0.0025242,0.0044824,0.0028009
