0.060151,0.013807,0.035467,0.25925,0.12411,0.095173,0.06108,0.062836,0.16675,0.12137
0.052687,0.071057,0.22192,0.18635,0.085864,0.048826,0.08126,0.12557,0.10255,0.02391
0.036957,0.21556,0.14803,0.092933,0.059051,0.02248,0.04023,0.2519,0.10057,0.032289
0.0067668,0.079789,0.090244,0.11931,0.067397,0.19024,0.30418,0.053815,0.048837,0.039421
0.02536,0.031821,0.061156,0.032345,0.31946,0.3919,0.13087,0.0046256,0.0012374,0.0012229
0.0070011,0.012966,0.036605,0.087766,0.20318,0.30532,0.2391,0.059978,0.027265,0.020811
0,0.014901,0.062625,0.29249,0.34853,0.2154,0.05903,0.0052138,0.0018153,0
0.14483,0.096249,0.16081,0.18272,0.083359,0.079164,0.10996,0.091194,0.029934,0.021785
0.0041912,0.057487,0.56503,0.32447,0.018155,0.0080347,0.0010566,0,0.015385,0.0061877
0.013441,0.025465,0.047757,0.25351,0.131,0.16195,0.017678,0.020567,0.082872,0.24577
0.020698,0.038796,0.078408,0.38348,0.20674,0.14038,0.053258,0.043325,0.025717,0.0091976
0.036334,0.04775,0.24318,0.18189,0.06965,0.085605,0.017011,0.028078,0.098303,0.1922
0.11982,0.3695,0.12884,0.080223,0.07118,0.056689,0.049614,0.025335,0.019456,0.07934
0.04605,0.060263,0.11325,0.21417,0.21027,0.11783,0.069083,0.056962,0.10405,0.0080708
0.03701,0.30692,0.13644,0.088615,0.051898,0.12495,0.074974,0.069219,0.061079,0.048901
0.51672,0.15124,0.022817,0.011383,0.066043,0.039789,0.059296,0.03692,0.053442,0.042348
0.074294,0.088296,0.041041,0.071586,0.12804,0.088504,0.048473,0.12778,0.12334,0.20865
0.0063257,0.013669,0.037476,0.031367,0.05738,0.30469,0.11088,0.1031,0.10422,0.23089
0.0045086,0.031499,0.019034,0.049702,0.096297,0.22198,0.43841,0.07402,0.052245,0.012299
0.0015929,0.00093731,0.0077597,0.0048645,0.033849,0.015934,0.062403,0.13309,0.086855,0.65271
0.019394,0.014151,0.018037,0.0056821,0.021314,0.087761,0.029463,0.41042,0.29207,0.10171
0.018833,0.046176,0.14814,0.042332,0.22586,0.14141,0.10428,0.15702,0.012908,0.10303
0.058685,0.22709,0.031498,0.01698,0.15015,0.18558,0.087883,0.07834,0.14783,0.01597
0.40864,0.42477,0.024721,0.079203,0.026176,0.030601,0.0049663,0.0009219,0,0
0.16398,0.012356,0.032372,0.053422,0.12621,0.17889,0.039911,0.042782,0.16508,0.185
0.082892,0.048632,0.096029,0.31618,0.16907,0.087356,0.025411,0.12708,0.040214,0.0071341
0.16466,0.15342,0.19174,0.12932,0.041755,0.096024,0.1309,0.019269,0.0014823,0.071437
0,0.017987,0.0075879,0.028693,0.052802,0.22069,0.060591,0.058824,0.32565,0.22717
0.042079,0.1591,0.12238,0.092669,0.13687,0.33186,0.089717,0.01797,0.0014594,0.0058917
0.74809,0.10431,0.062618,0.0089921,0.014232,0.0085771,0,0,0.0043004,0.048879
0.0063253,0.0074614,0.4486,0.21662,0.07283,0.11409,0.034567,0.0061111,0.060331,0.03307
0.33833,0.28231,0.045785,0.12255,0.055292,0.030656,0.011072,0,0.0010381,0.11297
0.43052,0.26494,0.15113,0.017683,0.018386,0.01313,0.063648,0.012686,0.0067258,0.021157
0.57479,0.16758,0.049009,0.059748,0.070623,0.0066278,0.053357,0.013015,0.0016714,0.0035819
0.0028495,0.015148,0.0040576,0.20365,0.29599,0.14441,0.085024,0.082541,0.11019,0.056131
0,0.00016851,0.00075513,0,0.0015538,0.012391,0.010722,0.046973,0.040704,0.88673
0,0.00022042,0,0,0.0059629,0,0.0032197,0.19557,0.057366,0.73766
0.016646,0.0022594,0.00013864,0.0014518,0.0098469,0.05947,0.073389,0.041811,0.31048,0.48451
0.0022921,0.031757,0.0013175,0.12384,0.031235,0.030308,0.1577,0.015616,0.14901,0.45692
0.04509,0.12255,0.47225,0.036888,0.18575,0.027523,0.091184,0.017248,0.0015185,0
0.00058343,0.0052205,0,0.024862,0.00061161,0.19149,0.1783,0.033425,0.17735,0.38816
0.0019236,0,0,0.02829,0.01631,0.077266,0.39373,0.27256,0.20708,0.0028375
0.0072352,0.010584,0.47185,0.38769,0.1184,0.003197,0,0.0010443,0,0
0.4289,0.31938,0.031281,0.023546,0.13433,0.00067998,0,0,0.057703,0.0041715
0.60225,0.050777,0.038601,0.023529,0.228,0.0081798,0.0031909,0.031098,0.0054053,0.0089689
0.66417,0.22704,0.036587,0.024459,0.043569,0,0,0.0030487,0,0.0011227
0.0075851,0.031024,0.56566,0.046025,0.21018,0.032872,0.044841,0.025043,0.031215,0.0055474
0.54009,0.27755,0.059057,0.019358,0.052394,0.0024624,0.0029283,0.03682,0.0035803,0.005766
0,0,0.0020203,0,0.019768,0.21937,0.28228,0.43488,0.036551,0.0051323
0.043744,0.094871,0.1139,0.038263,0.092369,0.25629,0.14629,0.072549,0.056583,0.08514
0.59342,0.1613,0.028523,0.0056449,0.036953,0.043397,0.05569,0.015611,0.048209,0.011256
0.57313,0.39015,0.015139,0.010925,0.0017508,0,0.0089075,0,0,0
0.64984,0.096155,0.1082,0.038311,0.063416,0.015237,0.0016874,0.0042841,0.0056864,0.017185
0.10483,0.38003,0.17613,0.29302,0.037529,0.0084646,0,0,0,0
0.8706,0.065245,0.02136,0.00094109,0.036524,0.00074855,0,0,0,0.0045857
0,0.004285,0.0082362,0.01446,0.0034717,0.041961,0.24166,0.50681,0.096899,0.082214
0,0.01644,0.037011,0.52147,0.37011,0.0035584,0.0022365,0.03433,0,0.014848
0.70973,0.052115,0.017909,0.056901,0.11298,0.014,0.0038542,0.011316,0.00073995,0.020458
0.011201,0.023268,0.050049,0.0059259,0.013073,0.11349,0.18084,0.11437,0.22176,0.26603
