0.024991,0.091069,0.0048707,0.023242,0.036704,0.035014,0.12988,0.041581,0.20961,0.40303
0.012501,0.022083,0.0076386,0.071111,0.33399,0.25516,0.089248,0.15914,0.049123,0
0.5867,0.21708,0.086031,0.073826,0.032991,0.0016437,0,0,0,0.0017246
0.49363,0.01408,0.009162,0.00024033,0.072093,0.095423,0.060508,0.050898,0.072562,0.1314
0.051196,0.092519,0.25636,0.20313,0.14532,0.10928,0.019964,0.048036,0.039922,0.034279
0.073574,0.048624,0.016265,0.047788,0.12443,0.2478,0.23721,0.032766,0.12273,0.048811
0.034768,0.061664,0.09802,0.084915,0.19673,0.22997,0.14105,0.07009,0.035752,0.04704
0.00066723,0.0022485,0.024326,0.10195,0.27013,0.16131,0.20421,0.093534,0.057453,0.084173
0.0063176,0.0079032,0.0096166,0.16165,0.1735,0.079046,0.15407,0.10742,0.13355,0.16692
0.006796,0.036978,0.055625,0.12852,0.21788,0.075001,0.087302,0.08522,0.21668,0.089997
0.047008,0.03767,0.048913,0.092194,0.11831,0.22175,0.21661,0.096121,0.02999,0.091434
0.0087714,0.030649,0.24281,0.21889,0.10873,0.073141,0.047506,0.16373,0.042303,0.063474
0.061064,0.11692,0.33686,0.13951,0.09375,0.09815,0.075793,0.035555,0.036076,0.0063203
0.016436,0.040795,0.06385,0.12617,0.080674,0.2066,0.28714,0.10166,0.039141,0.037527
0.0039973,0.030855,0.010252,0.053154,0.11501,0.44299,0.21133,0.10364,0.02296,0.0058155
0.023275,0.019724,0.0091536,0.035142,0.13432,0.20156,0.23461,0.26931,0.031073,0.041826
0.059462,0.23182,0.11482,0.23828,0.085937,0.097764,0.014668,0.010438,0.04388,0.10293
0.82763,0.15248,0.017908,0,0.0019841,0,0,0,0,0
0.021603,0.065881,0.28965,0.15722,0.24969,0.13326,0.076706,0.0036029,0,0.0023845
0.016975,0.85731,0.043272,0.0080605,0.012591,0.005939,0.0018365,0.0070288,0.040897,0.0060936
0.063618,0.14274,0.069744,0.093495,0.12676,0.16045,0.14824,0.1039,0.011702,0.079361
0.013744,0.032242,0.030853,0.023592,0.037182,0.019791,0.051501,0.068344,0.26596,0.45679
0.087795,0.23779,0.19175,0.11321,0.11826,0.13124,0.032705,0.008152,0.035907,0.043195
0.010593,0.0049462,0.01478,0.054814,0.27603,0.22544,0.083087,0.086483,0.087257,0.15658
0.23191,0.23734,0.03324,0.044916,0.099816,0.039084,0.062073,0.070015,0.063551,0.11806
0.015504,0.05841,0.1151,0.11318,0.07984,0.029903,0.12472,0.31385,0.079051,0.070435
0.2999,0.072574,0.021504,0.031205,0.03262,0.1381,0.1592,0.077822,0.066512,0.10056
0.2286,0.25009,0.14455,0.18089,0.061181,0.060647,0.014344,0.039171,0.020523,0
0.18322,0.048409,0.021592,0.041314,0.033078,0.12076,0.087855,0.047234,0.03559,0.38094
0.0063952,0,0,0,0.055631,0.075491,0.12192,0.076836,0.096846,0.56688
0.080555,0.089966,0.35237,0.36815,0.024561,0,0,0.02712,0.025349,0.03193
0.024622,0.0045833,0.021277,0.014274,0.047669,0.16719,0.40842,0.24005,0.047149,0.024763
0.017372,0.038178,0.076567,0.080777,0.11094,0.11009,0.28564,0.11173,0.040754,0.12794
0,0,0.00094724,0,0.0016795,0,0.0095586,0.098207,0.052575,0.83703
0,0,0,0.060637,0.22776,0.15876,0.3592,0.15664,0.030993,0.0060089
0.18423,0.36263,0.17233,0.020592,0.081018,0.054609,0.01707,0.043201,0.026292,0.038036
0.073995,0.10292,0.045764,0.13501,0.22942,0.31836,0.058774,0.019126,0.0084073,0.008224
0.011426,0.017495,0.010912,0.050125,0.15366,0.10862,0.044252,0.061647,0.1757,0.36616
0.31596,0.057158,0.046592,0.040329,0.056687,0.018201,0.039471,0.04201,0.045086,0.3385
0.039982,0.061486,0.015124,0.077972,0.23868,0.18369,0.15841,0.13077,0.070314,0.023574
0.020605,0.20128,0.15043,0.054956,0.11492,0.013298,0.032016,0.020874,0.10173,0.2899
0.0052293,0.0079088,0.0049837,0.05505,0.13329,0.22094,0.044745,0.197,0.21027,0.12058
0.11915,0.34025,0.060225,0.097303,0.14321,0.099996,0.061442,0.015386,0.026673,0.036354
0,0.013436,0.017532,0.013467,0.0083146,0.013332,0.028481,0.08762,0.32974,0.48808
0.15155,0.11328,0.028007,0.02154,0.062891,0.070013,0.05938,0.26645,0.21669,0.010203
0.045104,0.0027039,0.014882,0.08493,0.11599,0.32552,0.091416,0.011714,0.20981,0.097932
0.1659,0.055708,0.19753,0.17079,0.16865,0.039238,0.073247,0.064302,0.021711,0.042921
0.013901,0.030972,0.13039,0.017389,0.0042525,0.00046329,0.013586,0.13699,0.22415,0.42791
0.030737,0.2974,0.23825,0.095143,0.19086,0.11994,0.018026,0.001934,0.0030744,0.0046491
0.039032,0.014368,0.14397,0.47335,0.30355,0.022115,0,0.0017058,0,0.001916
0,0.35724,0.16293,0.081399,0.11262,0.061324,0.13616,0.060696,0.011249,0.016383
0.82271,0.08293,0.0107,0.025678,0.023231,0.0051356,0,0.0065146,0.023102,0
0.012993,0.0044999,0.01191,0.017287,0.015546,0.018654,0.043757,0.074436,0.21358,0.58734
0.014937,0.024496,0.072746,0.058823,0.18958,0.11003,0.1096,0.12093,0.24116,0.057693
0.13386,0.34299,0.078883,0.080045,0.28281,0.028668,0.020223,0.025233,0.007282,0
0.57076,0.099454,0.11386,0.040918,0.031519,0.029005,0.018739,0.015518,0.061045,0.019185
0.017874,0.34762,0.20684,0.19832,0.15285,0.05496,0.0057645,0.0038025,0.0098977,0.0020799
0.022244,0.25164,0.48358,0.20687,0.026423,0.0049942,0.0042457,0,0,0
0,0.0011899,0,0.0099066,0.0025611,0.026932,0.14345,0.30946,0.24103,0.26547
0.015725,0.0015523,0.0089189,0.012219,0.143,0.24805,0.52571,0.021475,0.020714,0.0026317
0,0.01149,0.049062,0.64757,0.28346,0.0055841,0,0,0.0028366,0
0.015416,0.19509,0.27043,0.15969,0.038487,0.030895,0.071617,0.11879,0.089815,0.009775
0,0.0054588,0.012253,0.0057365,0.023834,0.49588,0.39359,0.044676,0.0081738,0.010403
0,0,0,0,0,0,0.0030253,0.059102,0.54869,0.38918
0.11973,0.15307,0.2841,0.11458,0.028756,0.23566,0.00076757,0.025956,0.0026668,0.03471
0.0056208,0.00022761,0.0010151,0,0.0012888,0.012679,0.17574,0.56196,0.2189,0.022569
0.55417,0.19411,0.098361,0.12935,0.0015696,0.012396,0.0084359,0,0.0016108,0
0.65798,0.2121,0.041352,0.0559,0.012007,0.0036989,0.007076,0,0.0076394,0.0022488
0.6015,0.30399,0.03886,0.032044,0.016533,0.0070799,0,0,0,0
0.029987,0,0,0.081338,0.19121,0.46274,0.025258,0.062056,0.091744,0.055676
0.34615,0.5156,0.10924,0.011665,0.0038251,0.0097865,0,0.0037317,0,0
0.10539,0.010838,0.019088,0.012289,0.24879,0.026178,0.035936,0.13679,0.1582,0.2465
0.22869,0.03768,0.025827,0.034679,0.099139,0.0968,0.0054305,0.16543,0.076645,0.22968
0.0024464,0.0087901,0.045905,0.042196,0.049485,0.096579,0.12623,0.21282,0.19235,0.2232
0,0,0.022053,0.012173,0.11162,0.18292,0.2757,0.20553,0.034364,0.15564
