0.041826,0.052125,0.056008,0.10925,0.36789,0.19498,0.068912,0.051904,0.046855,0.010248
0.010416,0.029659,0.025704,0.024635,0.078324,0.16647,0.19277,0.076132,0.27534,0.12056
0.064055,0.098255,0.21204,0.19028,0.15029,0.12684,0.058115,0.042168,0.018299,0.039665
0,0,0.0032524,0.022506,0.065685,0.03788,0.090173,0.27319,0.39445,0.11286
0.0015567,0.0068243,0.029906,0.10214,0.023761,0.021249,0.057603,0.050161,0.19387,0.51294
0.026467,0.023288,0.013575,0.10714,0.10313,0.077474,0.040616,0.084597,0.36647,0.15725
0.49176,0.15529,0.11996,0.11243,0.023477,0.034009,0.015067,0.0091801,0.029054,0.0097676
0.068155,0.024573,0.022252,0.070245,0.35184,0.19215,0.05528,0.028906,0.077612,0.10898
0.40079,0.069857,0.034453,0.19828,0.071016,0.076634,0.042686,0.026884,0.024988,0.054408
0.0033785,0.0024157,0.0046734,0,0.00277,0.025817,0.3482,0.53551,0.072069,0.0051728
0.068959,0.008212,0.025751,0.0080068,0.011693,0.1321,0.030302,0.16977,0.49571,0.049491
0.0088996,0.015427,0.26215,0.089717,0.3051,0.18442,0.011794,0.040536,0.06543,0.016519
0.0010989,0.010963,0.0365,0.10661,0.28561,0.092278,0.16577,0.10727,0.17875,0.015155
0,0.010052,0.17837,0.039088,0.097573,0.42383,0.18083,0.040439,0.026329,0.0034944
0.015816,0.017143,0.040087,0.10179,0.21634,0.5084,0.0072579,0.011408,0.046039,0.035718
0,0.0034735,0.0014285,0.01515,0.020955,0.1028,0.25151,0.44921,0.016454,0.13902
0.31595,0.26533,0.055416,0.10581,0.08098,0.043542,0.0238,0.017624,0.025404,0.066135
0.21873,0.11762,0.033371,0.33116,0.12291,0.075204,0.02603,0.010892,0.031265,0.032814
0.0057449,0.00058768,0.007518,0.036195,0.023843,0.69332,0.16398,0.049249,0.0073729,0.012192
0.013389,0,0.0058239,0.003031,0.13609,0.35799,0.13387,0.10715,0.082452,0.1602
0.56653,0.26219,0.049358,0.046781,0.034622,0.0039746,0.0039298,0.008592,0.0028577,0.021161
0.015844,0.031918,0.026322,0.007815,0.048922,0.094907,0.076787,0.025921,0.16525,0.50631
0.09165,0.011636,0.00097445,0.0025442,0.02307,0.0098702,0.062976,0.063423,0.47803,0.25583
