0.042495,0.1144,0.053383,0.095617,0.1761,0.2438,0.17968,0.038936,0.04149,0.014105
0.12534,0.019488,0.011473,0.0007813,0.0165,0.074141,0.073982,0.11207,0.49579,0.070421
0.45099,0.088435,0.071492,0.21273,0.078069,0.05359,0.0084238,0.01837,0.0021371,0.01577
0.45359,0.20936,0.22118,0.043063,0.032014,0.022616,0.0067106,0.0013716,0.0073329,0.0027576
0.060935,0.1094,0.037362,0.09483,0.065421,0.08566,0.29982,0.2297,0.0079335,0.0089315
0.045237,0.10885,0.07543,0.097383,0.3033,0.09934,0.20674,0.047519,0.013794,0.0024046
0,0,0.0091005,0.01398,0.0052908,0.065471,0.091198,0.03612,0.40464,0.3742
0.067119,0.045991,0.016942,0.029238,0.01881,0.11021,0.11547,0.028475,0.24634,0.32141
0.020924,0.00014879,0.0083867,0.011434,0.067102,0.75124,0.068277,0.026572,0.025986,0.019934
0.27343,0.083077,0.025939,0.024706,0.071077,0.11449,0.051774,0.041384,0.038581,0.27554
0.29843,0.091879,0.11456,0.10483,0.076249,0.12675,0.032375,0.040505,0.037744,0.076682
0.18575,0.1862,0.14607,0.15453,0.13469,0.089955,0.056433,0.020263,0.016204,0.0099077
0.021571,0.042601,0.06519,0.040783,0.045473,0.19364,0.2721,0.21235,0.057657,0.048629
0.032899,0.029154,0.041552,0.018259,0.046992,0.14657,0.47861,0.074013,0.075394,0.056554
0.14789,0.066057,0.068153,0.099146,0.16835,0.13806,0.095378,0.056187,0.078649,0.082133
0.027694,0.049205,0.036204,0.14608,0.23028,0.18814,0.16848,0.082307,0.022805,0.048808
0.031837,0.032594,0.028448,0.094945,0.28436,0.17032,0.17598,0.092232,0.071887,0.017403
0.020867,0.054893,0.24492,0.15328,0.11648,0.034503,0.034267,0.28231,0.04142,0.017049
0.073786,0.1304,0.26341,0.061268,0.11274,0.14822,0.081928,0.038435,0.019885,0.06992
0.056959,0.032759,0.066956,0.044018,0.061669,0.12005,0.29941,0.17557,0.10109,0.041523
0.034808,0.015147,0.010871,0.074019,0.19103,0.24089,0.37585,0.038706,8.1125e-06,0.018679
0.015466,0.013125,0.06451,0.065032,0.10113,0.12451,0.13734,0.16692,0.20905,0.10291
0.018613,0.097832,0.16305,0.29541,0.12644,0.0838,0.074316,0.057082,0.057604,0.025848
0.011419,0.048586,0.021149,0.2077,0.15732,0.095707,0.25304,0.19124,0.013836,0
0.095011,0.01647,0.017593,0.02717,0.31034,0.39901,0.11906,0.0093004,0.0060458,0
0.27082,0.020788,0.13872,0.16749,0.075547,0.28566,0.029638,0.0074223,0.0022065,0.0017102
0.071384,0.094634,0.076416,0.14362,0.12342,0.16935,0.15429,0.045388,0.038255,0.083248
0.062629,0.05119,0.10264,0.12647,0.31728,0.16907,0.11127,0.030194,0.013785,0.015474
0.23155,0.33037,0.2346,0.04533,0.056381,0.049734,0.010098,0.011975,0.002473,0.027491
0.087625,0.12999,0.31683,0.10082,0.085456,0.11632,0.091793,0.0223,0.031785,0.017081
0.038665,0.061601,0.066151,0.17191,0.058727,0.1044,0.16895,0.10334,0.091857,0.1344
0.038115,0.055006,0.097546,0.099385,0.063012,0.044576,0.26015,0.15442,0.1486,0.039188
0.060863,0.026026,0.069035,0.18521,0.3042,0.10052,0.043832,0.081895,0.068966,0.059451
0.017175,0.013687,0.054808,0.24258,0.2165,0.20459,0.11129,0.082824,0.033235,0.02332
0.30571,0.10467,0.19217,0.18665,0.061463,0.044451,0.038473,0.032658,0.013119,0.02064
0.013304,0.0086635,0.053115,0.088686,0.12346,0.26232,0.25144,0.068244,0.092423,0.03835
0.026378,0.01877,0.068096,0.046075,0.11014,0.31844,0.21415,0.078653,0.084161,0.035134
0.006739,0.037487,0.032233,0.11614,0.42308,0.081343,0.14038,0.076874,0.046821,0.038897
0.0031128,0.004931,0.0088954,0.064729,0.46567,0.19201,0.10947,0.037217,0.050413,0.063556
0.014902,0.027263,0.0722,0.3436,0.28098,0.19015,0.016817,0.031005,0.015215,0.0078683
0.055825,0.17962,0.20129,0.1022,0.1261,0.089763,0.014636,0.024274,0.033507,0.17278
0.13435,0.36647,0.10852,0.088321,0.08876,0.031764,0.02669,0.022091,0.035838,0.097197
0.028899,0.025579,0.10179,0.16801,0.16346,0.028322,0.067584,0.015158,0.020197,0.38101
0.17371,0.094319,0.11145,0.046519,0.057,0.061579,0.036281,0.11269,0.19082,0.11562
0.042433,0.070286,0.034294,0.068444,0.010886,0.018175,0.042327,0.076028,0.15646,0.48067
0.08297,0.079018,0.027459,0.10464,0.14324,0.24002,0.24332,0.012597,0.045919,0.020812
0.014602,0.0033148,0.015628,0.094131,0.10679,0.1447,0.22961,0.13606,0.12858,0.12659
0.031719,0.054652,0.14529,0.34659,0.25068,0.046591,0.0088224,0.015817,0.0041851,0.095663
0.066665,0.074735,0.21817,0.32219,0.24566,0.043948,0.0033724,0.024553,0.00070244,0
0.0098045,0.09933,0.23587,0.37543,0.27746,0.0021095,0,0,0,0
0.46414,0.24161,0.068284,0.1471,0.005763,0.037059,0.0044433,0.0022425,0.010371,0.01898
0.00708,0.016438,0.27565,0.12613,0.019473,0.011951,0.053579,0.025097,0.25827,0.20634
0.065625,0.025372,0.11159,0.13692,0.041463,0.15673,0.085931,0.14701,0.17007,0.05929
0.064109,0.036399,0.044078,0.034382,0.14097,0.095983,0.22502,0.11848,0.14201,0.098569
0.074513,0.093604,0.070944,0.082535,0.088823,0.1427,0.23496,0.1058,0.068058,0.038059
0.0066369,0.021106,0.059638,0.1686,0.14217,0.24267,0.070024,0.075416,0.11172,0.10202
0.018012,0,0.0026026,0.13094,0.054423,0.042177,0.094202,0.055791,0.19502,0.40684
0.1018,0.039698,0.033677,0.032045,0.041748,0.082684,0.12353,0.18505,0.10618,0.25358
0.0091321,0.040509,0.026914,0.03706,0.022273,0.023494,0.054943,0.017897,0.04988,0.7179
0.11125,0.0020549,0.15114,0.05548,0.44713,0.1929,0.036465,0.0030825,0,0.00049499
0.011491,0.0033356,0.27547,0.67586,0.017844,0.0013841,0.0007597,0.0064174,0.0056941,0.0017422
0.18986,0.081024,0.032354,0.117,0.43187,0.029291,0.06585,0.017602,0.01237,0.02278
0.04916,0.16841,0.074826,0.047129,0.075926,0.10753,0.29027,0.15227,0.015616,0.018867
0.066221,0.042063,0.037437,0.083717,0.017676,0.051263,0.057458,0.078239,0.2412,0.32472
0.16227,0.14025,0.11509,0.026855,0.038788,0.059368,0.068248,0.091931,0.18033,0.11687
0.015616,0.084198,0.047921,0.14577,0.19972,0.073611,0.069116,0.044577,0.18723,0.13224
0.20819,0.4038,0.11181,0.063353,0.097614,0.057254,0.028727,0.0098992,0.0032118,0.016138
0.41788,0.1244,0.17535,0.1218,0.0087461,0.0028797,0.059333,0.030595,0.0036204,0.055398
0.79482,0.11972,0.010776,0.011463,0.020464,0.019762,0.0093298,0.011826,0,0.001837
0.29383,0.10269,0.1052,0.09835,0.14786,0.14825,0.056559,0.012544,0.023472,0.011245
0.27675,0.10709,0.22796,0.16824,0.094638,0.023522,0.015111,0.014891,0.027887,0.043912
0.30113,0.36407,0.24638,0.012333,0.011492,0.029115,0.019651,0,0.0020303,0.013793
0.023861,0.17796,0.028364,0.078289,0.14675,0.093236,0.081278,0.18687,0.16993,0.013454
0.2289,0.25507,0.231,0.07109,0.10533,0.055761,0.014943,0.019188,0.0070081,0.011707
0.30079,0.45919,0.059246,0.049319,0.061506,0.014817,0.0061576,0,0.047049,0.0019286
0,0.0024844,0.030319,0.018513,0.029962,0.047268,0.079702,0.31547,0.46446,0.011822
0.011545,0.019751,0.020159,0.19803,0.37052,0.27449,0.1003,0.0051986,0,0
0.039995,0.0178,0.058446,0.04373,0.033459,0.088855,0.12457,0.14451,0.42868,0.019952
0.4479,0.44131,0.047487,0.016592,0.028316,0.0092031,0.0064621,0.0021057,0.00061711,0
0.044402,0.030991,0.093355,0.21794,0.41674,0.11787,0.070996,0,0.0012407,0.0064651
0.018418,0,0.0029602,0.011395,0.56205,0.38481,0.0154,0.0011492,0,0.0038179
0.011096,0,0,0.0088996,0.13871,0.82419,0.017104,0,0,0
0.017555,0.0029115,0.0022514,0.0041101,0.024508,0.046122,0.052409,0.20865,0.22125,0.42023
