0.14477,0.78955,0.060327,0.0023339,0.0011897,0.0014061,0,0,0,0.00042377
0.01212,0.0026787,0.0050174,0.037668,0.077594,0.21222,0.45259,0.19618,0.0039337,0
0.68905,0.21809,0.06797,0.0027979,0,0.0012193,0.0026601,0.0048475,0.012262,0.0011097
0.19086,0.19913,0.22828,0.13534,0.09502,0.045765,0.068206,0.024745,0.012655,0
0.9227,0.047971,0.002332,0.00035705,0,0,0.026638,0,0,0
0.81834,0.14964,0.018686,0.0074827,0,0.0058488,0,0,0,0
0.0078713,0.08536,0.036439,0.035863,0.22453,0.11834,0.13749,0.31939,0.034723,0
0.36858,0.34837,0.071792,0.039025,0.053405,0.070114,0.014072,0.0068649,0.026984,0.00078926
0.0078929,0.30044,0.53976,0.14732,0,0,0,0,0,0.0045773
0,0.010257,0.035663,0.089514,0.22529,0.156,0.267,0.20664,0.0096407,0
0.31495,0.1305,0.082368,0.040541,0.03333,0.040776,0.083042,0.081046,0.053501,0.13995
0.29598,0.21272,0.08862,0.034312,0.028326,0.024736,0.14792,0.044733,0.048751,0.073904
0.00028356,0,0,0.00076798,0,0.26481,0.030533,0.06616,0.51973,0.11771
0.34508,0.24859,0.040924,0.064134,0.13786,0.013525,0.023868,0.0082744,0.11588,0.001862
0.11714,0.086788,0.042639,0.28149,0.18797,0.15422,0.060819,0.046029,0.020856,0.0020445
0.0020751,0.010685,0.005719,0.0074146,0.01298,0.015113,0.033534,0.031258,0.16555,0.71567
0.013508,0.013922,0.070015,0.15167,0.048349,0.082857,0.09337,0.15576,0.13924,0.23131
0.052445,0.044452,0.090492,0.15401,0.1291,0.060376,0.082781,0.10297,0.1514,0.13197
0.0040223,0.070017,0.083761,0.21992,0.2201,0.071824,0.099092,0.087313,0.036195,0.10776
0.14219,0.077306,0.13731,0.083837,0.17335,0.11496,0.073863,0.026774,0.039932,0.13048
0.25264,0.20411,0.17239,0.18113,0.071656,0.034564,0.021222,0.034676,0.0055776,0.022031
0.13286,0.29541,0.095626,0.077882,0.015303,0.027741,0.082556,0.050591,0.056133,0.1659
0.0566,0.0407,0.0718,0.060817,0.31641,0.28881,0.082256,0.034459,0.0069691,0.041179
0.34153,0.1606,0.10451,0.096747,0.013392,0.028694,0.075757,0.034963,0.046423,0.097384
0.32415,0.19014,0.24071,0.14006,0.073267,0.012009,0.0079453,0.0050072,0.0029203,0.0037887
0.0010458,0.011499,0.11686,0.10804,0.45752,0.12436,0.043738,0.03998,0.044453,0.0525
0.20859,0.28432,0.14691,0.20845,0.095588,0.014579,0.038084,0.0034926,0,0
0.16939,0.13534,0.12016,0.097703,0.026916,0.065655,0.033483,0.013851,0.0041242,0.33338
0.054971,0.035456,0.0098111,0.0064348,0.059263,0.099373,0.15434,0.10063,0.085175,0.39455
0.041943,0.024204,0.023407,0.027609,0.14747,0.073888,0.079441,0.16609,0.30061,0.11534
0.047864,0.048301,0.2469,0.19639,0.11386,0.075117,0.065347,0.077348,0.089773,0.039099
0.007607,0.018213,0.0088318,0.12875,0.085571,0.16116,0.06443,0.28076,0.17877,0.065902
0.11303,0.2464,0.45969,0.076031,0.031947,0.033765,0.020655,0.0064714,0.0087399,0.0032754
0,0.00066695,0.005359,0.022357,0.017159,0.039979,0.091806,0.23328,0.22348,0.36592
0.0058892,0.037478,0.046491,0.0524,0.14659,0.18133,0.09053,0.18997,0.094065,0.15526
0.36219,0.14632,0.18108,0.094546,0.046567,0.028473,0.02542,0.031095,0.050889,0.033424
0.18555,0.079685,0.10841,0.063283,0.046426,0.030051,0.056729,0.1461,0.19902,0.084746
0.3098,0.22749,0.19268,0.071509,0.060215,0.022191,0.026472,0.033887,0.021963,0.033793
0.010399,0.081469,0.50576,0.27985,0.11262,0.0074533,0.0024596,0,0,0
0.76027,0.13767,0.064842,0.010326,0.012398,0.0019619,0.0054646,0.0064498,0,0.00062162
0.030787,0.0049561,0.00078798,0.003567,0.039663,0.071044,0.30005,0.31923,0.085149,0.14477
0.012515,0.01313,0.01792,0.13657,0.17631,0.36884,0.20985,0.05777,0.0059436,0.0011506
0,0.00049785,0.0033772,0.0078063,0.0041925,0.026261,0.035633,0.10644,0.51134,0.30445
0.070089,0.088434,0.25678,0.26548,0.11371,0.17545,0.013379,0.00047445,0.0079762,0.0082257
0.11573,0.81617,0.054573,0.0098252,0,0.0014128,0,0,0.0022914,0
0.0056567,0,0,0.0064527,0.0013862,0.038585,0.030378,0.075598,0.15632,0.68562
0.0024558,0.0023383,0.052857,0.21965,0.38094,0.10461,0.046468,0.07881,0.026932,0.084936
0.0086069,0.019156,0.073622,0.21142,0.30171,0.14211,0.12523,0.076384,0.041755,0
0.0010872,0.1812,0.60779,0.1634,0.0423,0.0016143,0.0026003,0,0,0
0.16977,0.43903,0.13439,0.11173,0.069112,0.058583,0.0072404,0.001286,0,0.0088466
0,0,0,0.001602,0.0011815,0.011489,0.02342,0.13875,0.28183,0.54172
0.0017192,0.019727,0.065313,0.37776,0.39407,0.066354,0.011789,0.023521,0.020576,0.019164
0.34607,0.27321,0.10232,0.058327,0.073821,0.10263,0.035248,0.0057039,0,0.0026669
0.034609,0.48328,0.43138,0.020316,0.019877,0.0010806,0.008495,0,0,0.00096511
0.13144,0.19135,0.25227,0.13768,0.11618,0.10397,0.010411,0.033179,0.0049061,0.018601
0.15109,0.063839,0.18914,0.050725,0.038277,0.098187,0.13493,0.21507,0.044342,0.0144
0.1513,0.21816,0.037859,0.026364,0.18451,0.073906,0.034456,0.060367,0.068304,0.14477
0.22259,0.47912,0.098864,0.01746,0.063392,0.070089,0.027997,0.017951,0,0.0025363
0.033954,0.40922,0.18992,0.053065,0.051509,0.064058,0.034104,0.041009,0.085147,0.038012
0.044818,0.16703,0.12503,0.06403,0.0648,0.11788,0.079141,0.073237,0.13367,0.13036
0.028765,0.065079,0.063757,0.13794,0.18475,0.18229,0.16597,0.10234,0.061956,0.0071514
0.013964,0.008927,0.023774,0.081683,0.36272,0.34583,0.045688,0.053141,0.034979,0.029293
0.01117,0.0098356,0.061429,0.29067,0.35361,0.13796,0.092183,0.024301,0.011759,0.0070836
0.10615,0.1426,0.35016,0.11276,0.093699,0.06803,0.059467,0.047268,0.018945,0.0009223
0.035505,0.024581,0.022116,0.14101,0.60773,0.09001,0.00851,0.032334,0.022645,0.015558
0.009451,0.011516,0.061229,0.10624,0.35837,0.16648,0.20599,0.036004,0.021062,0.023671
0.0096334,0.058581,0.059179,0.12069,0.078999,0.26858,0.28975,0.060663,0.038809,0.015118
0.00096403,0,0.016711,0.090777,0.16771,0.56976,0.082485,0.036155,0.023121,0.01231
0.014683,0.016704,0.04418,0.060494,0.13446,0.3046,0.27401,0.10042,0.02822,0.02224
0.071215,0.049449,0.07451,0.049496,0.23078,0.17669,0.14005,0.089875,0.07105,0.046886
0.056743,0.070423,0.058784,0.32402,0.30349,0.11452,0.046632,0.021423,0.0039711,0
0.021828,0.067484,0.040561,0.064684,0.03549,0.046672,0.1975,0.20164,0.14549,0.17865
0.024703,0.030172,0.029378,0.068829,0.15193,0.22502,0.16833,0.11941,0.088658,0.093556
0.014663,0.014436,0.037529,0.052957,0.025813,0.039438,0.095155,0.46467,0.14305,0.11229
0.040208,0.080405,0.13389,0.074128,0.12143,0.08103,0.1127,0.12636,0.073212,0.15664
