0.054272,0.083837,0.038982,0.049145,0.16339,0.21137,0.078684,0.17898,0.085083,0.056255
0.080474,0.17446,0.078884,0.11379,0.2483,0.11739,0.099986,0.039416,0.018509,0.028791
0.111,0.079163,0.049206,0.19673,0.12953,0.2081,0.12021,0.024541,0.077439,0.0040858
0.013128,0.007675,0.041894,0.045204,0.23931,0.17731,0.22192,0.22713,0.015917,0.010525
0.054983,0.030991,0.062437,0.076306,0.1114,0.12519,0.15076,0.23056,0.091162,0.066213
0.057698,0.14381,0.14475,0.098538,0.069555,0.21364,0.095661,0.020365,0.064921,0.091051
0.0010182,0,0.044506,0.085669,0.2407,0.18892,0.28973,0.12781,0.013734,0.0079163
0.0087861,0.035491,0.011081,0.031433,0.092629,0.082792,0.3101,0.085501,0.17316,0.16903
0.029035,0.019612,0.04175,0.060116,0.15694,0.21225,0.082804,0.054056,0.15466,0.18878
0.11177,0.23621,0.13178,0.10296,0.088172,0.085135,0.048258,0.047245,0.1009,0.047553
0.3573,0.25617,0.035237,0.026613,0.010942,0.058562,0.047625,0.069619,0.071374,0.066558
0.22006,0.1107,0.052212,0.12318,0.19998,0.056105,0.015995,0.039584,0.092996,0.089186
0.0067494,0.081219,0.073449,0.32862,0.3741,0.11215,0.021288,0,0.0024233,0
0.038355,0.094179,0.17144,0.13155,0.19268,0.15024,0.07584,0.036849,0.070489,0.038377
0.0081352,0.073369,0.19411,0.12204,0.10185,0.25444,0.07766,0.090512,0.022839,0.05504
0.50057,0.19716,0.15903,0.07279,0.043591,0.0039219,0.0059209,0.014719,0,0.0022933
0.02636,0.0040502,0.0061231,0.0060664,0.009225,0.10906,0.17071,0.55931,0.067208,0.041883
0.031982,0.21207,0.52372,0.14408,0.056451,0.025604,0.0022194,0,0.0008604,0.0030123
0.0035025,0.016213,0.10581,0.21442,0.5527,0.063504,0.0060354,0.0010168,0.0073263,0.029471
0.0079234,0.0023049,0.017122,0.087303,0.54704,0.21792,0.032019,0.035445,0.022315,0.030613
0.0010739,0.029591,0.16651,0.46914,0.18865,0.053929,0.05563,0.032095,0,0.0033941
0.4288,0.12321,0.20436,0.061857,0.04717,0.043464,0.013412,0.013359,0.039969,0.024394
0.24711,0.21485,0.2712,0.1024,0.066238,0.051258,0.025588,0.010358,0.0020862,0.0089082
0.19451,0.4185,0.25358,0.09073,0.037166,0.0038823,0.0012942,0,0.00034025,0
0.098364,0.36379,0.16954,0.18011,0.087162,0.072832,0.023983,0.0029812,0.0012326,0
0.00081506,0,0.0058147,0.13057,0.18743,0.6435,0.025034,0.0018799,0.0049529,0
0.025061,0.0099612,0.022523,0.034192,0.034244,0.041356,0.076649,0.31097,0.22796,0.21708
0.045089,0.043541,0.04518,0.031438,0.070574,0.025197,0.01946,0.050319,0.47174,0.19746
0.24791,0.27218,0.11784,0.04899,0.11635,0.047847,0.080504,0.068382,0,0
0.0073672,0.015557,0.013553,0.025631,0.031451,0.056111,0.055729,0.075554,0.30341,0.41563
0.04796,0.63862,0.22265,0.025284,0.052211,0.010118,0.0031641,0,0,0
0.059243,0.0042888,0.043329,0.066715,0.11553,0.23587,0.15458,0.27813,0.034049,0.0082615
0,0.015368,0.0063757,0.168,0.35306,0.34191,0.090379,0.017032,0.0062636,0.0016037
0.75836,0.13499,0.036444,0.0086209,0.024616,0.0073026,0.0013964,0.0038222,0.0091222,0.015329
0.031174,0.16175,0.0042985,0.040199,0.31391,0.037877,0.044914,0.12052,0.1522,0.093154
