0.18316,0.087315,0.11029,0.088358,0.11794,0.17002,0.089749,0.034891,0.033021,0.085255
0.37035,0.18452,0.051893,0.025714,0.22264,0.087158,0.023969,0.0064422,0.0078927,0.01942
0.31618,0.48092,0.057305,0.021676,0.0065519,0.0064929,0.076048,0.0040131,0.019206,0.011613
0.053752,0.33522,0.42888,0.060895,0.037848,0.065329,0.00072143,0.012788,0.0045661,0
0.0019454,0.015277,0.032745,0.026211,0.04682,0.0516,0.12888,0.13999,0.40342,0.15311
0,0,0.020332,0.0037771,0.0024994,0.013134,0.064734,0.14731,0.63606,0.11216
0.0026088,0.0071379,0.02432,0.010389,0.0073129,0.023632,0.019586,0.12848,0.34911,0.42742
0.02361,0.0023912,0.017044,0.029996,0.024778,0.019565,0.12915,0.19185,0.48484,0.076773
0.12867,0.24697,0.12497,0.18129,0.094746,0.068398,0.06178,0.025153,0.029411,0.038619
0.04065,0.027558,0.11756,0.09387,0.30981,0.15423,0.21825,0.026129,0.005954,0.0059872
0.048653,0.096862,0.063472,0.12003,0.12666,0.16235,0.13712,0.10026,0.077829,0.066758
0.014079,0.023803,0.09103,0.14585,0.105,0.10676,0.27458,0.15183,0.046356,0.040705
0.0035572,0.0012229,0.061693,0.082282,0.11398,0.080064,0.080815,0.24772,0.19181,0.13685
0.021263,0.069471,0.070638,0.33113,0.21281,0.13093,0.071704,0.036243,0.027617,0.028189
0.042584,0.022408,0.22854,0.051462,0.16902,0.13914,0.17258,0.092214,0.052088,0.029961
