0.051099,0.052162,0.027604,0.031496,0.15087,0.37873,0.16624,0.069828,0.053409,0.018559
0.029436,0.059483,0.11824,0.075702,0.25711,0.14905,0.088514,0.16093,0.041965,0.019564
0.0024814,0.014206,0.03531,0.10408,0.30508,0.11914,0.15369,0.15944,0.1009,0.005672
0.013849,0.096297,0.16117,0.35595,0.3443,0.011802,0.0018967,0.013273,0.00014253,0.0013224
0.5175,0.29991,0.14331,0.032184,0.0071058,0,0,0,0,0
0.81528,0.040417,0.014068,0.0053995,0.0049014,0.03306,0.0072777,0.023737,0.05128,0.0045804
0.0038308,0,0,0.022206,0.099019,0.11078,0.29402,0.14943,0.15376,0.16695
0.66398,0.040849,0.028598,0.087901,0.11118,0.022643,0.013426,0.027774,0.0015232,0.0021295
0,0.003726,0.05379,0.03713,0.33461,0.48242,0.078172,0.010146,0,0
0.11225,0.03326,0.025426,0.051922,0.061002,0.031413,0.073585,0.073193,0.13701,0.40094
0.027431,0.047412,0.052383,0.080271,0.10523,0.082352,0.22015,0.17995,0.10338,0.10144
0.022598,0.015253,0.087032,0.16255,0.11383,0.12419,0.060889,0.071587,0.11317,0.2289
0.28496,0.13389,0.068195,0.1054,0.0754,0.056721,0.042988,0.15056,0.052157,0.029723
0.18792,0.23945,0.13746,0.14551,0.081853,0.10815,0.034399,0.035179,0.0089912,0.021085
0.01633,0.015066,0.066026,0.066348,0.0505,0.099145,0.1316,0.21005,0.21782,0.12711
0.032988,0.01964,0.14111,0.0080634,0.035793,0.029334,0.095132,0.13007,0.1705,0.33737
0.13131,0.037096,0.026391,0.030986,0.063714,0.1337,0.1172,0.20972,0.10799,0.14188
0.02374,0.025356,0.01429,0.033767,0.030529,0.077533,0.19367,0.32044,0.22983,0.050847
0.0069911,0.021144,0.10196,0.094992,0.25124,0.18558,0.11217,0.040808,0.050088,0.13502
0.2643,0.1763,0.07712,0.047195,0.051073,0.081831,0.072628,0.04383,0.097558,0.088157
0.072465,0.10715,0.063142,0.10254,0.099185,0.079224,0.16161,0.13214,0.082763,0.09977
0.13489,0.12598,0.073574,0.036122,0.057606,0.046374,0.080164,0.1531,0.21333,0.078849
0.00094965,0.0030453,0.0073293,0.024436,0.033733,0.044898,0.11066,0.12354,0.30773,0.34367
0.0053508,0.068743,0.0078561,0.10593,0.12913,0.066046,0.076602,0.016831,0.1203,0.40321
0.010466,0.010566,0.035703,0.02838,0.078007,0.10398,0.055789,0.14871,0.14244,0.38595
0.042785,0.12771,0.11365,0.1313,0.11304,0.13142,0.075821,0.08347,0.032909,0.14789
0.083295,0.11127,0.037285,0.026658,0.027875,0.015642,0.020055,0.16172,0.43882,0.077385
0,0.0022951,0.00082623,0.057371,0.38899,0.36778,0.055586,0.064825,0.047368,0.014957
0.0033998,0.0053255,0.017827,0.2028,0.416,0.10407,0.07935,0.052292,0.049084,0.069848
0.061404,0.033502,0.12649,0.049657,0.048009,0.087463,0.22615,0.3129,0.028708,0.025709
0.26022,0.068856,0.065217,0.054761,0.078112,0.10091,0.12936,0.080009,0.092587,0.069959
0.097062,0.053453,0.10839,0.062398,0.051412,0.053564,0.2171,0.11152,0.16863,0.07647
0.083135,0.13893,0.25385,0.040625,0.047946,0.18591,0.095662,0.058364,0.038517,0.057065
0.0054569,0.040921,0.001701,0.020847,0.032143,0.0072957,0.011833,0.041018,0.050874,0.78791
0.27523,0.11061,0.1028,0.090342,0.078376,0.10177,0.061183,0.094735,0.046642,0.038308
0.16544,0.66226,0.026652,0.0057022,0.0057252,0.019062,0.03279,0.022055,0.014258,0.046053
0.10184,0.1914,0.13185,0.11358,0.078613,0.12713,0.0081462,0.24401,0.0013425,0.0020796
0.034684,0.090241,0.21518,0.30748,0.14766,0.11889,0.055818,0.0057942,0.019012,0.0052444
0.10264,0.34192,0.2524,0.080506,0.054412,0.037901,0.021577,0.042209,0.058058,0.0083694
0.24206,0.093322,0.090344,0.058926,0.037755,0.069164,0.075189,0.085212,0.11476,0.13327
0.012292,0.090752,0.1716,0.34906,0.23159,0.059209,0.00323,0.080352,0,0.0019198
0.40575,0.30402,0.064053,0.014354,0.02488,0.073371,0.033323,0.021804,0.046241,0.012207
0.041364,0.017937,0.025392,0.010287,0.0074212,0.01,0.012719,0.037847,0.19978,0.63725
0.027816,0.20794,0.51296,0.046646,0.074662,0.033178,0.019884,0.050168,0.021202,0.0055446
0.0084736,0.042938,0.046771,0.18809,0.24337,0.14722,0.17417,0.059716,0.050633,0.038614
0.018356,0.027156,0.097005,0.021314,0.012385,0.11183,0.14678,0.23647,0.25609,0.07261
0.015991,0.056706,0.037537,0.096696,0.15176,0.093133,0.22042,0.2399,0.07174,0.01612
0.84858,0.034906,0.0089336,0.0070408,0.020468,0.0065658,0.044117,0.019771,0,0.0096189
0.23797,0.054843,0.039566,0.2323,0.15129,0.03159,0.060926,0.057611,0.047407,0.086499
0.039168,0.040945,0.021663,0.018004,0.073008,0.28081,0.05359,0.21749,0.10737,0.14796
0.075539,0.004048,0.0035428,0.0056235,0.024166,0.59747,0.21298,0.028454,0.031668,0.016504
0,0.012831,0.0027878,0.030324,0.0027419,0.0093266,0.0040157,0.0098939,0.1593,0.76878
0.5366,0.23765,0.065143,0.014555,0.030186,0.022309,0.0061918,0.033936,0.044496,0.0089362
0.055777,0.18386,0.23413,0.21553,0.14405,0.027244,0.022094,0.09853,0.011786,0.0070034
0.052474,0.013189,0.0043973,0.075792,0.51378,0.12756,0.063248,0.073434,0.042319,0.033798
0.067663,0.0051893,0.01216,0.045257,0.019986,0.049728,0.075847,0.19422,0.28281,0.24714
0.11349,0.10897,0.015054,0.044228,0.032967,0.031223,0.032326,0.098374,0.064184,0.45919
0.38525,0.37558,0.051945,0.040256,0.007829,0.011107,0.0039007,0.014939,0.046813,0.062389
0.12009,0.4332,0.18944,0.056862,0.049763,0.019158,0.0064591,0.023602,0.035253,0.066175
