0.43198,0.10691,0.11832,0.062669,0.10557,0.021338,0.027935,0.033829,0.065788,0.025648
0.14571,0.13158,0.066129,0.028332,0.11679,0.086984,0.078828,0.08959,0.14904,0.10703
0.54553,0.046186,0.014685,0.038027,0.039076,0.016076,0.057148,0.022779,0.083745,0.13674
0.47978,0.12808,0.076992,0.034285,0.079171,0.031276,0.054303,0.029017,0.067132,0.019968
0.1106,0.25691,0.2409,0.091401,0.064089,0.061049,0.038089,0.032549,0.018445,0.08597
0.058839,0.15474,0.092593,0.10118,0.067629,0.073229,0.049932,0.056322,0.12346,0.22207
0.019106,0.027283,0.028558,0.11338,0.31122,0.27262,0.11071,0.08224,0.014629,0.020256
0.014998,0.00042255,0.14237,0.16384,0.37454,0.083306,0.07638,0.05539,0.063165,0.025585
0.054841,0.1016,0.038,0.045658,0.080532,0.17464,0.11929,0.12589,0.13763,0.12194
0.041399,0.045317,0.025174,0.02774,0.15131,0.29852,0.31807,0.046832,0.040715,0.004927
0.0111,0.043459,0.13916,0.068304,0.16624,0.12518,0.25102,0.16066,0.021372,0.0135
0.14691,0.13207,0.1011,0.084569,0.082732,0.055659,0.13881,0.14231,0.052582,0.063248
0.057928,0.047484,0.11505,0.23997,0.10576,0.042217,0.049782,0.038618,0.23751,0.065681
0.37854,0.1648,0.062427,0.10634,0.13755,0.072017,0.021466,0.035792,0.0024946,0.018586
0.38804,0.12581,0.097848,0.073789,0.049321,0.13145,0.10889,0.014105,0.006575,0.0041677
0.11963,0.029608,0.044972,0.11853,0.29524,0.097367,0.033657,0.05906,0.074702,0.12724
0.00041842,0.0060691,0.0021661,0.080537,0.20583,0.21711,0.23589,0.098623,0.041107,0.11225
0.019717,0.0048166,0.0082239,0.0039715,0.15608,0.65444,0.05623,0.0056414,0.026961,0.063921
0.050253,0.021304,0.038106,0.026147,0.061036,0.29048,0.037545,0.15314,0.16108,0.16091
0.064413,0.044666,0.043679,0.039094,0.053337,0.11667,0.095223,0.035271,0.21157,0.29608
0.090836,0.049299,0.044899,0.036508,0.063472,0.13219,0.14147,0.1821,0.14486,0.11436
0.0063335,0.024622,0.081288,0.070651,0.051169,0.2428,0.22738,0.24228,0.024632,0.028845
0.050799,0.043393,0.0079748,0.046383,0.14524,0.13931,0.092347,0.10194,0.17138,0.20122
0.01578,0.058507,0.042015,0.075663,0.21804,0.067753,0.063923,0.10153,0.19797,0.15883
0.12609,0.12422,0.2338,0.06196,0.056297,0.12542,0.12842,0.036322,0.060146,0.047333
0.39665,0.24412,0.066433,0.027916,0.01039,0.081029,0.043438,0.07738,0.015127,0.037514
0.0014535,0.0019623,0.010759,0.011921,0.046791,0.074638,0.020801,0.16776,0.23864,0.42527
0.039394,0.063513,0.011364,0.020894,0.021736,0.1098,0.19099,0.14454,0.16673,0.23105
0.0012892,0.014245,0.024361,0.048469,0.089277,0.088756,0.091116,0.1382,0.232,0.27229
0.03535,0.045287,0.031127,0.080129,0.12165,0.097675,0.061827,0.16141,0.18549,0.18005
0.0077365,0.050198,0.034636,0.022627,0.013207,0.025854,0.026003,0.054421,0.26905,0.49627
0.022381,0.037329,0.063186,0.057934,0.090072,0.033962,0.084404,0.26088,0.18699,0.16286
0.0066495,0.05006,0.023544,0.076692,0.039528,0.075992,0.067545,0.20055,0.13706,0.32237
0.0091125,0.011526,0.016572,0.017826,0.053036,0.034929,0.053972,0.09437,0.46415,0.24451
0.071511,0.15613,0.080802,0.049329,0.051007,0.083021,0.048114,0.080749,0.12466,0.25468
0.08693,0.07027,0.066714,0.049842,0.048791,0.050443,0.040887,0.20427,0.22244,0.15941
0.076658,0.026792,0.025747,0.020922,0.090594,0.27915,0.19952,0.18742,0.073331,0.019871
0.011371,0.03231,0.010943,0.034617,0.028602,0.30198,0.30094,0.2364,0.03219,0.010641
0.078431,0.0981,0.31768,0.17,0.084875,0.081236,0.04671,0.028981,0.083902,0.010088
0.002215,0.002291,0.031559,0.019585,0.078633,0.12782,0.20742,0.45949,0.050541,0.020445
0.013243,0.0021533,0.15874,0.07167,0.09147,0.084665,0.10065,0.25225,0.13966,0.08549
0.028936,0.012894,0.067596,0.08654,0.078589,0.073801,0.054139,0.141,0.31787,0.13864
0.037384,0.041527,0.031096,0.049083,0.1023,0.042879,0.06671,0.18361,0.20282,0.24259
0.15286,0.28415,0.088723,0.029282,0.020775,0.070745,0.060998,0.045726,0.10504,0.1417
0.85747,0.085694,0.0018857,0.0023408,0.00098101,0.014959,0.0014288,0.0085339,0,0.026707
0,0.0034862,0,0.0041316,0.18507,0.75517,0.046015,0.0026744,0.003453,0
0,0.011162,0.0041074,0,0.0010742,0.00029997,0.0088445,0.0034247,0.0046616,0.96643
0,0,0.0026097,0.014879,0.20004,0.63104,0.14763,0.0030138,0.00078477,0
0.10118,0.63377,0.20012,0.040135,0.020844,0.00078812,0,0,0.0031566,0
0.85055,0.068086,0.0036724,0.0044366,0.023439,0.0040943,0,0.036936,0.00046837,0.0083129
0.85568,0.074923,0.008026,0.0020464,0.028469,0.008564,0.0015669,0.018215,0.0022853,0.00022273
0.2658,0.29201,0.26225,0.13597,0.029138,0.0073506,0.0028392,0.0046471,0,0
0.01088,0,0.013812,0.050728,0.17972,0.049916,0.14194,0.12649,0.32147,0.10504
0.0011632,0,0,0,0,0,0.0057928,0.0044887,0.05024,0.93832
0.0067047,0.016028,0.041041,0.028901,0.0073029,0.013887,0.010208,0.033298,0.20178,0.64085
0.0068296,0,0.039235,0.033677,0.0062839,0.011838,0.015703,0.085034,0.60621,0.19519
0.066627,0,0,0,0,0,0.0048041,0.010546,0.058464,0.85956
0.00061098,0.022775,0.11939,0.19712,0.15468,0.28215,0.1821,0.024234,0.006188,0.010757
0.041398,0.021978,0.013343,0.050622,0.00084306,0.023654,0.062228,0.049504,0.38771,0.34873
0.029039,0.023391,0.07998,0.091084,0.20005,0.19522,0.23587,0.12692,0.0091746,0.0092759
0,0,0,0,0,0.005805,0,0.020872,0.019576,0.95375
0.1064,0.070565,0.056907,0.025325,0.10899,0.30419,0.18265,0.064637,0.035764,0.044579
0.039009,0.029451,0.072425,0.043909,0.0187,0.0066675,0.0627,0.24738,0.28715,0.1926
0.14497,0.045426,0.02286,0.01818,0.019687,0.069049,0.14628,0.15922,0.13483,0.2395
0.097371,0.085835,0.021228,0.051355,0.045712,0.10205,0.065803,0.11846,0.13953,0.27266
0.055402,0.021847,0.062198,0.028749,0.024733,0.096856,0.16941,0.294,0.1619,0.084913
0.14198,0.08226,0.0974,0.063948,0.064676,0.053365,0.11772,0.16551,0.070369,0.14277
