0.60822,0.18011,0.02775,0.018531,0.011804,0.046629,0.0077711,0.018859,0.057299,0.023023
0.76051,0.094291,0.010671,0.0086674,0.017734,0.010424,0.01567,0.041853,0.011769,0.028413
0.07853,0.054313,0.036232,0.0075423,0.020597,0.11664,0.091982,0.15078,0.18445,0.25894
0.20728,0.027181,0.027052,0.079131,0.08569,0.12635,0.25152,0.11962,0.052424,0.023756
0.019187,0.0074991,0.013873,0.019915,0.058731,0.14428,0.07756,0.11442,0.16848,0.37605
0.022085,0.095143,0.10569,0.2385,0.082008,0.24648,0.054892,0.028912,0.011217,0.11507
0.070015,0.051684,0.099009,0.18748,0.088852,0.11786,0.018226,0.051236,0.11056,0.20509
0.074524,0.20401,0.099987,0.014911,0.0061804,0.0092645,0.013217,0.051154,0.14935,0.3774
0.15532,0.076659,0.026589,0.028157,0.15167,0.0076383,0.048934,0.033592,0.10209,0.36935
0.17441,0.07169,0.022863,0.030284,0.17155,0.23902,0.2471,0.012318,0.012379,0.018388
0.21113,0.032165,0.043467,0.028531,0.22885,0.39517,0.018699,0.019307,0.018526,0.0041536
0.31947,0.049315,0.11094,0.10504,0.32704,0.079634,0.00032519,0.00030956,0.0016869,0.0062296
0.15679,0.069678,0.14158,0.017813,0.10391,0.18498,0.015973,0.031703,0.073286,0.20427
0.0021543,0.01164,0.015159,0.13014,0.098089,0.22958,0.14744,0.08786,0.12944,0.14849
0.051768,0.019839,0.054645,0.13001,0.13275,0.11168,0.33066,0.082829,0.030745,0.055074
0.022478,0.029714,0.059831,0.094728,0.090996,0.048399,0.096249,0.13444,0.080924,0.34224
0.035786,0.096661,0.14095,0.012608,0.029474,0.047017,0.084507,0.11103,0.19492,0.24704
0.08242,0.068038,0.18813,0.31202,0.27681,0.04289,0.022564,0,0.0071185,0
0.0051514,0.0045033,0.0017291,0.0010936,0.013222,0.0014037,0.094821,0.22519,0.47374,0.17915
0.032889,0.048427,0.0083928,0.010248,0.12411,0.23506,0.034891,0.045626,0.18246,0.2779
0.045258,0.13663,0.11825,0.1519,0.14662,0.024845,0.13949,0.10916,0.085701,0.042131
0.093943,0.081036,0.1242,0.04352,0.10359,0.11167,0.11792,0.13431,0.13567,0.054126
0.18782,0.24842,0.083263,0.025428,0.03106,0.041937,0.016023,0.010023,0.078046,0.27798
0.0020871,0.0028882,0.0040657,0.22706,0.6322,0.077129,0.010995,0,0.025121,0.018447
0.0067002,0.021609,0.26856,0.3035,0.31572,0.04813,0.028597,0.0071778,0,0
0.10222,0.06171,0.034328,0.0081797,0.047849,0.2849,0.1317,0.1128,0.15791,0.058409
0.10642,0.19627,0.046536,0.344,0.062981,0.027679,0.061273,0.033084,0.031887,0.089873
0.71972,0.18722,0.03562,0.0062025,0.0061754,0.019851,0.0070003,0.015355,0,0.0028587
0.1057,0.24175,0.46616,0.066319,0.063184,0.0012553,0.0059649,0.040726,0,0.0089358
0.01978,0.047636,0.4112,0.38378,0.082863,0.01971,0.0034742,0.01774,0.011931,0.0018932
0.027072,0.015065,0.0088361,0.044715,0.11472,0.14861,0.084779,0.11349,0.24041,0.2023
0.22161,0.14538,0.099918,0.053075,0.11644,0.067039,0.06107,0.10934,0.082866,0.043253
0.16543,0.22675,0.056783,0.072654,0.052125,0.13612,0.18989,0.028735,0.060322,0.011193
0.18846,0.029439,0.053355,0.26819,0.24014,0.13562,0.016968,0.011233,0.042397,0.014194
0.031437,0.031375,0.040494,0.018055,0.040166,0.082795,0.041519,0.17028,0.23698,0.3069
0.045422,0.073533,0.10031,0.043053,0.031819,0.01754,0.016764,0.087857,0.17935,0.40435
0.025107,0.03434,0.023485,0.39908,0.24149,0.063631,0.046839,0.090846,0.072881,0.0022971
0.042639,0.11243,0.041391,0.093917,0.068646,0.057092,0.15919,0.16666,0.12148,0.13656
0.16308,0.10827,0.092314,0.043688,0.11058,0.059725,0.043541,0.059164,0.20489,0.11474
0.22702,0.055179,0.059931,0.068162,0.034922,0.12738,0.02337,0.019818,0.050293,0.33393
0,0,0,0.0019506,0.0010774,0.0061059,0.0080964,0.036376,0.091974,0.85442
0,0.0084859,0.27176,0.59892,0.024384,0.0029912,0,0.046464,0.029843,0.017151
0,0.011347,0.017497,0.01875,0.50237,0.43105,0.0041843,0.012021,0.0027809,0
0,0.047615,0.82737,0.048766,0.0062681,0.010119,0.0021366,0.015089,0.019594,0.023044
0,0.019156,0.017422,0.0084187,0.10899,0.57382,0.23302,0.013116,0.010474,0.015581
0.96135,0.035129,0,0.0023837,0,0.0011381,0,0,0,0
0.013522,0.053566,0.047971,0.01186,0.044846,0.071919,0.063313,0.26038,0.04936,0.38326
0,0.0069895,0.0033363,0.0083088,0.17732,0.72319,0.011435,0.040034,0,0.029387
0.076402,0.40774,0.0114,0.026025,0.0073468,0.014187,0.016538,0.025357,0.16817,0.24684
0,0.00021138,0,0.0063118,0,0.22045,0.70063,0.054785,0.017612,0
0.025061,0.011413,0.72502,0.0038106,0.014036,0,0.015855,0.012576,0.039509,0.15272
0,0,0.0011171,0.0026862,0.0028047,0,0,0.059016,0.44794,0.48643
0.49782,0.28687,0.13759,0.059191,0.011582,0,0.0053296,0,0.00055758,0.0010572
0,0,0.0096081,0,0.003799,0.0023569,0.042602,0.048293,0.21724,0.6761
0.012892,0.10032,0.26389,0.44107,0.16553,0.011947,0,0,0.0043546,0
0,0.0055929,0,0,0,0.11056,0.38468,0.32075,0.14996,0.02846
0,0.013739,0.0015885,0.3973,0.25246,0.1937,0.1412,0,0,0
0.0012609,0.0001465,0,0.004491,0,0.017855,0.19725,0.287,0.43627,0.055731
0.17027,0.1292,0.051559,0.0078941,0.084999,0.1798,0.081545,0.05424,0.075595,0.1649
0.0033311,0.045315,0.0303,0.043914,0.043285,0.066398,0.18062,0.15099,0.24882,0.18702
0.053494,0.042649,0.056136,0.065389,0.038515,0.025344,0.03108,0.038751,0.55874,0.089903
0.15895,0.10888,0.087818,0.11237,0.037626,0.056161,0.01295,0.033024,0.2498,0.14241
0.36402,0.2271,0.074816,0.057665,0.054918,0.030331,0.036167,0.016167,0.084599,0.05422
0.084496,0.041124,0.039223,0.031954,0.070133,0.25864,0.13805,0.14977,0.08934,0.097273
0.11054,0.070069,0.058532,0.054281,0.14912,0.12609,0.24312,0.11389,0.059874,0.014485
0.025573,0.026003,0.014937,0.10025,0.025932,0.1858,0.031557,0.040618,0.31933,0.23
0.0024279,0.0014844,0.015963,0.0060783,0.26742,0.27694,0.13068,0.15735,0.11046,0.031192
0.0021188,0,0.0077767,0.21937,0.50305,0.20408,0.021195,0.034514,0,0.007892
0.064376,0.02455,0.76227,0.11344,0.017454,0.0080564,0.0038641,0.0059925,0,0
0,0.010648,0.028673,0.0068291,0.029643,0.13977,0.29774,0.041385,0.24994,0.19537
0.10573,0.061554,0.51329,0.060991,0.16744,0.04602,0.013246,0.0054306,0.020157,0.0061308
0.29797,0.065319,0.059428,0.078194,0.28503,0.10569,0.018056,0.050937,0.021096,0.018275
0.015015,0.15218,0.19886,0.34958,0.17963,0.026866,0.024291,0.031517,0.010604,0.011458
0.33971,0.15214,0.033076,0.035747,0.060725,0.1406,0.047737,0.031962,0.096348,0.061965
0.12695,0.18924,0.091223,0.1211,0.084591,0.15842,0.15296,0.019441,0.027024,0.029044
0.71272,0.067142,0.040147,0.0096791,0.037089,0.043514,0.041089,0.0061323,0.027253,0.015236
0.82126,0.11878,0.0032782,0,0.032451,0.014057,0,0.0085506,0.0016277,0
0.34233,0.1827,0.079661,0.14274,0.10838,0.025112,0.010963,0.0534,0.029216,0.025498
0.018424,0.027906,0.018901,0.02478,0.09003,0.28659,0.32111,0.2039,0.0065001,0.0018589
0.016225,0.021345,0.01586,0.011809,0.013976,0.048915,0.020852,0.028674,0.25288,0.56946
0,0.0073307,0.023109,0.087595,0.0666,0.3876,0.40759,0.019019,0,0.0011579
0.082775,0.017224,0.031528,0.0011142,0.018097,0.052169,0.0041027,0.080884,0.36151,0.3506
0,0.010268,0.0062875,0.0057678,0.0045137,0,0,0.0048264,0.084435,0.8839
0.045528,0.0072314,0.018903,0.011557,0.028309,0,0.0055101,0.048601,0.23288,0.60148
0.00085976,0,0.00052358,0.0047329,0.004649,0,0.0025328,0.04022,0.04702,0.89946
0,0.016184,0.006152,0.004252,0.0036842,0.028515,0.046861,0.23145,0.38728,0.27562
0.01893,0.041023,0.021823,0.0095205,0.021821,0.094153,0.050923,0.21018,0.26873,0.26289
0.060165,0.073378,0.16784,0.17061,0.14114,0.078674,0.056491,0.051302,0.080261,0.12014
0.061342,0.18899,0.32983,0.070397,0.15623,0.099055,0.064829,0.0071725,0.014286,0.0078686
0.032499,0.088568,0.11615,0.12956,0.218,0.15196,0.056655,0.09683,0.024899,0.084881
0.030848,0.13386,0.21875,0.087632,0.040434,0.11488,0.14471,0.1057,0.081877,0.041316
0.075436,0.10349,0.269,0.25414,0.048898,0.088379,0.10182,0.04442,0.0096443,0.004762
0.0075665,0.029708,0.070631,0.18125,0.14228,0.12992,0.19576,0.13317,0.032728,0.076979
0.071427,0.027061,0.23149,0.13838,0.17196,0.1785,0.098833,0.047044,0.026237,0.0090705
0.019352,0.078967,0.056207,0.10061,0.31615,0.25273,0.098509,0.026753,0.026144,0.024578
0.010095,0.01307,0.017306,0.028796,0.1209,0.45644,0.25394,0.056461,0.01488,0.028111
0,0.0027215,0,0.023026,0.15071,0.27953,0.20361,0.23486,0.060491,0.045053
0.039219,0.044612,0.037685,0.081162,0.26855,0.19819,0.073855,0.057896,0.10066,0.098158
0.032968,0.028309,0.068856,0.045784,0.12799,0.25004,0.17764,0.10969,0.11603,0.042679
