0.064626,0.12502,0.020712,0.0031469,0.090741,0.10217,0.034788,0.27091,0.19088,0.097016
0.056072,0.067839,0.050639,0.045773,0.039755,0.05036,0.14592,0.10027,0.20949,0.23388
0.00036385,0.00052159,0.028144,0.073392,0.32723,0.28528,0.17121,0.02528,0.046003,0.04258
0.033686,0.026201,0.083179,0.061584,0.12013,0.080756,0.035721,0.028254,0.066159,0.46433
0.021753,0.016241,0.026828,0.10218,0.16016,0.10217,0.05631,0.06903,0.18592,0.2594
0.066127,0.058947,0.022634,0.040063,0.28673,0.25869,0.084172,0.0601,0.037633,0.084905
0.050676,0.14087,0.059211,0.20138,0.13194,0.12711,0.19851,0.063518,0.022676,0.0041193
0.095743,0.46833,0.10909,0.078191,0.091372,0.020087,0.028981,0.088508,0.012975,0.0067252
0.14499,0.085667,0.1654,0.1738,0.13403,0.067201,0.049994,0.065845,0.08487,0.028205
0.089683,0.047981,0.044198,0.03134,0.068425,0.36435,0.1318,0.12668,0.040612,0.054934
0.0071656,0.021321,0.093615,0.097902,0.12539,0.068258,0.25045,0.11358,0.089726,0.13258
0.12603,0.075744,0.11289,0.048851,0.086967,0.12053,0.096702,0.10353,0.18101,0.047741
0.14362,0.19113,0.049653,0.10259,0.14094,0.12583,0.11158,0.038406,0.085857,0.01038
0.036738,0.050602,0.10067,0.09568,0.29523,0.23586,0.057133,0.038723,0.079463,0.0099009
0.08627,0.096699,0.14352,0.27875,0.13175,0.14178,0.05505,0.033657,0.017989,0.014531
0.043631,0.017157,0.071552,0.1499,0.21398,0.18386,0.14672,0.082505,0.038354,0.052343
0.076738,0.10869,0.16461,0.11504,0.19317,0.19019,0.077065,0.046191,0.012891,0.015422
0.0109,0.011618,0.033009,0.066996,0.18033,0.3112,0.24894,0.075734,0.05043,0.010836
0.038219,0.020011,0.025767,0.1273,0.1911,0.29747,0.21646,0.035901,0.035829,0.011932
0.049229,0.074023,0.018079,0.10306,0.13032,0.23033,0.23096,0.053077,0.072117,0.03881
0.047559,0.062855,0.0557,0.070068,0.091248,0.10251,0.045479,0.201,0.10423,0.21935
0.082592,0.19897,0.069424,0.030861,0.12773,0.1606,0.032947,0.045479,0.13714,0.11426
0.04822,0.024276,0.031336,0.027529,0.037348,0.066524,0.031801,0.054711,0.33144,0.34682
0.0040849,0.012848,0.03249,0.073045,0.10834,0.036858,0.10979,0.087284,0.049568,0.48569
0.046435,0.029436,0.02309,0.061107,0.077526,0.075928,0.16025,0.23964,0.14986,0.13673
0.063038,0.052712,0.034728,0.0752,0.088767,0.04591,0.054309,0.053019,0.24825,0.28406
0.0035661,0.057766,0.024191,0.024956,0.081493,0.11844,0.10972,0.30597,0.10591,0.168
0.049935,0.058024,0.1044,0.21343,0.14061,0.17704,0.054034,0.081075,0.082047,0.039402
0.026112,0.21064,0.48399,0.17526,0.058578,0.015587,0.0030413,0.020269,0.0025659,0.0039589
0.040382,0.18288,0.17627,0.10365,0.12065,0.091437,0.035978,0.087597,0.095767,0.065396
0.22394,0.36997,0.045069,0.053223,0.076356,0.024231,0.0098458,0.034066,0.11711,0.04619
0,0.0090153,0,0,0.010702,0,0,0.0079136,0.019988,0.95238
0.20383,0.14935,0.18102,0.20257,0.11376,0.039546,0.017305,0.033058,0.020216,0.039345
0.040581,0.10343,0.053182,0.051247,0.18689,0.17817,0.10047,0.15297,0.10278,0.030284
0.0032511,0.0038527,0.012828,0.0061353,0.039317,0.24239,0.037945,0.12552,0.36252,0.16624
0.008356,0.031736,0.037388,0.1628,0.11632,0.2837,0.20156,0.075237,0.063518,0.019377
0.027999,0.14068,0.13404,0.60108,0.084337,0.0055768,0.0015156,0.0013313,0.003436,0
0.21916,0.24272,0.16478,0.04737,0.12808,0.1621,0.012343,0.0089959,0.0061454,0.0083095
0.39254,0.1298,0.09378,0.058243,0.077518,0.19401,0.022926,0.005197,0.012495,0.013484
0.38224,0.1576,0.12213,0.086647,0.089044,0.0045947,0.0067034,0.028252,0.072415,0.050371
0.004052,0,0.011205,0.015631,0.017037,0.014093,0.0957,0.75683,0.049412,0.036036
0.36083,0.22415,0.061027,0.061372,0.09909,0.049048,0.027061,0.018584,0.036379,0.062464
0.0034309,0.0027528,0,0.0038316,0.022983,0.076729,0.18783,0.47219,0.17175,0.058504
0.058367,0.03018,0.020756,0.018944,0.070744,0.10892,0.060316,0.081006,0.34674,0.20402
0.53818,0.35307,0.026526,0.018657,0.0047401,0,0.0020625,0.029148,0.0088826,0.018737
0.83758,0.11258,0.015639,0.0342,0,0,0,0,0,0
0.0055092,0.055309,0.60253,0.33107,0.002445,0,0,0.0031371,0,0
0.0074823,0.00078035,0,0.003348,0.0020918,0.0065321,0.077041,0.49589,0.30354,0.10329
0.57403,0.30676,0.079062,0.020996,0.011362,0.0077844,0,0,0,0
0,0,0.069234,0.087753,0.071753,0.38472,0.3508,0.0088478,0.015122,0.011771
0.01838,0.10203,0.82814,0.040751,0.003462,0.0057152,0.0015285,0,0,0
0.082009,0.17316,0.11836,0.10105,0.0081857,0.033514,0.03301,0.084927,0.1882,0.17758
0.12048,0.16982,0.074791,0.11244,0.09909,0.088301,0.053251,0.07174,0.088831,0.12125
0.020451,0.068548,0.033361,0.042909,0.06755,0.06326,0.12468,0.17905,0.22009,0.18011
0.24323,0.1297,0.085129,0.057923,0.021118,0.065948,0.068231,0.11679,0.141,0.070927
0.2091,0.19913,0.083086,0.077833,0.094763,0.061512,0.047005,0.065888,0.053664,0.10801
0.073581,0.14573,0.091398,0.056175,0.090798,0.10616,0.13031,0.10317,0.11613,0.086537
0.029872,0.028912,0.070569,0.11369,0.3621,0.15883,0.075516,0.062045,0.038578,0.059889
0.16153,0.12236,0.1223,0.15965,0.10556,0.055431,0.097119,0.10184,0.047602,0.02661
0.069759,0.016702,0.028395,0.033792,0.22561,0.074431,0.15149,0.15896,0.13398,0.10688
0.028262,0.020306,0.018284,0.095855,0.21716,0.21565,0.13185,0.12051,0.070072,0.082046
0.17202,0.060525,0.10321,0.16618,0.15717,0.14801,0.081104,0.0587,0.045057,0.0080269
0.05102,0.022204,0.016666,0.057581,0.11647,0.13073,0.12947,0.11098,0.18743,0.17745
0,0.045177,0.030823,0.086807,0.56271,0.12412,0.060756,0.040351,0.0064789,0.042779
0.11245,0.090452,0.057542,0.10013,0.29393,0.19103,0.085471,0.05155,0.010558,0.0068781
0.047153,0.10225,0.21307,0.3476,0.16676,0.060282,0.008233,0,0,0.054649
0.3757,0.50236,0.099397,0.0068952,0.006701,0.0029735,0.00059621,0.0044592,0.00092147,0
0.20625,0.14208,0.30679,0.082714,0.057839,0.14043,0.017725,0.0043615,0.039207,0.0026056
0.0002113,0.0035415,0,0.0021676,0.021921,0.019628,0.028552,0.19285,0.3244,0.40673
0.047464,0.0072452,0.074606,0.34219,0.31602,0.16153,0.018136,0.0059733,0.0090734,0.017763
0.00038672,0,0.00038386,0.0016529,0.0083433,0.0033906,0.023394,0.0142,0.16125,0.78699
0.034062,0,0,0.0012012,0.013551,0.02814,0.096424,0.41458,0.40449,0.00755
0.003443,0.0034624,0.0075026,0.0024327,0.014547,0.045348,0.384,0.27045,0.1217,0.14712
0.17105,0.18709,0.45035,0.096565,0.010444,0.029891,0.013124,0.0035537,0.00087475,0.037057
0.030507,0.0086204,0.0041945,0.041565,0.11561,0.046652,0.36057,0.21059,0.14217,0.039517
0.026882,0,0,0.013654,0.02457,0.0068896,0.088434,0.25513,0.471,0.11344
0.088243,0.38903,0.29769,0.081014,0.026719,0.1131,0.004214,0,0,0
0.58998,0.31155,0.054476,0.014681,0.0076975,0.018973,0.0026472,0,0,0
0.54858,0.29704,0.025732,0.003049,0.023485,0.050471,0.018732,0.028583,0.0031676,0.0011556
0.15127,0.1133,0.095915,0.11889,0.13322,0.1534,0.11529,0.047906,0.03467,0.03614
0.13986,0.16792,0.17895,0.16348,0.12935,0.12288,0.033544,0.032421,0.023567,0.0080149
0.16714,0.025966,0.058754,0.11025,0.16789,0.11122,0.12393,0.10857,0.082332,0.043941
0.081154,0.12518,0.083469,0.097949,0.25609,0.16943,0.069671,0.070679,0.030266,0.016116
0.055469,0.069601,0.11117,0.16557,0.11418,0.10648,0.084318,0.1712,0.058247,0.063772
0.083833,0.08173,0.3451,0.1115,0.08473,0.086617,0.11178,0.056443,0.01525,0.023018
0.026233,0.038396,0.091947,0.23697,0.18787,0.19392,0.15687,0.044382,0.0080786,0.01533
0.051375,0.054797,0.062877,0.060234,0.21153,0.27388,0.26699,0.018312,0,0
0.032725,0.030262,0.055053,0.19572,0.14987,0.17101,0.079602,0.089101,0.089844,0.10681
0.076754,0.046571,0.10335,0.16618,0.30025,0.14895,0.068646,0.059223,0.012801,0.017282
0.058937,0.068616,0.052293,0.16302,0.27882,0.15219,0.08184,0.060804,0.030266,0.053215
0.16123,0.15558,0.098409,0.09364,0.15551,0.14282,0.068408,0.039109,0.057013,0.028288
0.0029386,0.053886,0.048008,0.12777,0.11268,0.2368,0.22453,0.065746,0.084441,0.043197
0.038229,0.01007,0.019999,0.18714,0.16907,0.18544,0.10939,0.062093,0.085017,0.13355
0.28745,0.145,0.10371,0.083923,0.050251,0.010677,0.044764,0.041061,0.071758,0.16141
0.20695,0.2443,0.088398,0.1064,0.1153,0.08878,0.024539,0.033648,0.043888,0.047798
