0.01006,0.040766,0.040777,0.056848,0.20578,0.16463,0.080349,0.10288,0.063704,0.23421
0.042922,0.065182,0.11199,0.17804,0.15282,0.16146,0.046071,0.080777,0.089576,0.071158
0.041411,0.019853,0.031403,0.045588,0.28606,0.20673,0.084806,0.062831,0.16614,0.055184
0.03718,0.069442,0.18062,0.13159,0.18558,0.1611,0.083979,0.042293,0.043922,0.06429
0.023442,0.027565,0.032236,0.030315,0.0858,0.16034,0.1585,0.22402,0.14632,0.11146
0.049459,0.054093,0.05985,0.054133,0.060479,0.059452,0.054322,0.13255,0.28014,0.19552
0.13007,0.075244,0.068021,0.12467,0.10336,0.19295,0.091866,0.065387,0.073315,0.075119
0.064432,0.075214,0.16986,0.24235,0.18049,0.038472,0.035398,0.033441,0.054077,0.10626
0.026052,0.074134,0.14567,0.1748,0.20641,0.10576,0.16981,0.062372,0.015203,0.019789
0.06364,0.050417,0.065843,0.044364,0.18238,0.17011,0.18214,0.074,0.053441,0.11366
0.11553,0.062837,0.11623,0.10679,0.22126,0.16179,0.06683,0.067332,0.049328,0.032059
0.020703,0.04609,0.0077296,0.011101,0.0055256,0.030514,0.20928,0.19875,0.45669,0.013612
0.049325,0.022982,0.0036268,0.0043073,0.011085,0.045075,0.14813,0.44601,0.25291,0.01655
0.0054434,0.0066213,0.012384,0.015435,0.058845,0.02966,0.030184,0.013985,0.29381,0.53363
0.062523,0.049334,0.02109,0.017929,0.048331,0.028029,0.015389,0.064846,0.22563,0.4669
0.23277,0.16855,0.09762,0.10328,0.05614,0.044434,0.14606,0.050124,0.044094,0.056924
0.43543,0.10566,0.045464,0.042323,0.11447,0.085988,0.024091,0.057776,0.047518,0.041282
0.27019,0.048296,0.068886,0.044477,0.10835,0.19044,0.072108,0.036266,0.059237,0.10175
0.044302,0.096731,0.10061,0.094166,0.11554,0.1336,0.21441,0.088551,0.048112,0.063972
0.006327,0,0.0056413,0.0020203,0.0041927,0.029946,0.02591,0.032264,0.1822,0.7115
0.0036092,0.0034907,0,0.0041718,0.02194,0.063511,0.052881,0.26662,0.33425,0.24952
0.0035552,0.007422,0.056539,0,0.017136,0.37363,0.094067,0.35039,0.054361,0.042904
0.025728,0.070115,0.0082109,0.011421,0.20564,0.065911,0.58686,0.024297,0.0018231,0
