0,0,0.0064998,0.0033631,0.002175,0.015381,0.18951,0.50896,0.23359,0.040508
0,0,0.056616,0.31772,0.52722,0.024143,0.026041,0.0027976,0.029835,0.015628
0.010604,0.028392,0.0074951,0.03014,0.12664,0.10449,0.38503,0.26163,0.04298,0.0026049
0,0.0049762,0.083423,0.41648,0.34958,0.1351,0.0076192,0,0.0028147,0
0,0.0062173,0,0.0018558,0.0043746,0.033445,0.14732,0.77584,0.020779,0.010168
0.0017401,0.0015438,0.0025976,0.0017118,0.015832,0.069955,0.055312,0.038942,0.14372,0.66864
0.0029573,0.00021877,0.0026741,0.032862,0.025347,0.068902,0.0098969,0.037077,0.025583,0.79448
0.013961,0.011837,0.089458,0.66252,0.16226,0.0082972,0,0.032905,0.0017417,0.017013
0,0,0.012981,0,0.027283,0.049478,0.25086,0.42534,0.20026,0.033802
0.007169,0,0.00073974,0.24968,0.025726,0.084781,0.43414,0.18887,0.007088,0.0018036
0.0029032,0.021025,0.057314,0.69886,0.11309,0.045327,0.012497,0.0094749,0.00093689,0.038576
0.10382,0.011957,0.0084777,0.17034,0.2535,0.26187,0.16185,0.027372,0.00055013,0.00026942
0,0.0093837,0.013303,0.00028736,0.013342,0.11439,0.39738,0.42185,0.021621,0.0084417
0.01664,0.0067013,0.25626,0.57275,0.11996,0.015191,0.011692,0,0.00080186,0
0.051418,0.11685,0.14213,0.065417,0.092198,0.14164,0.1072,0.056964,0.023277,0.20291
0.088354,0.12475,0.025222,0.042441,0.096866,0.12001,0.31836,0.12846,0.01707,0.038463
0.023043,0.030699,0.0046944,0.072029,0.15838,0.061845,0.08881,0.064944,0.21232,0.28324
0.29568,0.20674,0.21426,0.060539,0.13877,0.068426,0,0.00070388,0.0126,0.0022871
0.039423,0.046767,0.060129,0.12792,0.21442,0.072899,0.13534,0.088518,0.11162,0.10295
0.036645,0.03549,0.011639,0.071546,0.17431,0.23544,0.19218,0.089498,0.070075,0.083172
0.083292,0.12017,0.16612,0.18428,0.14227,0.077365,0.031534,0.034801,0.058964,0.1012
0.03108,0.022653,0.027944,0.096721,0.38401,0.23417,0.095905,0.076879,0.024143,0.0064941
0.0057266,0.02201,0.0083757,0.12286,0.28836,0.24403,0.12851,0.048725,0.05371,0.077692
0.046981,0.035036,0.024732,0.14855,0.19625,0.092911,0.18703,0.11551,0.071344,0.081666
0.1172,0.10075,0.19193,0.069222,0.08028,0.052458,0.22238,0.093037,0.065923,0.0068208
0.0030424,0.025876,0.091303,0.11939,0.025577,0.12713,0.18846,0.087319,0.11117,0.22073
0.021986,0.063977,0.1272,0.14417,0.22932,0.057034,0.21598,0.08377,0.031387,0.025173
0.10473,0.043779,0.11206,0.089211,0.10182,0.056048,0.11855,0.20202,0.12893,0.042849
0.029486,0.01637,0.1231,0.15628,0.15544,0.069956,0.30421,0.091736,0.038075,0.015347
0.035998,0.089893,0.11162,0.084886,0.05875,0.12593,0.19216,0.14753,0.09563,0.057609
0.067291,0.072268,0.064053,0.1155,0.11692,0.34659,0.10467,0.023258,0.02102,0.06843
0.05112,0.060867,0.081214,0.099501,0.05944,0.21471,0.28612,0.05048,0.073744,0.022803
0.068087,0.097421,0.081005,0.091832,0.083541,0.13199,0.1898,0.11424,0.080966,0.061106
0.07865,0.07313,0.097893,0.11941,0.076319,0.046127,0.20815,0.11281,0.13887,0.048635
0.1639,0.092953,0.051374,0.1105,0.085888,0.10373,0.059384,0.17533,0.11459,0.042346
0.11537,0.096037,0.11565,0.11375,0.13403,0.088571,0.09474,0.053016,0.050106,0.13874
0.042604,0.034943,0.044252,0.047937,0.061126,0.10225,0.18783,0.34648,0.089385,0.043189
0.043784,0.017269,0.010107,0.008128,0.11647,0.15056,0.45394,0.15386,0.030782,0.01511
0.08117,0.077243,0.011187,0.026498,0.062808,0.085001,0.10828,0.088907,0.23066,0.22825
