0.085529,0.046117,0.071924,0.10207,0.19809,0.1434,0.18049,0.058753,0.044923,0.068708
0.042885,0.033775,0.053407,0.10475,0.17641,0.27919,0.19151,0.079233,0.024007,0.014829
0.01986,0.029254,0.062889,0.17909,0.30285,0.26202,0.076383,0.032789,0.01779,0.017065
0.10765,0.069241,0.12548,0.16468,0.17931,0.1916,0.037868,0.023961,0.060841,0.039364
0.12625,0.22989,0.23408,0.27882,0.058211,0.006578,0.014559,0.013104,0.0045981,0.033907
0.024377,0.091805,0.059223,0.33036,0.29667,0.10618,0.019056,0.050362,0.01285,0.009118
0.068528,0.074276,0.035373,0.048556,0.066081,0.11364,0.16562,0.27169,0.11397,0.042259
0.0086396,0.016937,0.02471,0.032613,0.063091,0.05127,0.04142,0.1474,0.35953,0.25439
0.030669,0.055423,0.12073,0.20035,0.12431,0.091185,0.054487,0.040907,0.18289,0.099037
0.050624,0.053958,0.10377,0.20485,0.21422,0.1975,0.087956,0.038627,0.021201,0.027285
0.052238,0.038801,0.035605,0.046096,0.084336,0.064975,0.079693,0.13445,0.30637,0.15744
0.058911,0.0098062,0.053682,0.026374,0.042421,0.12297,0.18261,0.32384,0.072288,0.10709
0.071346,0.037625,0.071954,0.07898,0.062699,0.034711,0.035731,0.12245,0.36954,0.11497
0.023626,0.012256,0.056382,0.041276,0.011152,0.070971,0.030258,0.13382,0.2051,0.41516
0.25709,0.12152,0.049329,0.12505,0.029198,0.027596,0.10121,0.12892,0.035077,0.12501
0.054616,0.020696,0.1296,0.090093,0.17365,0.046861,0.019814,0.045833,0.14674,0.27209
0.048935,0.086195,0.22343,0.10011,0.019916,0.1788,0.14452,0.074964,0.037492,0.085641
0,0,0.0006115,0.0073032,0,0.021467,0.033569,0.7108,0.12756,0.098685
0.16151,0.33243,0.37333,0.041815,0.0073735,0.02225,0.041353,0.010579,0.0079945,0.0013577
0.50832,0.3374,0.06374,0.026249,0.029421,0.0048215,0.014911,0.015144,0,0
0.63167,0.33273,0.018098,0.0050871,0.0021801,0.0029118,0,0.0021602,0.0051667,0
0.937,0.049964,0,0.002244,0.0095082,0.0012876,0,0,0,0
0.76552,0.073345,0.022566,0.037921,0.032703,0.019493,0.013285,0.0090613,0.020134,0.0059719
0.0028557,0.0089147,0.0045309,0,0.0094207,0.01332,0.0064125,0.055946,0.1804,0.71819
0.0090674,0.00925,0.025616,0.0084579,0.032086,0.018936,0.1624,0.58524,0.092373,0.056566
0.010235,0.0026666,0.020465,0.0078714,0.0087528,0.027454,0.035236,0.20106,0.56205,0.12421
0.0022279,0.047787,0.0503,0.10176,0.054495,0.49663,0.13757,0.08747,0.01399,0.0077706
0.036998,0.00098472,0.04834,0.34825,0.27123,0.10806,0.12882,0.039428,0,0.017898
0.035431,0.13387,0.19476,0.063315,0.023304,0.038609,0.045059,0.14962,0.24922,0.066809
0.047505,0.02206,0.015766,0.013338,0.017154,0.026999,0.055334,0.072368,0.17174,0.55773
0.0080351,0.0011111,0.016208,0.0062498,0.012377,0.028381,0.052421,0.18751,0.064343,0.62337
0.16969,0.11859,0.093546,0.15141,0.079698,0.1026,0.065178,0.025715,0.083574,0.11001
0.035703,0.022664,0.054293,0.26723,0.20416,0.19211,0.088273,0.081651,0.029885,0.02403
