0.14412,0.10865,0.12293,0.17961,0.14262,0.15557,0.097638,0.010957,0.017882,0.020028
0.068241,0.11701,0.067925,0.087981,0.078941,0.23813,0.1716,0.056591,0.038704,0.074881
0.21664,0.10882,0.07423,0.23567,0.1215,0.070582,0.074839,0.027932,0.020215,0.049574
0.051445,0.055557,0.092163,0.35961,0.1387,0.11974,0.096068,0.051779,0.017294,0.017646
0.029766,0.014862,0.037501,0.28974,0.16595,0.19388,0.076678,0.10254,0.039355,0.049733
0.013201,0.040095,0.097681,0.095403,0.10379,0.084552,0.22207,0.21704,0.082265,0.0439
0.077918,0.038124,0.021413,0.08064,0.08446,0.068735,0.091103,0.13901,0.22839,0.17021
0.1645,0.21295,0.27387,0.084587,0.080298,0.054078,0.053132,0.05214,0.010435,0.01401
0.055559,0.091714,0.39155,0.021196,0.10435,0.12766,0.17864,0.011609,0.0079997,0.0097227
0.01512,0.014756,0.023221,0.18748,0.21758,0.19215,0.21966,0.079272,0.03182,0.018946
0.010166,0.024436,0.063731,0.062286,0.16731,0.18711,0.1666,0.15479,0.090999,0.07257
0.0060926,0.017697,0.068606,0.041976,0.11816,0.20454,0.13365,0.30198,0.074377,0.032927
0.012584,0.030658,0.083718,0.044387,0.28504,0.39424,0.063087,0.050292,0.022053,0.01394
0.01347,0.0078106,0.040599,0.080615,0.28811,0.29818,0.14495,0.054136,0.045061,0.027068
0.11067,0.068769,0.074668,0.20167,0.084018,0.064735,0.063389,0.10358,0.083801,0.14471
0.059026,0.13862,0.15854,0.11667,0.072745,0.049371,0.12891,0.078213,0.11682,0.081087
0.17135,0.074543,0.040421,0.039945,0.069321,0.11841,0.36575,0.09348,0.020078,0.0067048
0.19168,0.21031,0.20063,0.093885,0.09724,0.075933,0.071618,0.020433,0.027991,0.010277
0.035038,0.050282,0.11386,0.12944,0.068602,0.14838,0.091377,0.088212,0.213,0.061807
0.047715,0.22763,0.19166,0.074835,0.095685,0.057842,0.083008,0.11087,0.051779,0.058986
0.05972,0.16313,0.11182,0.091793,0.064127,0.087483,0.12021,0.05117,0.13887,0.11169
0.24509,0.081223,0.062642,0.098671,0.20805,0.059977,0.079479,0.092211,0.059941,0.012713
0.070083,0.12122,0.1122,0.10532,0.11276,0.20307,0.10494,0.063334,0.080203,0.026877
