0.013729,0.029242,0.046832,0.07474,0.30591,0.11755,0.12548,0.092387,0.07633,0.1178
0.13469,0.096828,0.056892,0.075333,0.2646,0.11996,0.097899,0.1061,0.0074253,0.040265
0.34512,0.2669,0.087062,0.089596,0.052413,0.034154,0.030148,0.023391,0.02498,0.046237
0.25862,0.087183,0.038042,0.071903,0.12526,0.15253,0.15581,0.043087,0.049343,0.018225
0.086328,0.08159,0.48023,0.067068,0.018101,0,0.0015396,0.0042494,0.012533,0.24837
0.10242,0.10228,0.01037,0.033294,0.040245,0.045399,0.11437,0.27937,0.16794,0.10431
0.41096,0.013118,0.019569,0.0015446,0.024209,0.056181,0.0042146,0.30034,0.028814,0.14105
0.46419,0.067532,0.0081059,0.017229,0.01106,0.0055881,0.044352,0.017188,0.13529,0.22946
0.096558,0.022901,0.0061224,0.046601,0.0016058,0,0.097567,0.031525,0.43253,0.26459
0.016296,0.014077,0,0.0064412,0,0,0.31547,0.6244,0.023319,0
0,0,0,0.0038123,0.02995,0.074107,0.095852,0.16411,0.45154,0.18063
0.13201,0.019828,0.0081284,0.010501,0.001583,0.0084275,0.0037465,0.053939,0.13221,0.62962
0.051689,0.022165,0.041697,0.16771,0.043232,0.050729,0.10824,0.088128,0.21444,0.21197
0.023566,0.035993,0.068648,0.0073337,0.073436,0.12662,0.074956,0.1035,0.099158,0.38679
0.081592,0.037532,0.078254,0.053433,0.086401,0.029404,0.12164,0.16686,0.1463,0.19859
0.058227,0.13928,0.029307,0.094098,0.12841,0.097942,0.065117,0.092972,0.12125,0.1734
0.28261,0.1936,0.13347,0.11224,0.11038,0.057437,0.03825,0.015148,0.034546,0.022324
0.031949,0.017024,0.013211,0.050482,0.060163,0.085455,0.19741,0.22812,0.24194,0.074244
0.28984,0.27519,0.095363,0.070655,0.053541,0.10337,0.014165,0.042439,0.045054,0.010387
0.11418,0.23377,0.098178,0.0974,0.062608,0.058962,0.09225,0.059628,0.082361,0.10066
0.03179,0.074784,0.068087,0.10621,0.27361,0.1594,0.089085,0.040189,0.10365,0.053187
0.080951,0.12812,0.043314,0.077666,0.096095,0.09626,0.12168,0.25911,0.070417,0.026391
0.052851,0.047693,0.065089,0.075811,0.086248,0.20864,0.22618,0.13567,0.074938,0.026882
0.040673,0.085733,0.023848,0.073972,0.057474,0.11411,0.10885,0.065291,0.09199,0.33806
0.13361,0.12095,0.064831,0.25551,0.1942,0.039125,0.072277,0.006937,0.079228,0.033337
0.039056,0.041422,0.065296,0.062539,0.14218,0.13809,0.075436,0.074582,0.12517,0.23623
0.076187,0.071481,0.094923,0.20034,0.19068,0.17285,0.051869,0.017205,0.037747,0.08671
2.4198e-05,0.0094375,0.014325,0.3829,0.090847,0.23187,0.14263,0.12111,0.0068616,0
0.0060077,0.0021666,0.013987,0.0052427,0.024495,0.059539,0.067305,0.17234,0.50443,0.1445
0,0.0022464,0,0.0014731,0.011123,0.11058,0.0071097,0.06204,0.72469,0.080736
0.063537,0.069346,0.024987,0.072871,0.12531,0.087456,0.065071,0.12551,0.16925,0.19666
0.025762,0.104,0.27923,0.36853,0.038634,0.022737,0.01107,0.049883,0.035954,0.064201
0.031229,0.45875,0.17592,0.25492,0.073137,0,0.00099343,0.0050458,0,0
0.37789,0.09038,0.10737,0.099036,0.19979,0.11041,0.0012861,0.0028604,0.0089869,0.0019941
0.32806,0.16565,0.11992,0.063996,0.077049,0.045794,0.074757,0.060092,0.019335,0.045346
0.14869,0.084152,0.067326,0.01519,0.10295,0.091812,0.019916,0.074378,0.17391,0.22168
0.10914,0.17458,0.11013,0.018484,0.064083,0.087101,0.16848,0.12387,0.070896,0.073234
0.025107,0.16777,0.0405,0.08517,0.054704,0.081865,0.044045,0.18629,0.21374,0.1008
0.028074,0.38929,0.18431,0.11453,0.060476,0.10457,0.045212,0.0094238,0.032476,0.031643
0.049467,0.027427,0.12042,0.14078,0.36306,0.20016,0.060158,0.022743,0.0066038,0.0091783
0.43965,0.43132,0.037437,0.017546,0.022595,0.050241,0.0012169,0,0,0
0.0034454,0.016865,0.2117,0.2964,0.037368,0.033952,0.16893,0.20044,0.017011,0.013893
0.6091,0.2413,0.0864,0.00084656,0.053148,0.0080021,0,0,0.00025055,0.00095899
0,0.0016187,0.0043308,0.21881,0.20854,0.07112,0.029314,0.12463,0.10943,0.23222
0,0.01255,0.030517,0.042196,0.030818,0.010649,0.050995,0.1117,0.25057,0.46
0.025469,0.0302,0.0024976,0.021876,0.050093,0.1353,0.14915,0.33096,0.20818,0.046266
0.084507,0.043467,0.071415,0.062518,0.11111,0.082113,0.12755,0.062858,0.15527,0.1992
0.27876,0.11919,0.1153,0.10381,0.12242,0.084279,0.050762,0.04201,0.0216,0.061873
0.0067015,0.016067,0.012356,0.15368,0.28244,0.23229,0.17167,0.091422,0.010447,0.022921
