0.080397,0.07887,0.12619,0.15639,0.11236,0.12988,0.16439,0.091216,0.044005,0.016303
0.016422,0,0.044835,0.056569,0.13291,0.58246,0.11572,0,0.038297,0.012785
0.038757,0.0014939,0.027035,0.06066,0.20316,0.18977,0.10824,0.10266,0.069011,0.19922
0.103,0.062267,0.10403,0.080878,0.09945,0.11109,0.07459,0.13578,0.15481,0.074102
0.074534,0.081897,0.091678,0.10557,0.064293,0.11399,0.10681,0.15414,0.13737,0.069723
0.096906,0.15139,0.10587,0.066631,0.069302,0.035966,0.041946,0.05175,0.25374,0.1265
0.27113,0.24655,0.16167,0.086071,0.028815,0.0056806,0.0075035,0.072318,0.028929,0.091327
0.015639,0.082715,0.08938,0.1176,0.11805,0.16734,0.17552,0.15317,0.026462,0.054125
0.10031,0.094173,0.17652,0.16275,0.12639,0.1279,0.14335,0.055373,0,0.013244
0.033136,0.022945,0.015189,0.27609,0.12952,0.19612,0.12934,0.058137,0.078992,0.060528
0.018133,0.064308,0.14294,0.11115,0.1816,0.14334,0.13379,0.11083,0.05124,0.042672
0.03359,0.077408,0.056039,0.1007,0.22361,0.16092,0.11489,0.14751,0.019633,0.065704
0.12177,0.078359,0.049932,0.069175,0.054684,0.12014,0.14316,0.21783,0.085226,0.059727
0.099217,0.11164,0.17056,0.1258,0.21829,0.13895,0.078353,0.0357,0.0055065,0.015983
0.12537,0.05056,0.19139,0.16298,0.23641,0.12397,0.053347,0.013503,0.037894,0.0045743
0.052586,0.027648,0.087362,0.2132,0.089378,0.14988,0.33624,0.039302,0.0043978,0
0.0055604,0.0087183,0.050515,0.19941,0.14622,0.18357,0.31314,0.060277,0.030997,0.0015893
0.0070526,0.0060209,0.0097052,0.071811,0.13554,0.15304,0.29582,0.24237,0.052429,0.026215
0.012855,0.0087377,0.012448,0.061137,0.11676,0.061011,0.18937,0.35712,0.085249,0.095318
0.0069129,0.014176,0.032995,0.041824,0.12728,0.094674,0.087546,0.1426,0.3288,0.1232
0.037741,0.021624,0.068974,0.072186,0.1771,0.092371,0.11617,0.21842,0.12152,0.073892
0.059701,0.026017,0.052975,0.043912,0.20909,0.18137,0.13027,0.14056,0.088037,0.068069
0.060148,0.073119,0.13326,0.036954,0.17931,0.11734,0.15588,0.1162,0.05131,0.076482
0.070179,0.039793,0.080376,0.05968,0.068424,0.15319,0.073587,0.13409,0.20551,0.11517
0.21403,0.21031,0.1734,0.084213,0.26491,0.019874,0.0019218,0.0037307,0.014501,0.013115
0.072204,0.034834,0.24053,0.20842,0.3127,0.00712,0.04134,0.072155,0,0.010706
0.44773,0.11243,0.024592,0.048052,0.29323,0.065063,0.00071199,0.00081373,0.0041044,0.0032723
0.11611,0.080739,0,0.059827,0.014283,0.055898,0.62983,0.03087,0,0.012441
0.86158,0.091354,0.024362,0.0031808,0.0080875,0.0013564,0.0010182,0.0018281,0.0058286,0.0014014
0.2188,0.65184,0.083179,0.011918,0.027296,0.001658,0.0033131,0.0002715,0.00024035,0.0014903
0.030658,0.61553,0.21973,0.0803,0.036138,0.01243,0,0.00099529,0.0019706,0.0022448
0.30578,0.60655,0.061093,0.015722,0.0052862,0.0044021,0,0,0.0011608,0
0.0040231,0.0185,0.0032273,0.011024,0.18743,0.096086,0.0097585,0.013432,0.20806,0.44846
0,0,0,0,0.022424,0.1352,0.84237,0,0,0
0,0,0,0.011376,0.10547,0.31308,0.34751,0.21878,0.0037803,0
0,0.0023892,0.0081935,0.018662,0.035619,0.071598,0.20459,0.19975,0.16041,0.2988
0.03187,0.13478,0,0,0.0013636,0.0096472,0,0.00088919,0.096296,0.72515
0.036987,0.02324,0.0034547,0.038978,0.071602,0.11642,0.084194,0.1121,0.20118,0.31183
0.10214,0.10113,0.042625,0.079226,0.088525,0.15982,0.10547,0.10449,0.11057,0.10601
0.094718,0.07305,0.066621,0.045964,0.075871,0.22092,0.16903,0.062572,0.11399,0.077266
0.038267,0.052487,0.053681,0.072196,0.10738,0.10673,0.019836,0.084524,0.17339,0.2915
0.13392,0.068805,0.047344,0.046587,0.15523,0.076512,0.067546,0.13311,0.13759,0.13336
0.089071,0.12682,0.10209,0.13155,0.18271,0.11092,0.069024,0.021291,0.062815,0.10371
0.040477,0.067525,0.037036,0.11447,0.12138,0.046418,0.073868,0.092624,0.2486,0.15761
0.075059,0.023026,0.044249,0.014831,0.098011,0.088774,0.032303,0.066772,0.11238,0.4446
0.020577,0.020075,0.060888,0.092048,0.22204,0.21374,0.027754,0.062214,0.04765,0.23302
0.038682,0.022241,0.059071,0.040049,0.066678,0.12042,0.11754,0.30904,0.18575,0.04053
0.26911,0.14223,0.17921,0.28697,0.013447,0.014396,0.003997,0.0016938,0.08292,0.0060295
0.053946,0.074132,0.035293,0.080353,0.20984,0.20743,0.015406,0.078148,0.13309,0.11235
0.024537,0.019379,0.069515,0.0012407,0.1897,0.018724,0.075243,0.22597,0.23797,0.13772
0.062836,0.18302,0.6839,0.01823,0.010861,0.0096865,0.0056964,0.0022295,0.0076006,0.015942
0.012798,0.067443,0.7072,0.065946,0.096658,0.034427,0.010971,0.0014908,0,0.0030649
0.15186,0.41223,0.38169,0.037913,0.010536,0.00056646,0.00055945,0.0010902,0,0.0035528
0.0075691,0.025776,0.0032612,0.003546,0.043359,0.052096,0.10262,0.30994,0.26404,0.18779
0.0014522,0,0.0020522,0.0012314,0.0058715,0,0.030687,0.11463,0.52332,0.32075
0,0,0,0,0.0053092,0.01249,0.031991,0.051102,0.39965,0.49945
0.0010213,0,0.0019106,0,0.006357,0.0012789,0.00057396,0.078944,0.34029,0.56963
0.069318,0.087627,0.77219,0.049833,0.0041804,0.010192,0,0.002478,0,0.0041806
0,0,0.0010301,0.00030282,0.0026999,0,0.01998,0.034892,0.12659,0.81451
0,0,0,0,0.0033891,0.021661,0.24331,0.69992,0.016111,0.015614
0.026749,0.011726,0.099345,0.11504,0.23088,0.18007,0.044697,0.014707,0.14498,0.1318
0,0.0016614,0.00099647,0,0,0.0011171,0,0.0024855,0.013338,0.9804
0.82612,0.049458,0.040844,0.070946,0.007795,0.0026316,0,0.0022102,0,0
0.090602,0.05912,0.34231,0.46744,0.032877,0.0076546,0,0,0,0
0.65244,0.21217,0.065703,0.030242,0.028316,0.0013019,0.0033219,0.0065079,0,0
0.16194,0.12635,0.1356,0.15558,0.077321,0.051649,0.03365,0.058695,0.11327,0.085948
0.050663,0.028717,0.061421,0.070069,0.13264,0.14767,0.13649,0.088633,0.13917,0.14452
0.2841,0.21162,0.038769,0.023887,0.04625,0.060161,0.037373,0.01456,0.056001,0.22728
0.16134,0.075854,0.039107,0.074947,0.13024,0.078174,0.035785,0.10541,0.15687,0.14227
0.073913,0.036497,0.058334,0.05753,0.10852,0.10168,0.14236,0.15663,0.21006,0.05448
0.040217,0.019553,0.01633,0.088216,0.18959,0.12638,0.089074,0.2408,0.1162,0.073637
0.0025827,0.0027391,0.01509,0.0016346,0.030368,0.034843,0.14667,0.35212,0.14475,0.2692
0.023807,0.021395,0.028797,0.12514,0.14562,0.18623,0.2672,0.1506,0.031288,0.019923
0.1975,0.063472,0.089392,0.10893,0.30474,0.11202,0.059795,0.019761,0.021492,0.022899
0.02855,0.015993,0.019654,0.025575,0.16798,0.28142,0.24408,0.081489,0.053043,0.082213
0.073555,0.17627,0.47019,0.058314,0.043186,0.14412,0.0012507,0.028452,0.0031766,0.0014813
0.83165,0.063113,0.024508,0.015509,0.0441,0.011684,0.0061431,0.0017249,0.001569,0
0.0025919,0.0045765,0.00064535,0.002496,0.0065593,0.025307,0.052835,0.20432,0.37609,0.32458
0,0.0038808,0.0098717,0.0074451,0.049277,0.034039,0.12784,0.15512,0.48385,0.12868
0.057654,0.080563,0.029221,0.027624,0.21031,0.07841,0.1063,0.044209,0.11814,0.24757
0.63316,0.2342,0.007856,0.005736,0.070395,0.039013,0.0077724,0.0010121,0,0.00085708
0.38544,0.2382,0.079663,0.073192,0.040588,0.038785,0.030379,0.11002,0.0037282,0
0.033917,0.055287,0.02973,0.014853,0.10365,0.26036,0.18711,0.17986,0.040133,0.095098
0.065925,0.036589,0.054759,0.0078244,0.025224,0.050691,0.047973,0.095552,0.17501,0.44045
0.77896,0.070477,0.030292,0.058345,0.041798,0.016541,0.0031363,9.3895e-05,0,0.00036112
0.83533,0.037319,0.04242,0.010768,0.011718,0.028593,0.027916,0,0.00067652,0.0052629
0.94466,0.025801,0.00084484,0.0018292,0.0023412,0.015096,0.0074431,0.0010948,0.00088973,0
0,0,0,0.00012658,0.0080756,0.0053502,0.007807,0.026321,0.066123,0.8862
0,0.00037215,0.0013354,0.0066455,0.011095,0.00034394,0.0042221,0.012233,0.023877,0.93988
0.00047042,0.0029366,0.012004,0.0078384,0.098895,0.0050089,0.0040775,0.017729,0.023953,0.82709
0.060685,0.020477,0.12645,0.044024,0.028599,0.10624,0.18902,0.24498,0.070251,0.10927
0.13394,0.098434,0.19753,0.062476,0.24013,0.15222,0.011709,0.0070148,0.057342,0.039202
0.03182,0.027838,0.04051,0.06019,0.23931,0.31208,0.14482,0.10326,0.028818,0.011352
0.04085,0.053933,0.05501,0.076176,0.10362,0.12582,0.10481,0.17938,0.16193,0.098484
0.048848,0.065961,0.07278,0.11295,0.11737,0.059907,0.094394,0.12834,0.18109,0.11836
0.21833,0.052662,0.096562,0.17283,0.12606,0.10474,0.088799,0.056036,0.032099,0.051877
0.10847,0.12147,0.11475,0.087688,0.14216,0.11052,0.05694,0.085906,0.10177,0.070333
0.041174,0.094475,0.19186,0.10821,0.049853,0.090002,0.11662,0.16998,0.099226,0.038603
0.039845,0.17608,0.17812,0.055619,0.062036,0.080442,0.14155,0.1576,0.064983,0.043717
