0,0.026617,0.17006,0.038809,0.38812,0.14389,0.14163,0.030309,0.025082,0.035477
0.0037013,0.0050599,0.090643,0.059107,0.19404,0.1947,0.20736,0.066131,0.049898,0.12936
0.12484,0.057237,0.10578,0.1232,0.082236,0.13318,0.10043,0.078276,0.13598,0.058841
0.013114,0.050158,0.062519,0.11968,0.26416,0.20278,0.14953,0.096936,0.0097184,0.031412
0.076839,0.042839,0.13914,0.092024,0.11094,0.14159,0.060852,0.029552,0.16947,0.13675
0.03364,0.030662,0.048762,0.15524,0.20305,0.25913,0.11333,0.074934,0.033465,0.047782
0.11109,0.15457,0.11523,0.078018,0.17416,0.12177,0.062925,0.072409,0.051856,0.05797
0.056064,0.15872,0.16485,0.12887,0.21648,0.13551,0.098575,0.0068774,0.017898,0.016155
0.0052281,0.0046969,0.034288,0.18536,0.1856,0.12364,0.32454,0.088967,0.023664,0.024011
0.011131,0.024437,0.038866,0.062062,0.15608,0.11141,0.12856,0.16701,0.15866,0.14178
0.038605,0.039029,0.069207,0.11826,0.075942,0.12899,0.12364,0.173,0.091869,0.14147
0.033559,0.054451,0.11112,0.10848,0.20084,0.10201,0.08529,0.14136,0.10173,0.061171
0.14265,0.3299,0.17431,0.12823,0.087021,0.10457,0.015033,0.0037046,0.0030627,0.011515
0.45237,0.17335,0.021937,0.027625,0.026427,0.27946,0.0020478,0.0018029,0,0.014993
0.66172,0.3087,0.0086097,0.0075166,0.0072968,0.0012955,0,0,0,0.0048568
0.75411,0.11632,0.056567,0.045916,0.016503,0.0041318,0.0027399,0.0015166,0,0.0021935
0,0,0,0.0027315,0.012585,0.25937,0.47364,0.25168,0,0
0,0,0,0.011434,0.043141,0.18671,0.40552,0.30056,0.047909,0.0047248
0.0078887,0.04902,0.023076,0.060417,0.0067205,0.094035,0.027266,0.15968,0.25981,0.31209
0.060567,0.070749,0.028172,0.044201,0.080965,0.12913,0.14411,0.18554,0.20882,0.047747
0.12991,0.046678,0.046672,0.053274,0.13159,0.071256,0.041119,0.12573,0.1516,0.20217
0.050479,0.080455,0.048733,0.090537,0.12108,0.10804,0.13174,0.17544,0.095147,0.098339
0.023071,0.032167,0.055865,0.030049,0.076774,0.088883,0.1416,0.13604,0.095078,0.32047
0.065305,0.095701,0.11436,0.078769,0.063884,0.49195,0.010619,0.0086194,0.024936,0.045851
0.062152,0.040051,0.034564,0.073723,0.067456,0.30972,0.048991,0.10321,0.17603,0.084096
0.015645,0.11643,0.82893,0.022224,0.0034701,0,0.0011531,0,0,0.012153
0.22724,0.39848,0.36366,0.0070224,0.0019909,0,0,0.0016109,0,0
0.0030639,0.025482,0.037272,0,0.001665,0,0.0012651,0.040558,0.40939,0.4813
0,0,0,0.0040828,0.0053678,0.078459,0.17921,0.68514,0.039912,0.0078347
0,0,0.00065969,0,0,0.0031115,0.0014793,0.16492,0.81682,0.013009
0,0,0,0,0.0034657,0.052003,0.031582,0.045609,0.015289,0.85205
0.060555,0.6395,0.29426,0.0056853,0,0,0,0,0,0
0.24133,0.13615,0.13272,0.12687,0.070437,0.024579,0.0088713,0.042182,0.16944,0.04742
0.11308,0.079841,0.13166,0.1096,0.12522,0.076711,0.038335,0.099914,0.1159,0.10973
0.12704,0.11111,0.073646,0.057233,0.061955,0.076873,0.053784,0.10602,0.16585,0.16648
0.055986,0.040769,0.0057042,0.027522,0.085657,0.12136,0.1034,0.17743,0.22107,0.1611
0.050281,0.024514,0.061374,0.19717,0.10338,0.26808,0.15341,0.093732,0.030663,0.017405
0.060823,0.032583,0.13603,0.25841,0.14248,0.1527,0.029562,0.044223,0.021353,0.12184
0.18626,0.65636,0.046048,0.018075,0.051987,0.017422,0.019641,0.0031423,0.001064,0
0.0006187,0.0011702,0.0061112,0.0030249,0.07016,0.011955,0.022447,0.11099,0.51771,0.25581
0.78777,0.09352,0.018151,0.009824,0.021519,0.028833,0.02837,0.0012684,0.0046138,0.0061266
0.010681,0.031184,0.013618,0.024963,0.083997,0.11129,0.13109,0.27116,0.21088,0.11114
0.90489,0.036731,0.0134,0.029383,0.0042029,0.011396,0,0,0,0
0.77146,0.1144,0.030774,0.022911,0.015847,0.014079,0.0006788,0.0068923,0.013337,0.009615
0.038716,0.011784,0.0038877,0.00054584,0.0088457,0.011668,0.0042332,0.015834,0.040299,0.86419
0.095989,0.039658,0.13582,0.15237,0.21829,0.1084,0.063586,0.14547,0.034838,0.0055776
0.058646,0.061469,0.037889,0.050951,0.19159,0.15781,0.13307,0.14171,0.076928,0.089927
0.23861,0.059407,0.06989,0.059441,0.12905,0.10609,0.10019,0.083214,0.097034,0.057068
0.04577,0.093405,0.098781,0.13418,0.1453,0.15678,0.064346,0.10413,0.072736,0.08458
