0.018256,0.037479,0.099787,0.22567,0.11011,0.1584,0.12031,0.073906,0.12387,0.032207
0.024108,0.014288,0.29442,0.27952,0.19696,0.10443,0.073701,0.012569,0,0
0.05555,0.11,0.050504,0.019946,0.018915,0.05738,0.11762,0.14856,0.30687,0.11466
0.36987,0.16607,0.16313,0.12881,0.040532,0.025901,0.011224,0.0061319,0.01279,0.075538
0.10144,0.050693,0.091372,0.080236,0.050783,0.12231,0.10524,0.036051,0.10087,0.261
0.052476,0.044977,0.075295,0.10675,0.14281,0.27777,0.16789,0.041955,0.037041,0.05304
0.10677,0.070742,0.046177,0.1281,0.14309,0.21416,0.12525,0.1108,0.03959,0.01532
0.11932,0.10419,0.10651,0.15755,0.22698,0.18796,0.064165,0.028253,0.0037958,0.0012759
0.1279,0.17926,0.13878,0.13861,0.11462,0.11868,0.059405,0.0578,0.037182,0.027771
0.20203,0.091228,0.070944,0.16179,0.15219,0.15227,0.10326,0.055648,0.0083217,0.0023086
0.011101,0.017705,0.093819,0.093038,0.077496,0.11084,0.13485,0.15206,0.20099,0.1081
0.24923,0.12044,0.046618,0.09872,0.11516,0.093094,0.078627,0.03922,0.042863,0.11603
0.095541,0.067796,0.021572,0.029723,0.028371,0.25351,0.21806,0.09282,0.13574,0.05687
0.21702,0.21079,0.04672,0.016742,0.084132,0.30056,0.044496,0.028572,0.0038612,0.047109
0.71346,0.09595,0.025905,0.028413,0.037415,0.0013213,0.010731,0.080442,0.0049093,0.0014567
0.012031,0.021302,0.019502,0.038074,0.054018,0.10877,0.064881,0.08264,0.073796,0.52499
0.029163,0.045221,0.026021,0.038889,0.082215,0.043176,0.061213,0.19646,0.16844,0.30921
0.051542,0.068807,0.059026,0.057955,0.13523,0.10842,0.12198,0.14457,0.13689,0.11559
0.042721,0.072824,0.062821,0.11455,0.05535,0.23592,0.16309,0.085263,0.11065,0.056798
0.16788,0.14718,0.13673,0.073826,0.20543,0.16236,0.044067,0.026105,0.015498,0.020925
0.054394,0.15694,0.087237,0.27709,0.10639,0.02747,0.028274,0.081708,0.079893,0.10061
0.11021,0.079599,0.15491,0.085878,0.05507,0.059401,0.027197,0.1221,0.19292,0.11272
0.22796,0.051894,0.097318,0.10069,0.064646,0.078431,0.16843,0.040941,0.09136,0.078331
0.21047,0.055976,0.055699,0.10101,0.13264,0.098282,0.061678,0.064085,0.074589,0.14557
0.063861,0.076267,0.01677,0.042655,0.053421,0.062233,0.0094081,0.054214,0.14389,0.47728
0.15599,0.35117,0.080492,0.12526,0.085172,0.030801,0.029493,0.031823,0.035704,0.074097
0.29211,0.28368,0.15777,0.04952,0.042621,0.055176,0.027139,0.018554,0.047652,0.025775
0.52527,0.14753,0.04617,0.049409,0.022262,0.0021551,0.012868,0.056771,0.045515,0.092041
0.050119,0.07361,0.084232,0.22541,0.23182,0.084458,0.035384,0.024027,0.056511,0.13443
0.40483,0.16781,0.085156,0.055747,0.11723,0.074915,0.029606,0.0033958,0.013049,0.048263
0.050857,0.089011,0.35642,0.28373,0.10125,0.090378,0.0083651,0.004137,0,0.015857
0.16704,0.16944,0.075432,0.097286,0.20551,0.15799,0.055627,0.012328,0.022207,0.037147
0.19724,0.11125,0.045711,0.076956,0.14704,0.11506,0.069369,0.050374,0.059363,0.12764
