0.0019761,0.0031218,0.025596,0.0029348,0.007308,0.015372,0.05539,0.059655,0.33914,0.4895
0.005664,0.012589,0.0090606,0.057296,0.1804,0.45494,0.22666,0.023073,0.003831,0.026474
0.014075,0.19179,0.23701,0.2945,0.08097,0.11118,0.020009,0.028525,0.01502,0.0069158
0.56884,0.16497,0.033898,0.019891,0.05313,0.076385,0.014508,0.033387,0.015247,0.019737
0.44139,0.16572,0.060509,0.12503,0.037467,0.055265,0.057612,0.025763,0.0055712,0.025677
0.01867,0.001383,0.0049411,0,0.0095022,0.11732,0.20021,0.38741,0.23709,0.023471
0.121,0.055114,0.56054,0.19252,0.047851,0.0071003,0.0036909,0.0023321,0.0050614,0.0047837
0.049896,0.38618,0.13584,0.12067,0.071184,0.064496,0.077657,0.057387,0.033285,0.0034083
0.0079113,0.0062732,0.017526,0.0044059,0.060717,0.036721,0.11575,0.3282,0.26728,0.15521
0.034057,0.040178,0.072569,0.073736,0.31248,0.23511,0.086713,0.056247,0.054606,0.034305
0.0059859,0.041821,0.037422,0.17514,0.2168,0.087388,0.078297,0.15272,0.13152,0.072897
0.059202,0.056835,0.096324,0.11272,0.13375,0.27409,0.17773,0.033762,0.029929,0.025666
0.16245,0.12153,0.066213,0.040808,0.073918,0.19202,0.12378,0.12877,0.069954,0.020558
0.061504,0.1335,0.080418,0.21021,0.11693,0.13825,0.081875,0.043211,0.062452,0.071656
0.16625,0.1558,0.096879,0.11705,0.11973,0.084113,0.059345,0.060986,0.046915,0.092932
