0.012741,0.0073892,0.00076826,0.0036565,0.0042208,0.029209,0.034725,0.10299,0.42924,0.37506
0.0044118,0,0.045107,0.00066776,0.0032933,0.040559,0.069851,0.058086,0.2588,0.51922
0.024957,0.0081608,0.069493,0.10688,0.56523,0.15284,0.015438,0.02303,0.012732,0.021246
0.048047,0.01689,0.069073,0.046272,0.020348,0.11396,0.25535,0.31413,0.084924,0.030999
0.048495,0.14175,0.30205,0.11951,0.19795,0.12693,0.015005,0.027588,0.020725,0
0.25843,0.056444,0.043278,0.063134,0.11095,0.17679,0.11196,0.070392,0.046339,0.062286
0.49074,0.31668,0.017881,0.016662,0.054551,0.049601,0,0.038783,0,0.015101
0.086574,0.21014,0.022291,0.0099279,0.26869,0.03484,0.05106,0.11383,0.1082,0.094454
0.058622,0.4016,0.17891,0.11073,0.10339,0.020369,0.027514,0.027095,0.019221,0.052544
0.032996,0.094352,0.24627,0.14359,0.10166,0.048206,0.13413,0.14364,0.019881,0.035275
0.0029853,0.012069,0.017954,0.0022695,0.098557,0.2841,0.12758,0.29518,0.12875,0.030566
0.012739,0.0027046,0,0.0025868,0.0027919,0.04764,0.23126,0.32658,0.27117,0.10252
0.081872,0.12987,0.50317,0.10937,0.10081,0.019818,0.031104,0.0074903,0.0083875,0.0080979
0.080753,0.071168,0.11874,0.19344,0.16815,0.12482,0.053693,0.094262,0.078935,0.01604
0.040076,0.1595,0.38034,0.028494,0.073637,0.2338,0.065159,0.0035172,0.0060745,0.0094034
0.030813,0.055951,0.20752,0.19829,0.16367,0.16844,0.063722,0.023727,0.074641,0.013217
0.0084525,0.0036649,0.0095144,0.018649,0.11189,0.050523,0.053567,0.011125,0.1337,0.59892
0.0089899,0.016133,0.01609,0.015742,0.02459,0.13362,0.15982,0.3425,0.10004,0.18248
0.025609,0.032823,0.058323,0.1399,0.34664,0.21693,0.099474,0.037884,0.023763,0.018655
0.088438,0.05587,0.040588,0.053422,0.10644,0.13441,0.10978,0.29659,0.044768,0.069697
0.020105,0.0028453,0.073879,0.088549,0.20255,0.12349,0.17809,0.12727,0.13144,0.051786
0.097197,0.086621,0.34696,0.11669,0.055926,0.10732,0.09259,0.03426,0.036391,0.026044
0.015555,0.048318,0.13735,0.079335,0.17469,0.19148,0.1969,0.095283,0.040598,0.020502
0.014744,0.020337,0.10982,0.17945,0.21339,0.19995,0.10608,0.076078,0.046356,0.033796
0.10272,0.061465,0.053529,0.14274,0.14101,0.16035,0.086455,0.090306,0.075194,0.086238
0.073921,0.034612,0.034126,0.046941,0.14105,0.1098,0.25171,0.14878,0.105,0.054056
0.16431,0.1539,0.11484,0.10155,0.1317,0.052395,0.049195,0.053584,0.092897,0.085621
0.02217,0.082668,0.11141,0.14435,0.25845,0.16165,0.04645,0.057265,0.043562,0.072024
0.063632,0.080126,0.10083,0.088217,0.12002,0.18733,0.13063,0.052057,0.10803,0.069137
0.15563,0.081962,0.068253,0.053213,0.17584,0.14927,0.10038,0.084233,0.045046,0.086168
0.12376,0.04509,0.070801,0.036049,0.072026,0.09591,0.075625,0.17958,0.095809,0.20535
