0,0.010559,0.042665,0.044959,0.76492,0.066114,0.032321,0.032158,0.0029453,0.0033553
0.029098,0.039111,0.045983,0.18199,0.43788,0.13122,0.028601,0.034203,0.048289,0.02363
0.023797,0.04246,0.041516,0.041727,0.26413,0.18688,0.2375,0.094594,0.045651,0.02175
0.016708,0.016855,0.023077,0.051766,0.10438,0.16733,0.095093,0.10526,0.21029,0.20923
0.3018,0.090842,0.12199,0.14248,0.086804,0.05778,0.042504,0.063961,0.021444,0.070392
0.14431,0.26977,0.25349,0.058512,0.072187,0.026784,0.017748,0.065961,0.043012,0.048221
0.016009,0.017617,0,0.0010457,0.001516,0.072975,0.02668,0.15009,0.59417,0.11989
0.078669,0.14862,0.029708,0.06079,0.05377,0.057877,0.16982,0.18687,0.16803,0.04583
0.035475,0.011293,0.021999,0.12856,0.052963,0.076552,0.051762,0.14574,0.20927,0.26639
0.34936,0.24226,0.028775,0.042357,0.1199,0.1307,0.03114,0.0087523,0.023332,0.023427
0.0085059,0.038615,0.026465,0.084289,0.27322,0.18966,0.2276,0.10309,0.035021,0.013528
0.28608,0.03452,0.011813,0.062631,0.10228,0.040419,0.0091351,0.0092818,0.23344,0.2104
0.044105,0.069506,0.12389,0.10367,0.12769,0.056722,0.04724,0.15262,0.22556,0.048992
0.016655,0.02792,0.068983,0.083544,0.36583,0.24022,0.14227,0.046994,0.0075884,0
0.042159,0.046647,0.098921,0.3166,0.16815,0.12187,0.17166,0.014955,0.0088863,0.010161
0.017351,0.029333,0.061344,0.094702,0.10738,0.15669,0.12367,0.17786,0.093895,0.13777
0.063566,0.055638,0.066814,0.073801,0.17605,0.18178,0.19802,0.1023,0.058988,0.023054
0.059951,0.035532,0.062443,0.11806,0.13248,0.20142,0.26653,0.075781,0.035088,0.012725
0.013363,0.011067,0.0022051,0.035166,0.11832,0.32351,0.2022,0.14459,0.081306,0.068286
