0.096931,0.25767,0.15978,0.065281,0.14177,0.19113,0.032072,0.025875,0.013834,0.015665
0.042067,0.039371,0.03008,0.049163,0.053472,0.062772,0.075641,0.25093,0.25918,0.13733
0.00076648,0.045232,0.0016837,0.0018375,0.023198,0.061663,0.087365,0.2683,0.31147,0.19849
0.10512,0.11645,0.08679,0.04434,0.067794,0.12664,0.11817,0.16881,0.12145,0.044436
0.026706,0.030316,0.068829,0.036229,0.15369,0.079979,0.12813,0.099743,0.096546,0.27982
0.022451,0.023082,0.0015333,0.023847,0.024466,0.031777,0.03098,0.031496,0.053615,0.75675
0.044829,0.027336,0.025808,0.010831,0.01022,0.037344,0.19677,0.16161,0.22636,0.2589
0.015325,0.029094,0.0074104,0.0003261,0.006339,0.014941,0.29919,0.37919,0.047195,0.20099
0.00098273,0.0022532,0.0045732,0,0.002646,0.024356,0.012823,0.9421,0.0087066,0.0015618
0.36606,0.48377,0.085014,0.01084,0.0080783,0.038615,0.0011086,0.00084564,0,0.0056641
0.53598,0.11118,0.035577,0.0055774,0.21318,0.015139,0.0054738,0.0027979,0.040255,0.034833
0.052028,0.083837,0.4147,0.085705,0.22278,0.027394,0.01426,0.038961,0.059855,0.00047355
0,0,0,0.0012756,0.00021005,0.29726,0.17574,0.37907,0.079241,0.067199
0.011377,0.11484,0.18589,0.12056,0.43353,0.1179,0.0093219,0.0065858,0,0
0.23538,0.24509,0.022667,0.0037843,0.035902,0.062443,0.062936,0.13399,0.12044,0.077362
0,0,0,0.0026149,0.0065724,0.0074749,0.053379,0.1012,0.69725,0.13151
0.33809,0.16813,0.083514,0.0338,0.10367,0.056177,0.034304,0,0.13659,0.045722
0.034201,0.026556,0.015451,0.17044,0.25618,0.10693,0.13044,0.10249,0.087855,0.06945
0.023275,0.019333,0.035945,0.062456,0.22194,0.18625,0.10006,0.11138,0.18787,0.051498
