0.28297,0.24609,0.075104,0.026312,0.095844,0.11063,0.075591,0.02033,0.045913,0.021219
0.081714,0.015474,0.019497,0.048817,0.18398,0.12996,0.18469,0.090811,0.048018,0.19703
0.053429,0.11503,0.027198,0.028031,0.047075,0.021929,0.034123,0.18359,0.35151,0.13807
0.11938,0.12207,0.073814,0.032761,0.10835,0.082509,0.17893,0.14596,0.03165,0.10458
0.030325,0.013518,0.0058016,0.0038354,0.001696,0.016603,0.024759,0.068699,0.60177,0.233
0.016321,0.040408,0.025786,0.0083538,0.020522,0.029753,0.067358,0.39056,0.060209,0.34073
0.1402,0.11374,0.03268,0.060212,0.04267,0.049244,0.082286,0.1469,0.21935,0.11272
0.024825,0.089285,0.14751,0.13082,0.172,0.050472,0.052397,0.11591,0.14393,0.072843
0.032839,0.046774,0.065381,0.10677,0.22,0.081737,0.094123,0.077435,0.051014,0.22393
0.0076878,0.047618,0.04187,0.0912,0.04125,0.086752,0.1651,0.12288,0.17915,0.21649
0,0,0.014244,0.040073,0.024491,0.027666,0.047615,0.12989,0.35067,0.36535
0.020869,0.0073197,0.012917,0.0020659,0.004478,0.010766,0.0026514,0.042957,0.45053,0.44544
0.01354,0.0078725,0.0073269,0.0058577,0.0092321,0.057108,0.17649,0.025396,0.13673,0.56044
0.043274,0.1534,0.037431,0.055603,0.17393,0.27792,0.25845,0,0,0
0.0043611,0.028869,0.0086979,0.099679,0.43141,0.27251,0.11824,0.036233,0,0
0.0018187,0,0.064453,0.042947,0.00073496,0.012057,0.129,0.03984,0.19795,0.5112
0,0,0,0,0.0090132,0.0014312,0.0040612,0.024072,0.64871,0.31271
0,0.0027945,0.0085163,0.0033493,0.10455,0.11642,0.75068,0.013693,0,0
0.29872,0.23171,0.16858,0.17443,0.051483,0.0065788,0.00031452,0.032899,0.035286,0
0.211,0.18969,0.010925,0.044464,0.132,0.15831,0.1109,0.053918,0.044297,0.044495
0.024596,0.54495,0.18616,0.064159,0.097277,0.027655,0.0022696,0,0.030758,0.022169
0.29784,0.28096,0.09858,0.17376,0.097197,0.032533,0.0056496,0,0.00024196,0.013236
0.22658,0.54156,0.14501,0.02146,0.062633,0.00034827,0,0,0,0.0024086
0.0057769,0.0076588,0.0019879,0.12674,0.45911,0.20941,0.11501,0.07182,0.0024917,0
0.0082672,0.0021081,0.00095469,0.0072468,0.01907,0.16403,0.28817,0.077519,0.19993,0.2327
0.19125,0.042533,0.015467,0.21897,0.086287,0.18276,0.022257,0.037933,0.085864,0.11667
0.019186,0.1284,0.13926,0.077858,0.13981,0.25931,0.1788,0.034193,0.014089,0.0090903
0.041134,0.14445,0.46681,0.21972,0.081219,0.041071,0.0049399,0.00066109,0,0
0.25815,0.20445,0.12983,0.22165,0.12238,0.032986,0.0089468,0.0012654,0,0.02034
0.0052296,0,0.00052629,0.0087541,0.038624,0.1371,0.35968,0.37213,0.043547,0.034412
0,0,0,0.05293,0.052397,0,0.04497,0.12557,0.67912,0.045013
0.0080348,0.0066863,0.0052432,0.0021035,0.080219,0.12496,0.03857,0.1105,0.19221,0.43147
0.10323,0.17222,0.11292,0.13901,0.22382,0.058986,0.10524,0.025618,0.019272,0.039679
0.27968,0.20032,0.025824,0.15903,0.059401,0.00023282,0.046627,0.023394,0.11478,0.090709
0.01421,0.036935,0.12005,0.14813,0.21076,0.13557,0.072181,0.088054,0.046827,0.12729
0.012073,0.0068524,0.0051829,0.041055,0.30203,0.18667,0.17523,0.18293,0.075082,0.012888
0.011081,0.033732,0.035208,0.22376,0.29354,0.10193,0.060108,0.040554,0.072839,0.12724
0.025813,0.095612,0.071052,0.02744,0.48678,0.15172,0.027581,0.019923,0.040556,0.053524
0.034234,0.018481,0.12417,0.44498,0.19209,0.13874,0.0043319,0.020276,0.0051387,0.017563
