0.047623,0.060693,0.1799,0.16477,0.15427,0.21769,0.07988,0.073137,0.0085163,0.013515
0.025147,0.02632,0.065948,0.12049,0.14403,0.27216,0.23475,0.060536,0.034385,0.016244
0.00098915,0.03291,0.045015,0.055824,0.32066,0.22274,0.15961,0.074973,0.043565,0.043716
0.66276,0.17366,0.13195,0.013868,0.010485,5.6899e-05,0.000217,0.0035068,0.0019729,0.0015241
0.9376,0.04127,0.0018013,0.0034863,0.010738,0.00076231,0,0.00058284,0.0037598,0
0.42615,0.088865,0.08286,0.0017392,0.0046391,0.0015296,0.014259,0.0030507,0.065463,0.31144
0.35455,0.03718,0.00094377,0,0.00054842,0.00091083,0.009691,0.047147,0.082878,0.46615
0,0,0,0.0024812,0,0.0084679,0,0.035201,0.39807,0.55578
0.57395,0.049934,0.019409,0.021209,0.014243,0.099977,0.074766,0.060703,0.078522,0.0072915
0.056159,0.044784,0.077447,0.20724,0.16759,0.17078,0.1882,0.033855,0.036814,0.017143
0.064802,0.049074,0.035702,0.056941,0.37117,0.21755,0.1138,0.043374,0.032977,0.014613
0.049475,0.034461,0.063602,0.089308,0.1408,0.2233,0.11924,0.09952,0.13291,0.047391
0.065781,0.068318,0.049371,0.1349,0.17554,0.19386,0.18369,0.09077,0.033167,0.0046104
0.15331,0.24942,0.16518,0.12085,0.078356,0.032561,0.085814,0.07863,0.031289,0.0045965
0.18219,0.39482,0.14893,0.057339,0.072351,0.036676,0.070062,0.03763,0,0
0.068433,0.097266,0.29078,0.25298,0.075295,0.089733,0.073707,0.029632,0.006844,0.015331
0.0084523,0.013876,0.038946,0.065854,0.3334,0.2343,0.060353,0.1025,0.06391,0.078404
0.01656,0.022417,0.073471,0.10689,0.17256,0.13472,0.10801,0.12345,0.15559,0.086334
0.040366,0.079284,0.044452,0.092456,0.17797,0.16473,0.11639,0.14534,0.099357,0.039658
0.19548,0.16582,0.0761,0.025856,0.16034,0.094026,0.074796,0.046024,0.074073,0.08748
0.12547,0.068195,0.35703,0.12641,0.086116,0.063615,0.087237,0.038357,0.023792,0.023778
0.28026,0.14625,0.1661,0.13157,0.093269,0.05742,0.078388,0.019045,0.015632,0.012072
0.047072,0.054297,0.011433,0.016563,0.10548,0.22611,0.24935,0.08825,0.1092,0.092254
0.14806,0.077845,0.054927,0.10072,0.029357,0.054631,0.058779,0.28429,0.08574,0.10565
0.039533,0.12216,0.07508,0.093907,0.25996,0.13488,0.048821,0.016508,0.12464,0.084503
0.16087,0.13654,0.050233,0.051485,0.12731,0.16841,0.15647,0.072393,0.044138,0.032153
0.097215,0.11684,0.13092,0.26407,0.18147,0.11226,0.052479,0.026614,0.0091541,0.0089779
0.30547,0.16179,0.10756,0.15386,0.036468,0.048751,0.032042,0.018463,0.060348,0.075238
0.045111,0.21503,0.19728,0.11704,0.079929,0.070663,0.052487,0.090045,0.075942,0.05648
0.19094,0.2847,0.19781,0.075407,0.095883,0.054245,0.035066,0.0013318,0.051896,0.012719
0.075102,0.23444,0.46514,0.10082,0.06232,0.029748,0.0033982,0.0049696,0.0092049,0.014861
0.099179,0.18876,0.35933,0.27984,0.023204,0.00084831,0.0065507,0,0.026283,0.016011
0.014441,0.003738,0.16779,0.53163,0.1789,0.053265,0.0013685,0.0057519,0.02291,0.020207
0.003404,0,0.003542,0.0026503,0.43314,0.48888,0.065773,0.002609,0,0
0,0,0.0039627,0.043196,0.15727,0.023,0.40917,0.28899,0.069919,0.0044941
