0.014664,0.063386,0.11924,0.19174,0.18503,0.24881,0.10049,0.035241,0.022814,0.018584
0.024093,0.031035,0.049781,0.11848,0.32253,0.162,0.14535,0.072324,0.039948,0.034462
0.80615,0.02514,0.011225,0.014157,0.01173,0.030307,0.0098272,0.05416,0.020885,0.016414
0.30158,0.020734,0.00066284,0.00088529,0,0.00066691,0,0.0071196,0.030217,0.63813
0.08703,0.070914,0.13483,0.20065,0.11867,0.080503,0.084733,0.056656,0.05584,0.11017
0.092495,0.18229,0.11267,0.074031,0.1692,0.19098,0.035409,0.06421,0.061215,0.017488
0.069971,0.060494,0.12439,0.097772,0.16312,0.2085,0.19379,0.063089,0.014443,0.0044253
0.06899,0.159,0.32256,0.1191,0.10118,0.10928,0.072666,0.01762,0.010983,0.018631
0.050623,0.047652,0.043681,0.081073,0.16919,0.27537,0.10811,0.12794,0.05837,0.037997
0.030565,0.064746,0.072793,0.16478,0.16456,0.14315,0.13053,0.10362,0.099067,0.026198
0.22609,0.17336,0.17596,0.05267,0.13602,0.072099,0.088691,0.060686,0.0077321,0.0066892
0.092254,0.020545,0.070496,0.050372,0.099581,0.057207,0.27769,0.087407,0.10436,0.14009
0.089755,0.15822,0.11268,0.11325,0.18223,0.16153,0.066757,0.099205,0.016367,0
0.11713,0.086468,0.15961,0.13942,0.15882,0.17386,0.073156,0.050363,0.016127,0.02504
0.032572,0.12298,0.33575,0.083391,0.079267,0.087783,0.08187,0.089231,0.057634,0.029519
0.25541,0.14589,0.39541,0.1311,0.042326,0.013042,0.0074852,0.004499,0,0.0048346
0.021597,0.022513,0,0.15147,0.69414,0.047373,0.012265,0.0039949,0.04059,0.0060539
