0.0012539,0,0,0,0,0,0.013707,0.11928,0.061909,0.80385
0,0,0,0,0,0,0.11395,0.12052,0.76553,0
0,0,0,0.012965,0,0.0083597,0.075726,0.088852,0.8141,0
0,0,0,0,0.0038053,0.0053614,0.012164,0.061788,0.52128,0.3956
0.0032697,0.0059192,0.0083709,0.0035497,0.029983,0.3285,0.16069,0.06041,0.23546,0.16385
0.017707,0.043627,0.022995,0.082919,0.098604,0.15356,0.1123,0.12086,0.20606,0.14137
0.019608,0.040621,0.034837,0.022482,0.10366,0.081557,0.13736,0.18969,0.26513,0.10506
0.31731,0.14661,0.18977,0.048689,0.19572,0.051372,0.013138,0.0075054,0.024172,0.0057028
0.13827,0.072032,0.050217,0.083241,0.061047,0.0077814,0.025978,0.22074,0.19882,0.14186
0.0029387,0.0056037,0.0086994,0.056509,0.054431,0.40389,0.25558,0.077288,0.064826,0.070237
0.022816,0.012555,0.032252,0.048741,0.049032,0.074055,0.103,0.41399,0.12785,0.1157
0.020648,0.0073595,0.082741,0.17562,0.05941,0.12371,0.04063,0.13561,0.27808,0.076197
0.0095517,0.020559,0.044738,0.017131,0.10173,0.086131,0.058564,0.068823,0.27228,0.3205
0.019928,0.052893,0.032895,0.13501,0.072123,0.0526,0.049492,0.042894,0.16852,0.37364
0.080941,0.063964,0.092239,0.054879,0.14121,0.062973,0.066429,0.25398,0.14043,0.042953
0.055547,0.098257,0.15055,0.15791,0.049848,0.040156,0.034601,0.055381,0.1723,0.18545
0.086104,0.066475,0.051748,0.066495,0.052265,0.031538,0.03548,0.096726,0.042625,0.47054
0.21263,0.32231,0.1678,0.027895,0.021573,0.030232,0.029505,0.021581,0.10936,0.057125
0.032989,0.081772,0.052686,0.072869,0.067286,0.065513,0.12122,0.27257,0.074364,0.15873
0.0033187,0,0.0013728,0.007421,0.077446,0.088833,0.12432,0.27103,0.21571,0.21055
0.012221,0.0029044,0.0035328,0.014643,0.006996,0.075935,0.097548,0.38868,0.036483,0.36106
0.025427,0.010051,0.0078542,0.0010364,0.0055644,0.0039596,0.0096082,0.12648,0.021541,0.78847
0.56563,0.054265,0.062182,0.002674,0,0.031718,0.017192,0,0,0.26634
0.39367,0.15031,0.0017575,0.013079,0.00058526,0.0073495,0.037762,0.0074537,0.011685,0.37635
0.014338,0.52306,0.02247,0,0.00093364,0,0.018849,0.029663,0.011684,0.379
0.037149,0.48437,0.24601,0.057151,0.0092792,0.034014,0.024001,0,0.039779,0.06825
0.01124,0.017895,0.038136,0.066081,0.11626,0.41893,0.17879,0.020385,0.037848,0.094429
0,0,0.0046978,0.0018045,0.095274,0.044353,0.055871,0.071204,0.36348,0.36332
0.086471,0.078677,0.04014,0.036708,0.14794,0.46717,0.13039,0.0028192,0.00014399,0.0095419
0.015968,0.0056235,0.0688,0.049717,0.33037,0.44201,0.046121,0.01361,0.0037428,0.02404
0.42067,0.094465,0.12509,0.0046597,0.019177,0.01617,0.0063727,0.098609,0.21317,0.001629
0.0088121,0,0.0032865,0.00086007,0.016396,0.31801,0.11903,0.0019058,0.063264,0.46844
0.04842,0.064642,0.038107,0.011455,0.035878,0.012435,0.0049294,0.19337,0.44897,0.14179
0.044531,0.16167,0.039216,0.034287,0.035215,0.027667,0.0022266,0.0042313,0.16105,0.48991
0.46328,0.086718,0.041891,0.036265,0.025558,0.015878,0.025814,0.29161,0,0.012984
0,0.00030141,0.13797,0.0025926,0.11653,0.1014,0.045663,0.061795,0.2303,0.30345
0.26627,0.6933,0.013823,0.0010037,0,0.018045,0.00063586,0,0,0.0069236
0.010736,0.017274,0.0091474,0.016491,0.16881,0.39018,0.21319,0.072506,0.085896,0.015772
0.0070572,0.12915,0.18361,0.10195,0.073189,0.025165,0.072527,0.012091,0.18102,0.21424
0,0.010793,0.66172,0.25793,0.04477,0.0091353,0,0,0.015649,0
0.12763,0.075762,0.10354,0.026693,0.054514,0.073998,0.061413,0.006361,0.077526,0.39256
0.017899,0.024085,0.038999,0.039778,0.08093,0.057612,0.041024,0.10688,0.24959,0.34321
0.047293,0.075039,0.019121,0.062948,0.065429,0.10269,0.077343,0.08353,0.14762,0.31898
0.2467,0.21566,0.084715,0.059745,0.016448,0.062182,0.048703,0.062703,0.064415,0.13874
0.018098,0.071154,0.081712,0.028434,0.032076,0.05347,0.089753,0.072734,0.077168,0.4754
0.1765,0.093104,0.03636,0.10697,0.10261,0.063837,0.061386,0.11739,0.16295,0.078897
0.045332,0.032118,0.0049909,0.018245,0.10028,0.14124,0.13406,0.28856,0.10307,0.1321
0.026965,0.12215,0.043476,0.14284,0.1219,0.39265,0.089161,0.012984,0.0012568,0.046629
0.044922,0.052202,0.13631,0.12193,0.38359,0.088603,0.016911,0.050001,0.096567,0.008963
0.082935,0.17158,0.34847,0.023243,0.018461,0.033057,0.069086,0.090362,0.12626,0.036542
0.18606,0.39161,0.29916,0.044888,0.014164,0.048085,0.0045663,0.0035539,0.0049697,0.0029418
0.10451,0.11388,0.0043297,0.0046572,0.042221,0.10133,0.036449,0.15183,0.41533,0.025467
0.022114,0.011943,0.036545,0.0090034,0.10114,0.33174,0.055089,0.15676,0.20846,0.067203
0.22519,0.2611,0.10113,0.059639,0.022829,0.10634,0.033524,0.065483,0.05549,0.069275
0.17125,0.044526,0.010831,0.018861,0.012048,0.024498,0.078816,0.29137,0.32588,0.02192
0.032358,0.30023,0.47883,0.14248,0.025734,0.018468,0.0013222,0.00057197,0,0
0.6684,0.26165,0.017866,0.0092802,0.018756,0.0071976,0.0030444,0.0027705,0.0077123,0.0033226
0.056616,0.12893,0.28512,0.35227,0.098215,0.0068495,0.0020413,0.042763,0.026099,0.0010899
0.31848,0.65742,0.020985,0.00015178,0,0.00062986,0,7.5159e-05,0.0018506,0.0004065
0,0.11071,0.14663,0.0055475,0.01108,0.037028,0.05371,0.5663,0.065711,0.0032787
0.01179,0.01129,0.43673,0.097129,0.032972,0.097763,0.023987,0.027493,0.066089,0.19475
0.27593,0.03691,0.012513,0.03466,0.005894,0.013818,0.067456,0.49287,0.058168,0.0017819
0.0056104,0.02098,0.071362,0.04739,0.017408,0.010422,0.01829,0.094953,0.15303,0.56055
0.10295,0.54734,0.031629,0.061003,0.084094,0.06058,0.042721,0.045186,0.01691,0.0075834
0.071405,0.051169,0.22035,0.31401,0.24603,0.03021,0.053229,0.010346,0.00032789,0.0029253
0.19328,0.12598,0.10252,0.069175,0.097947,0.10228,0.053253,0.1083,0.063713,0.083551
0.22719,0.16788,0.1341,0.2242,0.18574,0.016085,0.011602,0.0018622,0.0083423,0.022992
0.095976,0.12147,0.056593,0.1199,0.15438,0.13155,0.093885,0.08388,0.054822,0.087545
0.1215,0.05268,0.071958,0.14567,0.098236,0.074494,0.16748,0.14427,0.055592,0.068111
0.26857,0.16338,0.059366,0.057562,0.064229,0.08442,0.12618,0.034821,0.066016,0.075468
0.11518,0.25374,0.065079,0.041151,0.071824,0.14396,0.056194,0.047458,0.03333,0.17209
0.053529,0.073341,0.13838,0.074906,0.078648,0.081839,0.10322,0.084868,0.14481,0.16646
0.035222,0.020342,0.067173,0.17877,0.11412,0.075032,0.045994,0.11124,0.13711,0.21501
0.099929,0.070976,0.12403,0.13141,0.14163,0.085315,0.13396,0.13726,0.053381,0.022117
0.00166,0.04118,0.22681,0.13376,0.17379,0.16943,0.11845,0.073329,0.025792,0.03579
0.04155,0.028926,0.095546,0.31672,0.29956,0.093775,0.09677,0.0093127,0.015404,0.0024361
0.016548,0.043645,0.18914,0.26248,0.1536,0.08531,0.10506,0.088025,0.037269,0.018925
0.070958,0.14824,0.05294,0.1296,0.17154,0.078595,0.15383,0.073858,0.080485,0.039956
0.025514,0.0157,0.021527,0.085337,0.10484,0.37848,0.17125,0.10827,0.025566,0.063518
0.036702,0.019066,0.16624,0.10336,0.17847,0.33496,0.041017,0.011372,0.033092,0.075729
0.077801,0.068743,0.18445,0.14359,0.1532,0.21983,0.10591,0.029892,0.016588,0
0.065605,0.1432,0.25054,0.10718,0.14709,0.14133,0.12749,0.0095935,0.0061774,0.0017929
0.01054,0.020704,0.062336,0.24129,0.16526,0.28408,0.065839,0.092767,0.035474,0.021717
