0,0.01254,0,0.0028322,0.0011084,0.0043044,0.047681,0.13003,0.75606,0.045436
0.0026539,0.0013998,0,0.0092902,0.0038571,0.042885,0.0063353,0.061122,0.59636,0.2761
0.0068291,0.017809,0,0.023668,0.052705,0.27907,0.18913,0.077815,0.10625,0.24672
0.039339,0.066266,0.026443,0.097615,0.11712,0.12438,0.11938,0.23614,0.086204,0.087116
0.0085732,0.041271,0.017768,0.097348,0.13335,0.16954,0.20296,0.12948,0.095868,0.10383
0.09748,0.10467,0.057344,0.063399,0.041912,0.083403,0.07885,0.24254,0.15689,0.073512
0.048764,0.023941,0.025832,0.062968,0.19741,0.1044,0.084626,0.099004,0.21429,0.13876
0.033337,0.070764,0.16742,0.19262,0.067827,0.032758,0.027955,0.028616,0.12727,0.25144
0.076231,0.20064,0.10245,0.054725,0.038201,0.0083568,0.02712,0.099114,0.1256,0.26756
0.048351,0.026419,0.055771,0.1064,0.043975,0.072075,0.077788,0.27587,0.15304,0.14031
0.021607,0.0024773,0.0062827,0.0073995,0.007538,0.060803,0.0289,0.075814,0.21043,0.57875
0.38146,0.046728,0.041754,0.010606,0.013695,0.017299,0.012956,0.022526,0.056513,0.39646
0.065563,0.40851,0.1671,0.025215,0.054348,0.018292,0.017429,0.050776,0.079295,0.11347
0.0072057,0.032188,0.026948,0.048831,0.042366,0.42962,0.26416,0.027017,0.038555,0.083103
0.036845,0.061187,0.053932,0.064365,0.21207,0.45284,0.030677,0.017426,0.017886,0.052778
0.0097483,0.010367,0.0066852,0.12373,0.01922,0.056059,0.47593,0.28996,0.005911,0.0023943
0.019491,0.064054,0.010696,0.004902,0.0043156,0.019887,0.012465,0.027053,0.12756,0.70957
0.018853,0.023665,0.069137,0.085929,0.035243,0.079265,0.050734,0.081979,0.10979,0.44541
0.63858,0.30539,0.010536,0.014698,0.029868,0.00092722,0,0,0,0
0.45367,0.0025113,0.0015258,0.035516,0.068847,0.063657,0.028729,0.030198,0.12292,0.19242
0.14069,0.086099,0.073045,0.11299,0.047596,0.053569,0.018053,0.031452,0.21876,0.21775
0.14543,0.12433,0.022336,0.074702,0.060577,0.11085,0.094287,0.066501,0.092095,0.2089
0.059705,0.059335,0.052577,0.079899,0.063125,0.132,0.071504,0.078935,0.11486,0.28806
0.13382,0.033673,0.0041562,0.008834,0.076277,0.018779,0.13177,0.091059,0.10262,0.39901
0.10079,0.052042,0.072252,0.31692,0.12411,0.17896,0.11475,0.013525,0.0063819,0.02028
0.15483,0.26239,0.027946,0.0087081,0.0054589,0.026218,0.021355,0.1402,0.35199,0.00089392
0.026369,0.021075,0.088221,0.016787,0.086881,0.24003,0.1784,0.16276,0.17139,0.0080957
0.15153,0.17472,0.56336,0.039543,0.026062,0.024671,0.0032492,0.014333,0.00058744,0.0019424
0.39764,0.33574,0.2097,0.0031151,0.0071569,0.012215,0.026145,0.0010197,0.0050324,0.0022313
0.020779,0.77952,0.055003,0.027188,0.043383,0.035499,0.036741,0.0015279,0,0.00035663
0.32803,0.18412,0.028468,0.014016,0.021501,0.056828,0.12944,0.069763,0.10144,0.066389
0.017882,0.021738,0.050938,0.17645,0.07356,0.025306,0.03186,0.082078,0.048721,0.47147
0.19679,0.12651,0.16749,0.069349,0.050226,0.10222,0.057716,0.11203,0.060064,0.057618
0.10351,0.23605,0.13264,0.098661,0.16971,0.09487,0.067319,0.015072,0.027744,0.054428
0.30185,0.13979,0.082185,0.07491,0.092766,0.044846,0.067828,0.093823,0.070048,0.031947
0.045568,0.10261,0.079258,0.063573,0.14736,0.090553,0.068454,0.10098,0.094137,0.2075
0.081786,0.087451,0.081746,0.080305,0.1854,0.090038,0.10063,0.056459,0.15383,0.082358
0.0087491,0.056659,0.070844,0.094628,0.099414,0.23324,0.21981,0.14758,0.031459,0.037618
0.056809,0.090217,0.078157,0.11134,0.10943,0.15169,0.20502,0.12657,0.039382,0.031375
0.0058505,0.016319,0.029932,0.069229,0.31957,0.20142,0.22421,0.078978,0.024191,0.030307
0.045145,0.04959,0.13361,0.13142,0.20048,0.37931,0.021983,0.019336,0.0062433,0.012891
