0.017464,0.019838,0.02206,0.050529,0.26798,0.56523,0.045792,0.0088106,0,0.0022967
0,0.0051482,0.020601,0.010157,0.12242,0.655,0.095083,0.067413,0.020659,0.0035177
0.14889,0.091465,0.025975,0.036613,0.079974,0.17297,0.20415,0.020369,0.057222,0.16238
0.012705,0.027794,0.10668,0.1222,0.26472,0.10073,0.11778,0.055988,0.087181,0.10424
0.0093067,0.011709,0.0036246,0.010389,0.1654,0.17844,0.22525,0.12181,0.12258,0.1515
0.12307,0.1054,0.087969,0.45533,0.11092,0.051273,0.01782,0.0039848,0.024804,0.019433
0.12495,0.10851,0.13226,0.34844,0.049227,0.036725,0.046261,0.049212,0.045727,0.058697
0.1566,0.074479,0.03666,0.011857,0.059283,0.21021,0.42022,0.025741,0.00463,0.00032254
0.29382,0.05709,0.051499,0.004696,0.000211,0.17259,0.32797,0.015071,0.0022636,0.074782
0.014788,0.024817,0.019008,0.068499,0.093713,0.18952,0.42639,0.10556,0.018552,0.03916
0.04427,0.053632,0.046647,0.039623,0.097305,0.10711,0.30092,0.23146,0.051684,0.027348
0.024858,0.065451,0.13178,0.13591,0.072509,0.10082,0.17735,0.1484,0.10277,0.040156
0.16038,0.21652,0.050712,0.079616,0.062974,0.055332,0.018514,0.070835,0.18527,0.099842
0.028313,0.027158,0.080079,0.066469,0.10887,0.10992,0.067525,0.12383,0.22248,0.16536
0,0.0023002,0.019779,0.028755,0.051941,0.26106,0.32602,0.11156,0.053609,0.14498
0.028645,0,0.00067698,0,0.14013,0.028375,0.030179,0.074739,0.062843,0.63441
0.006976,0.015014,0.016582,0.014992,0.016704,0.046179,0.095413,0.092142,0.049526,0.64647
0.01425,0.10291,0.026027,0.078532,0.095351,0.057426,0.036429,0.10261,0.18698,0.29948
0.30585,0.42813,0.084522,0.055602,0.040048,0.035787,0.011923,0,0.009278,0.028858
0.026393,0.28576,0.25602,0.088294,0.14203,0.039546,0.037931,0.003835,0.035027,0.08516
0.041568,0.029895,0.016223,0.038243,0.10236,0.18057,0.17965,0.25028,0.089442,0.071774
0.0011062,0.003258,0.0076902,0.019127,0.15733,0.096589,0.16775,0.23624,0.20331,0.1076
0.0037845,0.00047653,0.0013786,0.032331,0.025344,0.0090871,0,0.0019759,0.0074464,0.91818
0.084102,0.35542,0.38117,0.024583,0.0076589,0.014535,0.0013846,0.053207,0.022803,0.05513
0.0026059,0.0044876,0.066716,0.70791,0.19093,0.023529,0.00025851,0.0035623,0,0
0.9332,0.042487,0.0025768,0.0097453,0.0064706,0.0031889,0.0023276,0,0,0
0.012814,0.0038418,0.0039477,0.0096511,0.054968,0.0094758,0.021012,0.02966,0.056685,0.79794
0,0,0,0.0024151,0.024933,0.034681,0.0040484,0.0059573,0.41456,0.51341
0.09482,0.44165,0.32799,0.092158,0.01177,0.027895,0,0.0037169,0,0
0,0.010826,0.053045,0.10648,0.10289,0.22874,0.26462,0.15946,0.058035,0.015902
0.69613,0.16666,0.070314,0.026382,0.035364,0.0038504,0,0,0.0012972,0
0.98577,0.0033538,0.0010244,0,0.0032323,0.0014436,0.0027474,0.0005987,0.0018343,0
0,0,0,0,0.043578,0.0070477,0,0,0.0082632,0.94111
0.0010897,0,0.0016733,0,0.0032311,0.0099974,0.0041984,0.0096762,0.010444,0.95969
0.0034133,0.050648,0.14704,0.088317,0.28203,0.22728,0.16859,0.032679,0,0
0,0,0.08618,0.083559,0.15145,0.43961,0.21913,0.0066743,0.0026382,0.010762
0.17461,0.051339,0.068466,0.021514,0.034384,0.072504,0.094671,0.07308,0.090825,0.31861
0.091569,0.036941,0.018669,0.11302,0.079202,0.099633,0.061849,0.18488,0.13898,0.17525
0.01379,0.091301,0.064004,0.068274,0.13218,0.093315,0.076325,0.10307,0.15396,0.20378
0,0,0,0.01797,0.10473,0.011793,0.012412,0.020086,0.079546,0.75346
0.10256,0.048568,0.086545,0.11145,0.023659,0.017808,0.048807,0.086036,0.36231,0.11225
0.10758,0.16913,0.032359,0.058809,0.046389,0.076833,0.03967,0.076606,0.14453,0.24808
0.23498,0.22114,0.020073,0.070327,0.060939,0.082814,0.061132,0.031144,0.037587,0.17987
0.032124,0.098692,0.034716,0.088097,0.059116,0.16072,0.12946,0.06731,0.23934,0.090425
0.11002,0.027831,0.065208,0.11505,0.12961,0.11093,0.18495,0.10391,0.068609,0.083887
0.0031778,0.0021753,0.019185,0.020902,0.055911,0.10612,0.11503,0.070804,0.2511,0.3556
0.095625,0.13093,0.04243,0.061021,0.18838,0.23732,0.10151,0.034864,0.033974,0.073949
0.36856,0.15807,0.16968,0.068316,0.11727,0.073168,0.0041731,0.014559,0.026215,0
0.20567,0.15418,0.050711,0.066175,0.062819,0.042718,0.053209,0.078985,0.19017,0.095364
0.00325,0.23796,0.21558,0.021593,0.075689,0.033411,0.059003,0.11208,0.16582,0.07561
0.30407,0.097347,0.074706,0.098569,0.22927,0.16452,0.027382,0.0031483,0.00098506,0
0.36807,0.15167,0.091772,0.12499,0.01793,0.23732,0.0031744,0.0019805,0.00085349,0.0022369
0.064588,0.038678,0.081294,0.10666,0.21338,0.2089,0.070878,0.011513,0.059303,0.14481
0.54391,0.15563,0.033745,0.046516,0.069022,0.12434,0.010929,0.0041371,0.0080269,0.0037437
0.59533,0.034063,0.017858,0.031419,0.066162,0.10245,0.05194,0.082098,0.013153,0.0055346
0.056796,0.32345,0.22752,0.10484,0.1195,0.10993,0.0050524,0.007927,0.012152,0.032833
0.59213,0.027599,0.037859,0.079703,0.079421,0.13631,0.02016,0.0057159,0.0042838,0.01682
0.089189,0.23766,0.085808,0.10793,0.056766,0.26246,0.043331,0.093885,0.01952,0.0034518
0,0.008826,0.01169,0.28333,0.40292,0.25768,0.027508,0.0080417,0,0
0.00072801,0.0038684,0.1557,0.0045306,0.1367,0.010764,0.01869,0.018202,0.15663,0.49419
0.15376,0.20598,0.23067,0.23511,0.013492,0.14596,0.0080726,0.00022403,0.0032775,0.0034601
0.20493,0.50333,0.17662,0.020471,0.033996,0.055614,0.00088934,0.002626,0.0015227,0
0.11469,0.065432,0.036225,0.10047,0.13529,0.15753,0.10262,0.11474,0.15378,0.019227
0.12144,0.26713,0.14876,0.065308,0.13096,0.093701,0.056684,0.089581,0.016877,0.0095478
0.056455,0.060371,0.068986,0.033984,0.085769,0.19683,0.22568,0.136,0.08405,0.051885
0.079739,0.060865,0.099507,0.072035,0.067434,0.14636,0.17968,0.13482,0.080524,0.079034
0.085028,0.10095,0.11099,0.085828,0.16364,0.066438,0.016549,0.094687,0.14644,0.12944
0.17254,0.074485,0.042755,0.12002,0.14168,0.15677,0.057751,0.058587,0.10398,0.07143
0.11375,0.099483,0.22807,0.11338,0.081907,0.21218,0.053675,0.021304,0.042981,0.033266
0.28052,0.15496,0.15721,0.055871,0.080721,0.1303,0.023517,0.015331,0.086943,0.014624
0.1743,0.097023,0.057073,0.17453,0.077805,0.075363,0.06516,0.068063,0.083833,0.12684
0.0090411,0.012209,0.057791,0.2576,0.1749,0.14134,0.20681,0.062572,0.042865,0.034872
0.023974,0.031803,0.20692,0.16911,0.10601,0.15183,0.13926,0.05415,0.050313,0.066634
0.06435,0.17114,0.34441,0.17267,0.068619,0.043914,0.09198,0.009453,0.0024742,0.030991
0.053072,0.090557,0.074732,0.15492,0.1286,0.32601,0.025324,0.032257,0.064742,0.049794
0.024086,0.063863,0.040002,0.097914,0.19565,0.30344,0.12696,0.11528,0.019231,0.013579
0.0032695,0.0080045,0.0073008,0.18054,0.26285,0.27484,0.18059,0.045089,0.033538,0.0039857
0.095836,0.11018,0.10656,0.12847,0.070458,0.11299,0.045575,0.13688,0.13453,0.058519
0.058335,0.040728,0.16227,0.22963,0.24248,0.16243,0.0088126,0.024568,0.058039,0.01271
0.03107,0.07912,0.11576,0.17219,0.20677,0.16317,0.057657,0.042785,0.048261,0.08322
0.074387,0.15542,0.017538,0.039746,0.080469,0.15798,0.085576,0.13447,0.10175,0.15267
0.1094,0.10683,0.13871,0.043925,0.06845,0.079324,0.10846,0.059959,0.11979,0.16516
0.035572,0.016189,0.031445,0.28459,0.22205,0.11264,0.092355,0.09707,0.059353,0.048738
0.052727,0.032901,0.098551,0.08677,0.10833,0.084302,0.10629,0.064532,0.17063,0.19496
0.031318,0.12083,0.09602,0.11477,0.17212,0.094574,0.11652,0.063262,0.093968,0.096613
0.04201,0.14534,0.18412,0.25305,0.13801,0.11547,0.050841,0.021575,0.036793,0.012795
0.017664,0.022913,0.086476,0.2342,0.218,0.15526,0.11964,0.088595,0.021799,0.035453
