0.0028747,0.0015798,0.025367,0.083985,0.1357,0.6504,0.06199,0.024775,0.0054844,0.0078439
0.22451,0.043073,0.037555,0.033359,0.060587,0.055545,0.081142,0.075974,0.21672,0.17154
0.033771,0.012914,0.016316,0.068289,0.019974,0.21213,0.20799,0.089121,0.11525,0.22425
0.10785,0.22127,0.32123,0.034738,0.049995,0.18031,0.062394,0.0019558,0.0094889,0.010773
0.014214,0.0093593,0.042983,0.034722,0.089327,0.25486,0.30708,0.11153,0.093156,0.042769
0.02617,0.022087,0.030787,0.077863,0.13728,0.061376,0.20694,0.25665,0.11546,0.065384
0.11487,0.15748,0.077602,0.072842,0.051967,0.048216,0.079643,0.060839,0.16958,0.16696
0.23901,0.0038867,0.011516,0.026026,0.0081582,0.011619,0.0098524,0.14923,0.42348,0.11723
0.012804,0.02736,0,0.094664,0.074767,0.046513,0.037792,0.076527,0.076088,0.55348
0.05823,0.19843,0.06749,0.13475,0.32097,0.024689,0.023917,0.011958,0.073974,0.085584
0.0013589,0.0011458,0.0039097,0.0023516,0.035164,0.058074,0.22389,0.37111,0.059557,0.24343
0.00064504,0.0025101,0.014387,0.0022598,0.0060391,0.013481,0.0064038,0.029341,0.49191,0.43302
0.12916,0.85139,0.0049515,0.0004369,0.0092821,0.0016668,0.003107,0,0,0
0.0033621,0,0,0,0.049394,0.0081566,0.01749,0.0093133,0.11113,0.80116
0.20751,0.65715,0.084032,0.010143,0.0063263,0.034506,0,0,0,0.00033315
0.97234,0.010073,0.0016922,0.0027072,0.0068516,0.0016396,0.0030857,0.0016089,0,0
0.02169,0.005644,0,0,0.038032,0.0021591,0.0079268,0.0036521,0.0031194,0.91778
0.0036145,0,0.029139,0.18654,0.30681,0.2929,0.18099,0,0,0
0.089328,0.10606,0.10352,0.086043,0.078532,0.080245,0.062141,0.1325,0.072662,0.18897
0.022591,0.055129,0.011064,0.0039898,0.059065,0.10591,0.02736,0.045127,0.079784,0.58998
0.10743,0.097954,0.053462,0.062618,0.049721,0.052388,0.087216,0.10695,0.22813,0.15413
0.15262,0.11741,0.092799,0.080263,0.051471,0.049744,0.086622,0.11406,0.082847,0.17217
0.037785,0.027726,0.01111,0.074261,0.10851,0.097822,0.13648,0.1446,0.18453,0.17717
0.13694,0.1368,0.23005,0.12032,0.18715,0.056637,0.049083,0.023144,0.00099433,0.058884
0.06398,0.20316,0.067398,0.055732,0.10579,0.085558,0.017092,0.044275,0.27593,0.081086
0.36708,0.054541,0.16553,0.14906,0.044163,0.20781,0.0044587,0.0036581,0.0028101,0.00088313
0.096026,0.22636,0.18939,0.1717,0.05534,0.13584,0.029561,0.034462,0.033819,0.02751
0.84703,0.060471,0.014156,0.0062012,0.016159,0.035812,0.0040216,0.009169,0.003288,0.0036924
0.47502,0.24037,0.02479,0.03484,0.032671,0.099447,0.062227,0.010683,0.0064181,0.013535
0.00080498,0,0.0031587,0.017906,0.17842,0.033273,0.044721,0.27661,0.29942,0.1457
0.33238,0.47222,0.048248,0.024093,0.0087815,0.087251,0.013486,0.0020537,0.0047593,0.0067341
0.069505,0.15384,0.17409,0.13857,0.19279,0.082674,0.076715,0.066996,0.03664,0.0081785
0.091961,0.052772,0.072561,0.039075,0.084544,0.15198,0.22244,0.13247,0.10145,0.050748
0.065793,0.086279,0.084797,0.11202,0.12389,0.12262,0.16695,0.12295,0.066691,0.048018
0.11662,0.2118,0.12789,0.059397,0.083027,0.13308,0.038783,0.06657,0.078145,0.084689
0.028074,0.067807,0.084771,0.15766,0.14272,0.097129,0.12151,0.1455,0.092681,0.062145
0.017108,0.0544,0.10932,0.18463,0.30727,0.1718,0.067638,0.01886,0.037475,0.0315
0.041993,0.022268,0.064623,0.16076,0.1814,0.30592,0.095358,0.10713,0.018151,0.0023906
0.003991,0.010324,0.014982,0.19589,0.3618,0.26687,0.11304,0.010967,0,0.022143
0.11491,0.062281,0.24096,0.2537,0.12482,0.13704,0.023739,0.014441,0.02073,0.0073787
0.06341,0.1138,0.061119,0.068691,0.098417,0.085304,0.071698,0.074247,0.079988,0.28332
0.074961,0.032682,0.14883,0.12563,0.14964,0.098936,0.16007,0.12884,0.080114,0.0002849
0.17607,0.12657,0.082363,0.14792,0.14172,0.085978,0.060839,0.047869,0.060121,0.070552
