0.062841,0.098654,0.066256,0.15694,0.092721,0.24651,0.1263,0.055029,0.032824,0.061923
0.0058216,0.083649,0.091087,0.080089,0.0741,0.21266,0.19072,0.13363,0.076724,0.051521
0.025894,0.056313,0.043538,0.040259,0.12933,0.15963,0.24616,0.13107,0.12955,0.038258
0.14418,0.092077,0.18392,0.061123,0.072587,0.097674,0.067672,0.054801,0.083963,0.14201
0.18928,0.26571,0.095827,0.044622,0.0603,0.14034,0.03847,0.049811,0.028596,0.087048
0.084587,0.034809,0.038098,0.13684,0.30985,0.2192,0.095507,0.022801,0.030118,0.028186
0.088508,0.076847,0.033724,0.064022,0.36292,0.1958,0.030363,0.026046,0.077658,0.04411
0.16374,0.16251,0.059711,0.22002,0.11546,0.028705,0.049836,0.057003,0.065985,0.077036
0.069052,0.10221,0.038937,0.056037,0.29684,0.27375,0.076438,0.044127,0.026993,0.01562
0.012533,0.043226,0.13788,0.16435,0.17271,0.067779,0.043651,0.019175,0.052968,0.28572
0.098879,0.17741,0.067023,0.11956,0.27553,0.11149,0.055218,0.034918,0.057652,0.002318
0.0040558,0.020771,0.016401,0.0064633,0.041208,0.24894,0.528,0.089996,0.033722,0.010446
0.0021618,0.0071898,0.30785,0.46501,0.18314,0.01954,0.010991,0.0016044,0,0.0025229
0.0061673,0.011105,0.031127,0.24821,0.13765,0.2226,0.29798,0.034954,0.010202,0
0.084264,0.024919,0.042339,0.074884,0.054181,0.064686,0.11833,0.14458,0.18645,0.20536
0.077427,0.020169,0.19665,0.046099,0.028484,0.14784,0.042386,0.083157,0.11795,0.23984
0.34523,0.14568,0.083305,0.033848,0.089561,0.091159,0.027821,0.042121,0.072103,0.069174
0.035463,0.061839,0.13206,0.29584,0.15926,0.15689,0.049244,0.048771,0.036598,0.024036
0.033474,0.084248,0.10617,0.093055,0.24508,0.16004,0.053169,0.065824,0.056018,0.10293
0.042851,0.018798,0.013335,0.047966,0.19716,0.29371,0.13785,0.098525,0.056831,0.092969
0.052827,0.059281,0.23392,0.21923,0.091808,0.047837,0.073779,0.052252,0.078854,0.090211
0.71821,0.059678,0.035749,0.011562,0.088428,0.010891,0.011885,0.0031593,0.018337,0.0421
0.00095724,0.0084238,0.010433,0.027054,0.021159,0.093408,0.045911,0.088239,0.27823,0.42618
0.0017176,0.0014662,0.0021217,0,0.0031078,0.074409,0.017153,0.044684,0.31377,0.54157
0.044613,0.03387,0.057403,0.039304,0.021207,0.11536,0.036862,0.01797,0.12328,0.51014
0.012992,0.0065151,0.035544,0.12101,0.030297,0.038777,0.4474,0.087398,0.14363,0.076435
0.13003,0.020633,0.0086835,0.024039,0.13392,0.1294,0.092604,0.21789,0.11426,0.12854
0.069642,0.030902,0.061744,0.17474,0.12502,0.090023,0.14477,0.19922,0.061115,0.042812
0.036443,0.079144,0.059968,0.00098511,0.040518,0.041391,0.07293,0.029859,0.042117,0.59665
0.04867,0.01318,0.01718,0.018145,0.03755,0.20078,0.10398,0.1445,0.34358,0.072437
0.024821,0.021136,0.037765,0.045832,0.14561,0.38311,0.17793,0.14987,0.013701,0.00021892
0.56085,0.079229,0.08834,0.067906,0.070654,0.052594,0.020712,0.012912,0.0040286,0.042776
0.26379,0.35054,0.11626,0.058239,0.073527,0.018299,0.030088,0.042896,0.018156,0.028202
0.11183,0.028445,0.030971,0.029917,0.078036,0.58771,0.12216,0.0076738,0,0.003261
0.010205,0.056228,0.035933,0.14386,0.43613,0.2884,0.019829,0.0055237,0.0034447,0.00045209
0.078992,0.10743,0.1965,0.17465,0.065865,0.19729,0.017613,0.025881,0.096058,0.039725
0.015009,0.10456,0.095445,0.26377,0.20903,0.091937,0.065758,0.039949,0.079291,0.035245
0.75615,0.043427,0.058374,0.0303,0.013733,0.02914,0.020934,0,0.0055625,0.04238
0.19336,0.41864,0.12302,0.11892,0.099971,0.028482,0.00073902,0.00082521,0.0068969,0.0091527
0.48156,0.37492,0.043973,0.037323,0.02046,0.014905,0.0098489,0.015586,0,0.001421
0.0020068,0.014032,0.0078505,0.044877,0.062592,0.1196,0.072276,0.085996,0.30908,0.28169
0.078725,0.053729,0.158,0.04752,0.32244,0.24859,0.0655,0.015411,0,0.010091
0.31114,0.42259,0.049894,0.032261,0.10966,0.054564,0.016631,0.0012869,0.0019728,0
0.030435,0.0033217,0.017408,0.0033085,0.027856,0.2267,0.10814,0.32858,0.20901,0.045245
0.048079,0.068837,0.032446,0.23882,0.3989,0.1407,0.009539,0.0055287,0,0.057156
0.77422,0.10511,0.025658,0.025279,0.043255,0.024017,0,0,0.00027704,0.0021817
0.52765,0.1423,0.1006,0.025051,0.058054,0.030963,0.045939,0.010503,0.0401,0.018841
0.20922,0.097301,0.096558,0.13981,0.19289,0.08836,0.011151,0.038588,0.065093,0.061029
0.14477,0.41574,0.18799,0.085154,0.06513,0.0082043,0.017061,0.010405,0.029308,0.036235
0.030309,0.61452,0.053504,0.046247,0.055813,0.036754,0.054346,0.02436,0.071341,0.012804
0.81921,0.055218,0.039612,0.036131,0.0061689,0.011008,0.024891,0.0077579,0,0
0.55131,0.053587,0.058677,0.082026,0.016119,0.056124,0.017036,0.027228,0.051271,0.086624
0.05285,0.089324,0.12575,0.30257,0.28735,0.072882,0.025298,0.013842,0.0054522,0.02468
0.0082768,0.013153,0.084139,0.50257,0.20737,0.018397,0.005405,0.014121,0.0017465,0.14482
0.047502,0.095662,0.0296,0.14907,0.00849,0.18359,0.19498,0.19811,0.057212,0.035781
0.0038966,0.05384,0.012263,0.040554,0.13596,0.32075,0.34543,0.035207,0.015513,0.036573
0.023501,0.017845,0.048946,0.089296,0.26248,0.083815,0.061834,0.20792,0.14688,0.057478
0,0.048481,0.023061,0.074454,0.73655,0.037446,0.058145,0.015022,0.0068417,0
0.34451,0.045207,0.030404,0.031632,0.077307,0.20498,0.078086,0.058246,0.071265,0.058369
0.015813,0.04495,0.000229,0.13484,0.054526,0.028836,0.034405,0.037967,0.18058,0.46785
0.033234,0.017392,0.072287,0.10318,0.28746,0.14656,0.13176,0.069353,0.047772,0.091014
0.16096,0.29607,0.065254,0.10442,0.13792,0.19259,0.010131,0.018766,0.00349,0.010393
0.49265,0.12902,0.044342,0.059944,0.086396,0.10984,0.018343,0.01977,0,0.03969
0.28211,0.038105,0.069418,0.19267,0.19025,0.066863,0.082642,0.0015567,0.0027201,0.073661
0.13031,0.38922,0.090632,0.080466,0.11645,0.050065,0.032045,0,0.00047217,0.11035
0.076853,0.045687,0.17153,0.37227,0.13776,0.05607,0.017115,0.0087371,0.024175,0.089804
0.053049,0.11442,0.34681,0.24822,0.022862,0.0082891,0.0073238,0.004471,0.049453,0.1451
0.023223,0.027443,0.080653,0.18546,0.26997,0.20965,0.13913,0.027159,0.0041302,0.033176
0.040311,0.084126,0.42726,0.059078,0.062222,0.043585,0.012317,0.014348,0.0035575,0.25319
0.1149,0.044856,0.10014,0.056379,0.42274,0.046446,0.02075,0.013531,0.067578,0.11269
0.021711,0.03477,0.0062375,0.084641,0.36233,0.2837,0.015412,0.025205,0.096898,0.069097
0.41696,0.22685,0.048495,0.1136,0.15947,0.024859,0.00055259,0,0,0.0092149
0.071653,0.052815,0.021082,0.053816,0.40999,0.27055,0.056318,0.0072958,0.045738,0.010746
0.072158,0.050579,0.066404,0.019097,0.14402,0.069517,0.18387,0.20538,0.15201,0.036971
0,0.0065829,0.010229,0.090465,0.061391,0.074306,0.054655,0.035642,0.1097,0.55703
0.029439,0.0091247,0.050928,0.34028,0.14557,0.20695,0.034457,0.071809,0.026741,0.084697
0.010159,0.0461,0.12759,0.32327,0.12591,0.14422,0.10685,0.046028,0.032067,0.037802
0.20219,0.16972,0.11606,0.059326,0.16292,0.20772,0.028667,0.01899,0.018191,0.016218
0,0.0077853,0.02795,0.029332,0.044897,0.18677,0.19225,0.41729,0.048336,0.045384
0.045534,0.038675,0.062712,0.13352,0.41804,0.16102,0.060362,0.024325,0.052177,0.0036275
0.040903,0.034329,0.056577,0.098276,0.12446,0.11805,0.091636,0.15449,0.15479,0.12648
0.031931,0.058411,0.047679,0.092883,0.15861,0.27979,0.14507,0.067291,0.037074,0.081258
0.023909,0.022515,0.10964,0.065396,0.20241,0.10238,0.16363,0.14171,0.1059,0.062512
