0.046925,0.11142,0.040461,0.039084,0.056734,0.059392,0.16645,0.19782,0.15927,0.12245
0.19764,0.2501,0.018231,0.075549,0.097745,0.076165,0.13266,0.025174,0.050993,0.075751
0.022822,0.022448,0.0045287,0.010513,0.050411,0.05487,0.12542,0.34894,0.26524,0.094806
0.0011373,0,0,0,0.0031694,0.0019747,0.023956,0.753,0.20893,0.0078364
0.0093117,0.016719,0.30239,0.12902,0.068711,0.14219,0.20263,0.072047,0.04141,0.015569
0,0.0074318,0.0054402,0.54294,0.43488,0.0044347,0,0,0.0048746,0
0.009112,0.09573,0.24378,0.28258,0.33766,0.017022,0.0061227,0.0059426,0,0.0020572
0.0079218,0.61294,0.34033,0.023924,0.0067198,0,0,0,0,0.0081613
0.12003,0.018205,0.069902,0.37535,0.28016,0.03871,0.068637,0.0075661,0.019334,0.0021037
0,0.012826,0.012357,0.19582,0.15857,0.10831,0.1327,0.092296,0.053725,0.2334
0.71925,0.055308,0.020701,0.010727,0.0042935,8.1736e-05,0.015551,0.0017019,0.071507,0.10088
0.12784,0.085677,0.034761,0.044596,0.090756,0.086679,0.034418,0.089546,0.15855,0.24718
0.13511,0.069824,0.027142,0.087857,0.097524,0.12658,0.11306,0.081331,0.09446,0.16711
0.0971,0.28613,0.082078,0.070693,0.088252,0.15645,0.14618,0.067762,0.001378,0.0039827
0.037755,0.26431,0.23452,0.095387,0.051088,0.040212,0.037152,0.027949,0.095688,0.11594
0,0,0.035429,0.030786,0.036738,0.061251,0.12088,0.21928,0.14543,0.35021
0.26007,0.14999,0.051126,0.0065963,0.0047373,0.057511,0.045879,0.19161,0.20764,0.024836
0.53108,0.23631,0.12223,0.055016,0.035259,0.012312,0.0067523,0,0,0.0010417
0.23985,0.047342,0.029223,0.024556,0.04627,0.079663,0.026956,0.040238,0.26835,0.19756
0.12423,0.048596,0.16965,0.12709,0.042031,0.013099,0.099526,0.11729,0.23342,0.025068
0.40125,0.29455,0.019519,0.029431,0.018804,0.012099,0.025472,0.02576,0.065451,0.10766
0.024825,0.061819,0.083024,0.21046,0.32894,0.13924,0.03047,0.10912,0.011039,0.0010686
0.019191,0.081936,0.23168,0.026916,0.025998,0.036989,0.12378,0.031873,0.066725,0.35491
0.014014,0.024825,0.31137,0.056501,0.021963,0.0087472,0.086946,0.29914,0.13836,0.038133
0.0201,0.038194,0.035656,0.02342,0.018141,0.01093,0.029942,0.042441,0.1251,0.65608
0.049812,0.039652,0.026443,0.069778,0.041063,0.025733,0.023693,0.060294,0.2805,0.38303
0.00059415,0.0010358,0.0045307,0.067423,0.068863,0.19647,0.26945,0.33179,0.028321,0.031515
0.11115,0.069927,0.04426,0.12832,0.064907,0.23036,0.26731,0.040372,0.0096998,0.033703
0.58379,0.33291,0.05438,0.011877,0.005405,0.0027098,0.00081827,0,0.0059981,0.0021053
0.014954,0.12156,0.65944,0.10951,0.02135,0.0071263,0.0013754,0.00030884,0.046167,0.018212
0.03896,0.0025464,0.021209,0.037142,0.02214,0.026666,0.077442,0.29606,0.34979,0.12805
0.0062726,0.066304,0.2525,0.36902,0.18756,0.051848,0.030451,0.022082,0.004418,0.009549
0.013944,0.024859,0,0,0.0097915,0.0010722,0.041758,0.042284,0.052958,0.81333
0,0.0037907,0.00027607,0.0014654,0.023336,0.58339,0.28731,0.019973,0.02525,0.05521
0.0096936,0.055655,0.67903,0.22687,0.022198,0.0031124,0.001584,0,0.001865,0
0.00022623,0.00074847,0.0022,0.0020625,0.042401,0.75419,0.1742,0.019019,0.0027178,0.0022323
0.0050538,0.027018,0.0092232,0.014312,0.24015,0.57319,0.047203,0.023616,0.025166,0.035061
0.0077397,0.0086896,0.0092258,0.013208,0.20148,0.081335,0.20034,0.049161,0.21821,0.21061
0.066701,0.034263,0.017469,0.011335,0.048845,0.037722,0.017025,0.02142,0.16038,0.58484
0.01059,0.050465,0.033453,0.17811,0.25557,0.10787,0.18581,0.16034,0.01286,0.0049226
0.15805,0.083436,0.033214,0.050685,0.029008,0.045127,0.086224,0.0412,0.20898,0.26407
0.026447,0.57748,0.16537,0.13944,0.0050666,0.033077,0.010633,0.033133,0.0023414,0.0070155
0.023473,0.0092919,0.078062,0.054886,0.075733,0.16943,0.083854,0.080315,0.36159,0.063364
0.38007,0.068041,0.044072,0.15581,0.10953,0.027331,0.015212,0.00304,0.075193,0.1217
0.0075244,0.0068601,0.0017405,0.030579,0.059424,0.0905,0.089303,0.1133,0.30424,0.29653
0.0052458,0.038847,0.062312,0.20707,0.15482,0.028854,0.041455,0.22234,0.077324,0.16173
0.015208,0.020111,0.081481,0.035812,0.075151,0.26408,0.1175,0.093762,0.2388,0.058096
