0.15142,0.0336,0.018509,0.022215,0.053953,0.079941,0.17147,0.13307,0.16901,0.16681
0.016439,0.0034078,0.0030178,0.0047707,0.016841,0.058129,0.12193,0.46565,0.27273,0.03709
0.018633,0.19203,0.19678,0.22257,0.2915,0.072049,0.0064419,0,0,0
0.92658,0.04306,0.010501,0.0083928,0.0068065,0,0.00090369,0,0.0037598,0
0.11841,0.065666,0.10161,0.36179,0.14027,0.11922,0.046305,0.019413,0.012782,0.014535
0.22936,0.05156,0.049771,0.051159,0.10638,0.037834,0.023402,0.075959,0.17858,0.19599
0.059336,0.059518,0.17893,0.045204,0.1001,0.18998,0.12961,0.088462,0.059843,0.089023
0.0077658,0.13015,0.25378,0.066172,0.053654,0.083608,0.060721,0.091095,0.11183,0.14122
0.66219,0.08376,0.013682,0.064603,0.10689,0.029526,0.011072,0.014831,0.0098451,0.0036013
0.035919,0.16607,0.099963,0.056109,0.033761,0.019963,0.021102,0.045757,0.22736,0.294
0.40412,0.098997,0.10171,0.011241,0.013632,0.004029,0.027037,0.026657,0.20322,0.10936
0.025035,0.030128,0.13274,0.08521,0.0041952,0.10272,0.18436,0.072192,0.23925,0.12417
0.045894,0.029159,0.023661,0.012152,0.018976,0.015937,0.034639,0.028319,0.11903,0.67223
0.014247,0.029817,0.077536,0.041814,0.093699,0.063933,0.46596,0.11877,0.05386,0.040365
0.25686,0.46939,0.22472,0.036229,0.0016177,0.0011987,0,0.00219,0.0042919,0.0034975
0.026984,0.01459,0.00047448,0.067294,0.29988,0.19242,0.18786,0.16979,0.020142,0.020569
0,0.024393,0.016254,0.0062995,0,0.01191,0.1183,0.6286,0.085251,0.10899
0.12176,0.27572,0.40372,0.099385,0.067041,0.014965,0.0037123,0.0024883,0.011206,0
0.0015142,0.0024024,0.043701,0.0073171,0.25932,0.17058,0.10023,0.054258,0.20133,0.15934
0.0095002,0.079,0.036722,0.034323,0.16102,0.03768,0.097153,0.23879,0.18858,0.11723
0.086446,0.089825,0.32704,0.042618,0.11272,0.1121,0.15597,0.054525,0.006986,0.011763
0.029156,0.11152,0.01967,0.090901,0.14847,0.07128,0.027161,0.10639,0.26124,0.13421
0,0.012612,0.029182,0.042855,0.16838,0.13584,0.034141,0.0604,0.22265,0.29394
