0.096736,0.078766,0.15252,0.070427,0.2079,0.062855,0.12083,0.04925,0.034649,0.12606
0.063149,0.14957,0.29065,0.11252,0.095516,0.096508,0.058098,0.0083459,0.063399,0.062243
0.61023,0.067776,0.029185,0.049674,0.055527,0.12104,0.0071136,0.057322,0.00061383,0.0015224
0.29462,0.096618,0.19606,0.21806,0.13481,0.024568,0.010958,0.0025193,0.019717,0.0020695
0.13656,0.098972,0.055318,0.082431,0.1126,0.13637,0.19484,0.075711,0.066159,0.041035
0.1546,0.18508,0.23079,0.10753,0.052123,0.011838,0.019978,0.076896,0.1403,0.02086
0.070052,0.07551,0.062608,0.025651,0.061224,0.090742,0.16561,0.19578,0.18164,0.071181
0.060355,0.022712,0.032074,0.053395,0.080573,0.066954,0.14735,0.30934,0.20333,0.023922
0.53782,0.21228,0.10653,0.060283,0.028518,0.010437,0.0088991,0.0098701,0.02029,0.005076
0.092044,0.019159,0.034929,0.045675,0.086029,0.11873,0.11392,0.11763,0.16727,0.20462
0.03973,0.034021,0.043183,0.04951,0.15381,0.14651,0.19383,0.13655,0.1703,0.032546
0.14598,0.17457,0.06312,0.10912,0.11469,0.22214,0.08134,0.0171,0.024657,0.047284
0.040904,0.021346,0.01642,0.021706,0.14757,0.18598,0.10366,0.052698,0.1747,0.23502
0.047997,0.0311,0.057281,0.21006,0.30391,0.05025,0.036862,0.029072,0.12052,0.11295
0.027268,0.016244,0.089407,0.050364,0.21596,0.24636,0.091959,0.049913,0.16155,0.050982
0.017138,0.019941,0.018842,0.058088,0.14365,0.15674,0.22455,0.16776,0.13626,0.057022
0.029511,0.042545,0.044691,0.044185,0.18007,0.18144,0.30122,0.075465,0.05095,0.049928
0.074868,0.088523,0.12749,0.15163,0.082609,0.059892,0.079012,0.20501,0.086787,0.044177
0.033653,0.12893,0.26013,0.087001,0.10316,0.10093,0.17901,0.02334,0.05759,0.026257
0.042472,0.092575,0.077164,0.099764,0.13292,0.17854,0.15591,0.10043,0.063813,0.056419
0.18711,0.11013,0.06234,0.014693,0.014827,0.070755,0.049601,0.042227,0.26967,0.17864
0,0.010123,0.24395,0.22728,0.10596,0.2518,0.10321,0.038914,0,0.018763
0,0.07874,0.30977,0.14809,0.078938,0.23757,0.10136,0.01914,0.026395,0
