0,0,0,0,0.0089671,0.012293,0.041916,0.11179,0.36857,0.45647
0,0,0,0,0,0.028607,0.11856,0.27305,0.54645,0.033328
0.0070541,0.054178,0.037234,0.12362,0.10589,0.068288,0.042513,0.069751,0.32765,0.16383
0.041745,0.052116,0.011001,0.23975,0.28396,0.23652,0.062993,0.041308,0.010542,0.020062
0.1183,0.089359,0.042732,0.18546,0.074671,0.076864,0.13782,0.11723,0.091746,0.065807
0.021596,0.045787,0.19489,0.12768,0.090676,0.15752,0.12067,0.086049,0.046492,0.10864
0.40179,0.067447,0.076294,0.17003,0.11099,0.033783,0.070124,0.022796,0.024233,0.022512
0.33689,0.11264,0.13609,0.082163,0.1542,0.087202,0.027547,0.030165,0.031023,0.0020751
0.28768,0.1165,0.04706,0.061617,0.17251,0.16263,0.09854,0.030425,0.016289,0.0067507
0.0093862,0.0083207,0.014143,0.022807,0.20483,0.17634,0.08952,0.18343,0.15962,0.13161
0.03367,0.19058,0.17177,0.084974,0.10125,0.17167,0.085332,0.10376,0.040483,0.016522
0.086571,0.10437,0.085365,0.078301,0.1721,0.09737,0.051418,0.14169,0.14968,0.033132
0.20419,0.17382,0.092496,0.075245,0.05591,0.02424,0.18396,0.14193,0.031581,0.016625
0.015074,0.048126,0.038586,0.062499,0.12068,0.12294,0.27241,0.20589,0.06029,0.053503
0.037119,0.019918,0.024129,0.073466,0.21692,0.28069,0.18068,0.087231,0.03997,0.039877
0.029339,0.031316,0.058481,0.026097,0.21594,0.2826,0.15844,0.062789,0.084738,0.050257
0.0055608,0.015963,0.004658,0.075849,0.096282,0.16754,0.34256,0.19202,0.066202,0.033363
0.012764,0.018424,0.0091577,0.031397,0.30028,0.29759,0.1272,0.052709,0.07655,0.07393
0.028751,0.10482,0.11665,0.056353,0.10959,0.17467,0.11887,0.091692,0.096442,0.10215
0.19731,0.33283,0.089082,0.1396,0.17418,0.040711,0.020441,0.0058574,0,0
0.47071,0.11006,0.099487,0.18745,0.083152,0.0022307,0.0095001,0.0052363,0.02301,0.0091613
0.1037,0.13993,0.040143,0.10279,0.047544,0.080701,0.28835,0.083346,0.055736,0.057762
0.12035,0.15512,0.035655,0.23851,0.18149,0.10234,0.10156,0.059458,0.0055179,0
0.0086867,0.0034739,0.039873,0.042785,0.2252,0.12049,0.079238,0.031045,0.12777,0.32144
0.018599,0.0060416,0.028886,0.085796,0.10996,0.18925,0.068865,0.13727,0.12114,0.23419
0.28956,0.16421,0.13933,0.041998,0.071742,0.04402,0.053723,0.058665,0.071266,0.065481
0.51967,0.22356,0.1053,0.037756,0.014505,0.014498,0.0063956,0,0.018369,0.059951
0.46317,0.031164,0.014686,0.057261,0.12669,0.1315,0.038574,0.12538,0.0094066,0.0021626
0,0,0,0,0,0.0031106,0,0.0038272,0.14741,0.84565
0,0,0,0.00077661,0.0050841,0.0040999,0.16803,0.8198,0,0.0022126
0.0024415,0,0,0,0.11753,0.45769,0.38555,0.033572,0.0007951,0.0024175
0.23405,0.75662,0.0054657,0.001764,0.0017853,0,0,0,0,0.00031153
0.18822,0.36497,0.34167,0.080194,0.019624,0.0024126,0.0029107,0,0,0
0.015408,0.014566,0.026187,0.065572,0.12351,0.17942,0.07559,0.09132,0.12802,0.28041
0.10755,0.059156,0.091758,0.10758,0.073392,0.067193,0.063802,0.064238,0.17016,0.19517
0.1373,0.044065,0.071905,0.071017,0.10112,0.024206,0.041979,0.02522,0.20566,0.27752
0.32022,0.30074,0.22383,0.031313,0.073545,0.0058339,0.0013226,0.042267,0.00092463,0
0.042418,0.027423,0.053418,0.10617,0.14329,0.086739,0.088113,0.095856,0.13385,0.22272
0.064457,0.1057,0.038488,0.040135,0.096317,0.11963,0.077332,0.11079,0.076861,0.27029
0.0066699,0.068167,0.080565,0.017905,0.047391,0.011518,0.012002,0.10866,0.35549,0.29164
0.0054188,0.0095355,0.28554,0.56899,0.021797,0.0053986,0.0095609,0.05678,0.016399,0.020579
0.22423,0.079482,0.15904,0.039345,0.1482,0.0661,0.10145,0.011849,0.05551,0.11479
0.046103,0.18949,0.013424,0.090573,0.19328,0.11273,0.16915,0.077818,0.032805,0.074635
0.037756,0.038192,0.20013,0.20736,0.13701,0.12686,0.036052,0.069526,0.071514,0.0756
0.22196,0.47895,0.022029,0.050313,0.00040481,0.043704,0.088463,0.0020438,0.060147,0.031981
0.0069858,0.080057,0.87998,0.0019337,0.0014341,0,0.0056724,0.02017,0,0.0037684
0.70785,0.053768,0.01709,0.025065,0.0077505,0.017704,0.0074849,0.012031,0.13771,0.013547
0,0.072109,0.3242,0.21315,0.084208,0.06144,0.093122,0.075268,0.021743,0.05476
0.088798,0.047431,0,0,0,0,0.0031712,0.0068277,0.044281,0.80949
0.033954,0.0010616,0.0010997,0,0,0,0,0.007278,0.89814,0.058462
0,0,0,0,0,0.00063816,0.0034508,0.037331,0.71528,0.2433
0.94636,0.036346,0.0053581,0,0,0.0026915,0.0013264,0.0024749,0.0016645,0.0037809
0,0.053483,0.18929,0.19202,0.09219,0.046886,0.16465,0.13709,0.080582,0.043806
0,0.0017012,0.42615,0.34614,0.15327,0.033024,0.00941,0.0024495,0.025806,0.0020405
0.0042404,0,0.0084252,0.02634,0.046685,0.28927,0.15543,0.31995,0.13675,0.012905
0.007638,0.0028757,0.063791,0.37992,0.21332,0.2843,0.0055169,0.034519,0,0.0081237
0,0.002343,0.00084916,0,0,0,0.014727,0.042614,0.93947,0
0.014471,0.024186,0.0024325,0.0054951,0.0056757,0.04493,0.11414,0.069972,0.13076,0.58794
0.40279,0.090732,0.053072,0.033541,0.045983,0.043569,0.030574,0.01544,0.074145,0.21016
0.053126,0.11337,0.12728,0.035692,0.033763,0.060589,0.066568,0.21314,0.16123,0.13524
0.10716,0.11176,0.20086,0.16558,0.057094,0.064196,0.012407,0.041131,0.034689,0.20512
0.093263,0.085051,0.065503,0.11833,0.04962,0.049189,0.046779,0.20551,0.23553,0.051222
0.16897,0.081071,0.079575,0.13801,0.14836,0.18715,0.039744,0.070072,0.050924,0.036119
0.039049,0.074159,0.00566,0.014349,0.075349,0.295,0.30945,0.11392,0.030108,0.042952
0.038387,0.044406,0.11167,0.19597,0.25178,0.1439,0.05881,0.084951,0.030815,0.039318
0.010422,0.0038505,0.0036835,0.018827,0.017091,0.16813,0.032227,0.039363,0.34249,0.36391
0.0038914,0.0040644,0.020146,0.10619,0.26009,0.14219,0.04962,0.11137,0.064771,0.23766
0.023403,0.011383,0.0018507,0.035037,0.16148,0.29119,0.14156,0.060632,0.10166,0.17181
0.010601,0,0.001372,0.043573,0.14323,0.14866,0.19529,0.082237,0.13777,0.23727
0.30327,0.26792,0.12114,0.10261,0.074185,0.033053,0.055651,0.018186,0.016965,0.0070164
0.079475,0.26128,0.37237,0.16189,0.09202,0.0028886,0.0067749,0.011329,0.010052,0.0019222
