0,0,0,0,0,0.026907,0.090271,0.27421,0.50739,0.10123
0.046196,0.017,0.022022,0.30796,0.24784,0.18012,0.08304,0.044601,0.017865,0.033353
0.11806,0.12625,0.092062,0.17401,0.15441,0.10206,0.13717,0.083995,0.0066085,0.0053653
0.1581,0.11458,0.19805,0.17613,0.12377,0.085413,0.061056,0.022976,0.045696,0.014223
0.19639,0.10196,0.12186,0.052942,0.17547,0.17743,0.11139,0.031662,0.018172,0.012717
0.063715,0.13,0.071317,0.13057,0.12771,0.2346,0.10942,0.079964,0.030326,0.022383
0.058439,0.093369,0.074928,0.061992,0.10956,0.17511,0.18748,0.080573,0.10319,0.055362
0.036063,0.029729,0.034531,0.031468,0.23696,0.24557,0.18644,0.072991,0.055813,0.070437
0,0.017941,0.037323,0.061297,0.098208,0.21014,0.24808,0.14588,0.10785,0.073267
0.0234,0.22813,0.070946,0.16229,0.25531,0.063437,0.10517,0.040292,0.035782,0.01524
0.20647,0.14165,0.097614,0.11422,0.1458,0.06488,0.12265,0.059527,0.038954,0.0082338
0.0023581,0.017221,0.066723,0.20619,0.20066,0.073362,0.046678,0.049055,0.13654,0.20121
0.18467,0.013622,0.026682,0.026203,0.14578,0.1659,0.18605,0.098868,0.080681,0.071558
0.6069,0.16842,0.032603,0.051491,0.027431,0.018691,0.010266,0.0011543,0.017643,0.065399
0,0,0,0,0.0019846,0.0014379,0.0017873,0.064591,0.91711,0.013092
0.018794,0.06964,0.40032,0.48955,0.0068358,0.00939,0.0016244,0.00089584,0.0029521,0
0.012444,0.031891,0.012175,0.11897,0.16496,0.13045,0.063747,0.090354,0.12072,0.25429
0.11266,0.093248,0.064337,0.10704,0.054283,0.060408,0.093458,0.052716,0.14542,0.21644
0.15495,0.19468,0.14268,0.1067,0.052759,0.046302,0.01151,0.15616,0.059018,0.075243
0.03581,0.046943,0.012576,0.021695,0.1274,0.11969,0.056503,0.1635,0.093811,0.32207
0.20097,0.061739,0.23431,0.21655,0.08781,0.12482,0.012848,0.013302,0.0032795,0.044362
0.1872,0.027455,0.098212,0.080971,0.18325,0.037083,0.080056,0.030296,0.03958,0.23589
0.14662,0.57031,0.045522,0.045743,0.013317,0.052776,0,0,0.11108,0.014625
0.12269,0.44324,0.1103,0.023652,0.022269,0.045266,0.0095939,0.011315,0.18228,0.029397
0.080751,0.0051314,0,0,0.0012213,0,0,0.0068224,0.034891,0.87118
0.44183,0.18137,0.033483,0.029584,0.035838,0.071723,0.069534,0.043778,0.085203,0.0076646
0.00075189,0.0087248,0.32805,0.25662,0.1469,0.15477,0.048182,0.0070525,0.019957,0.028989
0,0.0044403,0.031284,0.14355,0.33084,0.11476,0.30637,0.064535,0.0033419,0.0008881
0.026388,0.020252,0.019336,0.029678,0.012414,0.01941,0.10614,0.13165,0.25306,0.38167
0.052222,0.017161,0.056823,0.031822,0.029818,0.019442,0.059787,0.28797,0.24119,0.20376
0.088773,0.094591,0.23058,0.063596,0.064042,0.034676,0.017958,0.063583,0.1348,0.20741
0.12649,0.02478,0.037769,0.090748,0.18426,0.20766,0.20023,0.078084,0.0023435,0.047632
0.0301,0.02788,0.026702,0.088984,0.27683,0.082487,0.13387,0.19059,0.071397,0.071167
0.015038,0.011094,0.020343,0.04726,0.09948,0.15226,0.12545,0.058107,0.22977,0.2412
0.034594,0.11635,0.093294,0.035226,0.17623,0.17529,0.19855,0.099277,0.041911,0.029284
