0.077417,0.036206,0.060754,0.12275,0.20135,0.070807,0.35234,0.055024,0.013156,0.010189
0,0.015773,0.13256,0.4033,0.23126,0.17624,0.037491,0,0,0.0033803
0.064341,0.59694,0.20154,0.022966,0.030451,0.073573,0.010181,0,0,0
0.063987,0.10155,0.068293,0.067171,0.3496,0.058456,0.11597,0.15086,0.022545,0.0015706
0.0023653,0.0042586,0.0010441,0.0061407,0.012124,0.30645,0.44837,0.21199,0.0021831,0.0050778
0.021219,0.0018417,0.059302,0.0167,0.016845,0.031155,0.10134,0.069397,0.42716,0.25504
0.15306,0.19642,0.20991,0.10551,0.05074,0.06101,0.073968,0.027662,0.029803,0.091918
0.020514,0.045153,0.084915,0.28393,0.23308,0.086352,0.081795,0.058058,0.054987,0.051215
0,0.0024383,0.002615,0.10634,0.38019,0.27662,0.16817,0.035684,0.014264,0.013688
0.0014617,0,0.017826,0.0092413,0.30836,0.48907,0.09498,0.013792,0.042387,0.02288
0.0038763,0,0,0,0.0049657,0.065613,0.31721,0.44663,0.056751,0.10495
0,0.0012714,0,0.00083658,0.013304,0.020293,0.30063,0.35674,0.20853,0.098388
0.063706,0.047282,0.12647,0.057702,0.076094,0.06226,0.12414,0.14202,0.15954,0.14079
0.031508,0.031541,0.056768,0.019172,0.085588,0.15307,0.23112,0.19314,0.1134,0.08469
0.041872,0.037862,0.10864,0.06181,0.12276,0.17305,0.18557,0.076309,0.11542,0.076704
0.021631,0.023402,0.014408,0.046466,0.30191,0.16906,0.17934,0.17157,0.036813,0.035396
0.032856,0.11739,0.041886,0.3515,0.17658,0.072023,0.14256,0.023317,0.016964,0.024921
0.022589,0.057088,0.26273,0.41771,0.1279,0.080208,0.0063696,0.012356,0.0031461,0.0099112
0.20533,0.24871,0.19083,0.1126,0.081241,0.15227,0.0090171,0,0,0
0.14322,0.31558,0.23518,0.10998,0.13203,0.035252,0.021194,0,0.0035594,0.0040012
0.068001,0.12703,0.13736,0.18917,0.22335,0.12629,0.062312,0.034619,0.020757,0.011107
0,0.0081995,0.015605,0.048853,0.22182,0.57799,0.093667,0.021426,0,0.012437
0.028411,0.031459,0.017323,0.045243,0.30802,0.3081,0.12878,0.080097,0.029041,0.023525
0.18267,0.049077,0.02877,0.050091,0.10025,0.30078,0.15655,0.073801,0.026376,0.031634
0,0.084623,0.090022,0.29224,0.10806,0.20856,0.15043,0.053806,0.0088551,0.0033904
0.0058142,0.013822,0.0057535,0.0023867,0.0012806,0.0020661,0.0086593,0.068564,0.091893,0.79976
0.041951,0.10045,0.18157,0.12103,0.091171,0.071455,0.14157,0.11114,0.10951,0.030151
0.41942,0.3969,0.072263,0.038682,0.0013364,0.042165,0.0021267,0.019403,0.0016863,0.0060086
0.0052769,0.0276,0.13198,0.67193,0.11957,0.021944,0.0025094,0.011332,0.0032993,0.0045643
0.0081543,0.077525,0.031247,0.14595,0.23184,0.087899,0.10419,0.2183,0.059219,0.035687
0.12084,0.075198,0.085445,0.068826,0.14847,0.078812,0.26164,0.042501,0.078971,0.0393
0.017336,0.068272,0.17623,0.15066,0.085167,0.16036,0.049646,0.02738,0.12117,0.14379
0.0006648,0.016277,0.19393,0.17957,0.29561,0.1269,0.077437,0.086113,0.015092,0.0084113
0.0096158,0.036697,0.013452,0.03776,0.1467,0.11599,0.15455,0.15088,0.15172,0.18263
0.038722,0.10865,0.17717,0.10626,0.17194,0.087443,0.13789,0.090627,0.055843,0.025457
0.031134,0.0092465,0.055866,0.052424,0.078627,0.24315,0.39863,0.082841,0.031401,0.01668
0.045288,0.069197,0.030182,0.045646,0.040806,0.077202,0.076027,0.20008,0.30914,0.10644
0,0.010149,0.10475,0.16266,0.081331,0.14662,0.16773,0.20011,0.082674,0.043978
0.014962,0.021987,0.0033406,0.0029286,0.011442,0.028174,0.030396,0.024333,0.10351,0.75893
0.026569,0.039936,0.060467,0.40972,0.12774,0.17813,0.065985,0.04279,0.026676,0.021983
0.019866,0.037336,0.10613,0.078582,0.11064,0.21646,0.21554,0.10764,0.056562,0.051249
0.057587,0.048921,0.063319,0.19534,0.29656,0.18059,0.07438,0.046144,0.020075,0.017085
0.03863,0.042052,0.09416,0.29741,0.22141,0.13448,0.061391,0.061479,0.027548,0.02143
0.07389,0.082944,0.22291,0.30512,0.18943,0.059098,0.018915,0.015319,0.0049123,0.027464
0.017713,0.079928,0.023345,0.020988,0.10236,0.14633,0.05056,0.080537,0.3027,0.17555
0.036453,0.030644,0.0063838,0.0010114,0.0053377,0.0079355,0.02663,0.02724,0.056351,0.80201
0.30324,0.057117,0.051655,0.28772,0.22362,0.042606,0.0091646,0.0011835,0.0013191,0.022369
0.078964,0.011083,0.048617,0.37027,0.29189,0.081462,0.042638,0.010754,0.047452,0.016865
0.037777,0.024201,0.044802,0.035544,0.16321,0.2365,0.17455,0.076319,0.091064,0.11603
0.029964,0.03039,0.022381,0.050348,0.11801,0.29721,0.28761,0.076264,0.042021,0.045803
0.033529,0.031482,0.012627,0.0082748,0.042059,0.08991,0.46572,0.21214,0.092303,0.011962
0.0057408,0.045897,0.1915,0.19327,0.25168,0.15884,0.12693,0.020652,0.0054882,0
0.068259,0.10663,0.013559,0.09242,0.053082,0.062631,0.042686,0.2028,0.22264,0.13529
0.20301,0.13495,0.10009,0.045307,0.10583,0.14745,0.088747,0.068254,0.062677,0.043693
0.10247,0.10207,0.13873,0.10198,0.16972,0.11559,0.12249,0.036957,0.025452,0.08454
0.28122,0.25179,0.078161,0.10036,0.080272,0.071474,0.039049,0.058169,0.017067,0.022439
0.20476,0.09048,0.15081,0.10636,0.17865,0.12855,0.08186,0.018548,0.011719,0.028273
0.29525,0.10535,0.080165,0.20328,0.09215,0.042864,0.035642,0,0.091806,0.053484
0.18707,0.29234,0.12401,0.24826,0.074172,0.029578,0.0017664,0,0.02279,0.020007
0.10871,0.041552,0.096369,0.15352,0.18405,0.17352,0.077282,0.078119,0.034501,0.052375
0.12628,0.2065,0.15618,0.10906,0.05363,0.1293,0.017123,0.061179,0.074457,0.066291
0.02206,0.040068,0.040413,0.13102,0.12826,0.2963,0.12552,0.086329,0.061068,0.068963
0.026349,0.12065,0.075284,0.16205,0.036522,0.08106,0.14075,0.080012,0.1374,0.13993
0.56551,0.092691,0.10486,0.064042,0.083403,0.015462,0.021046,0.0071751,0,0.045803
0.11633,0.054316,0.13557,0.043415,0.033683,0.086627,0.15841,0.059199,0.17693,0.13552
0.59529,0.073801,0.0986,0.06607,0.012356,0.0027106,0.0229,0.012453,0,0.11582
0.0054966,0.09348,0.12722,0.39451,0.082041,0.0095782,0.001467,0.11606,0.027529,0.14261
0.22952,0.60402,0.052627,0.079657,0.022389,0.0026473,0.0031013,0,0,0.0060351
0.37036,0.068576,0.0044118,0.037758,0.0048267,6.8672e-05,0.0082999,0.04417,0.018443,0.44308
0.041488,0.44454,0.081372,0.021855,0.026755,0.049696,0.010699,0.081091,0.20888,0.033626
0.22612,0.061198,0.016693,0.025332,0.042152,0.18756,0.12247,0.10489,0.081273,0.13232
0,0.0037158,0.0087936,0.0095198,0.043696,0.1521,0.35279,0.32541,0.032031,0.071944
0.1038,0.30321,0.015483,0.082461,0.191,0.13548,0.05425,0.032973,0.032798,0.048543
7.1255e-05,0,0.0058651,0.0025595,0.0020961,0.014555,0.0037416,0.023943,0.13749,0.80967
0.0018483,0,0.00048126,0.0042967,0.023693,0.070973,0.02408,0.28711,0.53687,0.050641
0.27147,0.4933,0.10454,0.11013,0.012236,0.00067754,0,0,0,0.0076424
0,0.051179,0.15528,0.6034,0.051412,0.058061,0.065339,0.0014734,0,0.013859
0,0.010235,0.011537,0.0072402,0.063645,0.076843,0.062455,0.1525,0.49416,0.12138
0,0,0.018666,0.015871,0.023535,0.010516,0.03985,0.0056826,0.065835,0.82005
0.14985,0.049915,0.017502,0.079064,0.056774,0.027565,0.056493,0.057843,0.158,0.347
0.11989,0.042542,0.076429,0.063564,0.10491,0.027804,0.079478,0.12891,0.18766,0.16882
0.38432,0.13393,0.061581,0.038366,0.022114,0.054416,0.12684,0.063497,0.046142,0.068796
0.31589,0.15381,0.095519,0.021818,0.042422,0.094105,0.089013,0.061243,0.089734,0.036447
