0.13432,0.13125,0.07086,0.059145,0.072638,0.10776,0.11632,0.091023,0.047192,0.1695
0.075113,0.095349,0.091875,0.11637,0.051316,0.17025,0.12868,0.11012,0.03654,0.12439
0.081693,0.13885,0.11251,0.25542,0.060168,0.14964,0.059793,0.014908,0.032651,0.094371
0,0.0019329,0.0069927,0.031615,0.080049,0.081352,0.39577,0.31247,0.069878,0.019936
0.012965,0.0361,0.0080672,0.03092,0.030535,0.017509,0.10522,0.27342,0.25783,0.22744
0.037708,0.061458,0.035082,0.082894,0.17035,0.19212,0.14271,0.15287,0.10332,0.021493
0.022604,0.024293,0.014647,0.032724,0.060377,0.091983,0.14615,0.32093,0.15373,0.13257
0.39977,0.11748,0.27558,0.10898,0.033509,0.011898,0.012893,0.0046087,0.033582,0.0017082
0.37966,0.17375,0.036052,0.058315,0.055155,0.047186,0.055078,0.1756,0.016766,0.0024503
0.76114,0.14012,0.03027,0.025521,0.021504,0.021446,0,0,0,0
0.099146,0.33108,0.17059,0.046841,0.10306,0.14298,0.053947,0.040111,0.0045788,0.0076738
0.80653,0.097407,0.040563,0.016707,0.01639,0.016933,0.002371,0.00043504,0.0026618,0
0.0055644,0.0086353,0.0075969,0.028029,0.070426,0.1778,0.08731,0.23328,0.23635,0.14502
0.039974,0.035064,0.034825,0.093789,0.21271,0.24063,0.17016,0.10552,0.035643,0.031688
0.7366,0.22836,0.0207,0.0040593,0.003656,0.0066233,0,0,0,0
0.69092,0.14982,0.064362,0.0086436,0.0054175,0.020719,0.0016661,0.058456,0,0
0.018011,0.16034,0.34133,0.17552,0.088755,0.13447,0.033178,0.026653,0.02031,0.0014207
0.0011367,0.024089,0.040509,0.026812,0.016973,0.066416,0.21262,0.42854,0.098391,0.084509
0.089757,0.2752,0.16509,0.1012,0.086624,0.09949,0.1077,0.052573,0.012833,0.0095393
0.0072362,0.0086382,0.0091037,0.010113,0.038654,0.16061,0.3584,0.33083,0.03936,0.037055
0.00021317,0,0.0024229,0.0036708,0.017404,0.010756,0.0031141,0.027039,0.082636,0.85274
0,0.009768,0,0.0036609,0.0046454,0.0056881,0.0012127,0.01417,0.36988,0.59097
0.013764,0.023535,0.037228,0.02465,0.029018,0.085238,0.16522,0.20595,0.17934,0.23605
0.020437,0.0034401,0.011096,0.030708,0.051057,0.038595,0.072636,0.12018,0.39957,0.25228
0.02108,0.011688,0.019194,0.030836,0.042359,0.17399,0.12288,0.14901,0.27746,0.1515
0.12848,0.058168,0.12902,0.11638,0.064746,0.058495,0.068257,0.12369,0.14249,0.11027
0.14165,0.10609,0.057179,0.12646,0.090991,0.16611,0.16435,0.057541,0.04566,0.043969
0.040709,0.012316,0.04076,0.041734,0.033234,0.36931,0.18765,0.13427,0.11678,0.023239
0.11613,0.042332,0.087644,0.19476,0.10438,0.102,0.10606,0.053284,0.07028,0.12312
0.016131,0.082761,0.13226,0.10763,0.1818,0.23675,0.083598,0.037385,0.053936,0.067748
0.054864,0.077398,0.17832,0.087739,0.14114,0.088159,0.12471,0.15688,0.041325,0.049469
