0.081324,0.11605,0.13928,0.29787,0.093425,0.043057,0.13988,0.065077,0.016624,0.0074115
0.057604,0.053298,0.10137,0.11404,0.06536,0.057811,0.12515,0.34337,0.042003,0.039987
0.15549,0.11409,0.28828,0.092625,0.067703,0.10521,0.050628,0.055757,0.051097,0.019121
0.026147,0.048372,0.21448,0.15651,0.12887,0.16451,0.082852,0.11411,0.0498,0.014339
0.032885,0.046532,0.13083,0.21685,0.25645,0.14539,0.14504,0.01798,0.0045415,0.0035118
0.072474,0.043402,0.13074,0.28031,0.22428,0.12554,0.086657,0.01121,0.011352,0.014029
0.089307,0.05801,0.07442,0.36151,0.19379,0.032428,0.068584,0.06374,0.037216,0.021004
0.013068,0.053055,0.018304,0.027999,0.030067,0.095679,0.071971,0.16157,0.45882,0.069477
0.076391,0.046087,0.085781,0.053672,0.092354,0.082563,0.098823,0.28045,0.12691,0.056967
0.80532,0.12166,0.013124,0.00077648,0.0041974,0.0016679,0.0044327,0.011759,0.015396,0.021671
0.0019929,0.0017146,0.00091861,0.001288,0.00043322,0.018631,0.011012,0.011605,0.69783,0.25457
0.91393,0.034695,0.0073164,0.0069546,0.016041,0,0.0046952,0.016346,2.2621e-05,0
0.033964,0.45815,0.41312,0.046998,0.031451,0,0.0016895,0,0.0033776,0.011248
0.79336,0.090076,0.015282,0.0014831,0.057765,0.030805,0,0.0016333,0.0036073,0.0059876
0.85046,0.13396,0,0.0025541,0.0033103,0.0066581,5.1642e-05,0.0030117,0,0
0,0.0040035,0.00015338,0.012905,0.088489,0.41274,0.43996,0.016878,0.0058299,0.019038
0.030796,0.031952,0.00827,0.095531,0.11113,0.18609,0.32803,0.16178,0.026693,0.019726
0.032425,0.041658,0.088747,0.112,0.11673,0.14881,0.16098,0.182,0.046957,0.069694
0.01057,0.038083,0.043416,0.038708,0.10751,0.11204,0.25934,0.15965,0.14378,0.086906
0.059887,0.053019,0.043545,0.11473,0.067565,0.12762,0.17308,0.14044,0.10891,0.1112
0.087451,0.072904,0.078005,0.16564,0.23306,0.085034,0.11285,0.060417,0.068552,0.036092
0.0033286,0.016699,0.041482,0.14999,0.12913,0.1821,0.068347,0.10032,0.12689,0.18172
0.030959,0.051373,0.045882,0.11583,0.23406,0.1903,0.15858,0.062413,0.063561,0.04704
0.028946,0.054881,0.07799,0.13455,0.19004,0.2221,0.18111,0.053154,0.016471,0.040763
0.0032994,0.016099,0.026011,0.046121,0.17466,0.30081,0.15564,0.20042,0.057299,0.019636
0.046885,0.0080391,0.0024493,0.0025533,0.0043282,0.046022,0.11673,0.58491,0.14404,0.044048
0.41439,0.29603,0.090657,0.021196,0.033729,0.01351,0.011862,0.023123,0.070641,0.024862
0.017907,0.038432,0.015456,0.026249,0.032905,0.16566,0.067021,0.08319,0.45367,0.099512
0.015474,0.047617,0.024637,0.19104,0.12944,0.054724,0.17171,0.20043,0.14531,0.01961
0.71954,0.1153,0.05302,0.029875,0.024141,0.0071406,0.004464,0.0071761,0.019094,0.020254
0.29256,0.12987,0.06216,0.13629,0.11221,0.042284,0.0078111,0.027216,0.070092,0.11951
0.56905,0.3755,0.023828,0.011496,0.0029261,0.00047242,0,0.0044064,0.0031227,0.0091943
0.095037,0.68749,0.13206,0.021737,0.0088518,0.0016295,0.0019467,0,0.0018323,0.049422
0.76896,0.14585,0.006561,0.0028841,0.0099519,0.039857,0.0004092,0.00071154,0.004372,0.020446
0.31992,0.096239,0.13099,0.03427,0.031325,0.16025,0.050577,0.043735,0.016202,0.1165
