0.039993,0.00216,0.0013542,0.010526,0.0081841,0.13795,0.4125,0.22524,0.13816,0.023925
0.055098,0.051476,0.029005,0.18391,0.14691,0.20266,0.075887,0.11044,0.061627,0.082987
0.045514,0.30374,0.17652,0.092122,0.1569,0.12082,0.039507,0.018047,0.035432,0.011387
0.02988,0.018467,0.1283,0.067932,0.071817,0.033924,0.031114,0.061774,0.12737,0.42943
0.345,0.36584,0.042074,0.04133,0.063177,0.062925,0.044943,0.014714,0.017982,0.0020166
0.56337,0.30559,0.033901,0.0070436,0.002576,0.0033633,0.0028316,0.0077787,0.017072,0.056473
0.025609,0.022895,0.0092371,0.078179,0.054586,0.020151,0.0070082,0.015949,0.045975,0.72041
0.21103,0.14302,0.021773,0.047039,0.045796,0.046282,0.040125,0.090688,0.11909,0.23516
0.065371,0.058533,0.28867,0.071787,0.011709,0.014233,0.02034,0.16414,0.29416,0.011056
0.12803,0.03074,0.009104,0.020687,0.29908,0.40329,0.034195,0.016761,0.022291,0.035814
0.42687,0.06218,0.03809,0.015749,0.01467,0.0073355,0.021558,0.054482,0.25474,0.10433
0.23836,0.081175,0.20986,0.082996,0.019376,0.018607,0.11555,0.048571,0.11237,0.07314
0.20009,0.071257,0.071286,0.10382,0.084775,0.07556,0.050584,0.022329,0.17983,0.14047
0.062497,0.066469,0.079118,0.14851,0.15866,0.16851,0.15065,0.043959,0.052461,0.069168
0.10632,0.12338,0.088165,0.079378,0.2209,0.036717,0.037275,0.057811,0.1597,0.090359
0.0095931,0.011682,0.18386,0.15659,0.16248,0.14787,0.05165,0.04113,0.12655,0.1086
0.019286,0.01771,0.014885,0.25706,0.045856,0.0079666,0.012533,0.0073251,0.32049,0.29689
0.087635,0.087048,0.16563,0.053566,0.0023237,0.01291,0.016733,0.00056534,0.19974,0.37385
0.10653,0.077361,0.076246,0.091411,0.12729,0.071475,0.0033168,0.065129,0.24374,0.13751
