0.053574,0.21082,0.26095,0.22707,0.025201,0.046277,0.052594,0.039472,0.044995,0.039056
0.0053901,0.0033399,0,0.14044,0.27507,0.47597,0.039698,0.047546,0.012543,0
0,0.0078833,0,0.0036788,0.006949,0.0090833,0.16798,0.33338,0.36281,0.10824
0.072164,0.036397,0.14006,0.0094886,0.17825,0.15901,0.276,0.063252,0.047731,0.017648
0.045299,0.15411,0.14659,0.05285,0.068755,0.10273,0.02897,0.098149,0.25066,0.051889
0.086204,0.095124,0.07413,0.08531,0.084511,0.043948,0.12337,0.14845,0.098364,0.16059
0.39726,0.067702,0.032499,0.049057,0.029844,0.050614,0.1587,0.071068,0.11283,0.030438
0.74518,0.16307,0.010107,0.0069426,0.015862,0.027217,0.02495,0.0061206,0,0.00055305
0.1855,0.10987,0.044104,0.013779,0,0.010335,0.18755,0.16702,0.17006,0.11179
0.12194,0.0047286,0.14224,0.088505,0.28566,0.057315,0.011374,0.022888,0.0066389,0.25872
0.14764,0.091745,0.088142,0.47316,0.10987,0.026216,0.018142,0.010359,0.0061455,0.02858
0.11109,0.040091,0.08825,0.11841,0.09838,0.38641,0.01596,0.03266,0.019526,0.089232
0.67766,0.12635,0.042295,0.026482,0.018296,0.026129,0.014732,0.009889,0.0374,0.020766
0.042748,0.019984,0.0024161,0.0046829,0.0028826,0.035621,0.084095,0.086532,0.24974,0.47129
0.16107,0.1446,0.079416,0.041898,0.020908,0.087968,0.1352,0.090801,0.008989,0.22914
0.4123,0.26826,0.26876,0.036257,0.014418,0,0,0,0,0
0.043472,0.08813,0.030897,0.30426,0.28201,0.014199,0.01591,0.026454,0.073261,0.12141
0.02549,0.11278,0.049796,0.046266,0.071102,0.52076,0.11062,0.036024,0.017897,0.0092635
0.1518,0.35499,0.19284,0.13409,0.014695,0,0.058783,0.021904,0.05254,0.01837
0.13436,0.09244,0.056597,0.05689,0.018287,0.24973,0.13585,0.11604,0.072931,0.06687
0.081388,0.091822,0.043849,0.041896,0.06579,0.34122,0.2374,0.066213,0.021023,0.0093978
0.060132,0.059984,0.11305,0.093485,0.15537,0.081282,0.079977,0.089301,0.14955,0.11788
0.13688,0.057841,0.047268,0.096662,0.048031,0.15185,0.1328,0.19495,0.012051,0.12167
