0.039332,0.046343,0.097312,0.022537,0.045208,0.059494,0.056513,0.21499,0.20571,0.21256
0.080381,0.03963,0.020302,0.021824,0.11858,0.19369,0.1073,0.077154,0.12862,0.21252
0.63351,0.034394,0.04283,0.032925,0.084836,0.035991,0.030576,0.0014876,0.071716,0.031738
0.0086217,0.044741,0.013946,0.049713,0.29914,0.095245,0.18774,0.16092,0.085385,0.054558
0.041782,0.04482,0.11074,0.21683,0.16218,0.10972,0.10806,0.044754,0.06785,0.093263
0.0052042,0.0072613,0.051118,0.14634,0.16327,0.2039,0.30873,0.056469,0.034407,0.023299
0.015568,0.050486,0.061023,0.13908,0.13748,0.2413,0.13699,0.15496,0.037434,0.025694
0.039804,0.063607,0.048543,0.096688,0.11229,0.25101,0.15573,0.11588,0.10034,0.016112
0.021463,0.0054861,0.031935,0.22379,0.3817,0.18038,0.084088,0.056112,0.011481,0.0035618
0,0.051095,0.23056,0.60031,0.079716,0,0.0081071,0.0011441,0,0.029065
0.30366,0.27191,0.067287,0.10523,0.028001,0.042401,0.073448,0.056394,0.031204,0.020465
0.14022,0.035052,0.064051,0.051051,0.044264,0.1012,0.086798,0.209,0.22023,0.048135
0.0096364,0,0.020583,0.038578,0.08884,0.03169,0.1739,0.28428,0.31007,0.042418
0.0088083,0.022615,0.0528,0.37961,0.32563,0.056556,0.02389,0.022808,0.051825,0.055454
0.0039669,0.012875,0.028409,0.18658,0.19926,0.11753,0.08671,0.13666,0.076674,0.15133
0.081576,0.10226,0.092458,0.11976,0.31762,0.14509,0.077279,0.015457,0.038665,0.0098365
0.0030065,0.021668,0.030211,0.16804,0.13498,0.068932,0.14399,0.16224,0.18225,0.084681
0.17228,0.14587,0.045318,0.040532,0.12687,0.10959,0.062021,0.19974,0.061635,0.036136
0.033997,0.10076,0.27447,0.074378,0.019034,0.032843,0.029472,0.1294,0.10328,0.20236
0.027448,0.075786,0.0083174,0.0064389,0.026767,0.036942,0.050183,0.21301,0.2803,0.2748
0.0073518,0.0064793,0.036726,0.028096,0.096915,0.13922,0.1088,0.028894,0.49981,0.047703
0.17243,0.084688,0.025019,0.010096,0.097122,0.25052,0.14589,0.10312,0.040319,0.070792
0.088419,0.06907,0.42322,0.097108,0.026808,0.012461,0.018298,0.072027,0.094371,0.098213
0.012629,0.027961,0.012598,0.077261,0.20534,0.21738,0.11617,0.028932,0.02095,0.28079
0.00238,0.059398,0.20513,0.1572,0.15805,0.082046,0.044167,0.041933,0.14045,0.10925
0.0081404,0.062035,0.17498,0.17681,0.15404,0.20344,0.10753,0.056104,0.024989,0.031935
0.12796,0.026008,0.07,0.34548,0.21742,0.13571,0.031173,0.02147,0.0080115,0.016759
0.25634,0.31029,0.12346,0.041421,0.12755,0.021598,0.031341,0.0085846,0.069915,0.0094931
0.060026,0.057238,0.04969,0.036245,0.038272,0.13085,0.078509,0.27282,0.15293,0.12342
