0.014856,0.04023,0.070777,0.056879,0.033074,0.066949,0.021642,0.06035,0.3301,0.30515
0.038661,0.062543,0.059525,0.028611,0.23323,0.15153,0.10896,0.27892,0.031833,0.0061864
0.0089612,0.0086211,0.33563,0.20603,0.10632,0.12782,0.15024,0.04605,0.0070393,0.0032907
0.10519,0.0015252,0.036489,0.026071,0.049935,0.050295,0.12599,0.1308,0.18328,0.29042
0.18855,0.18202,0.26653,0.18094,0.013832,0.0061703,0.051153,0.01198,0.032518,0.066307
0.38912,0.19166,0.14098,0.065206,0.025062,0.037555,0.016806,0.053626,0.068176,0.011813
0.0093485,0.0011102,0.01597,0.050037,0.092837,0.16466,0.12774,0.1181,0.26843,0.15177
0.099458,0.051481,0.024711,0.081313,0.18336,0.18601,0.17087,0.12384,0.047707,0.031253
0.020742,0.02179,0.16288,0.27039,0.12743,0.24667,0.091636,0.023549,0.022561,0.012352
0.082222,0.091515,0.068732,0.051242,0.085031,0.14678,0.21659,0.068516,0.047411,0.14197
0.02552,0.013862,0.059935,0.13363,0.11785,0.30606,0.23666,0.057422,0.044101,0.0049657
0.035431,0.041048,0.053167,0.29348,0.1996,0.084974,0.1161,0.12058,0.027848,0.027779
0.020154,0.050617,0.022602,0.11231,0.048299,0.071997,0.063536,0.18623,0.29641,0.12785
0.022657,0.025341,0.074965,0.14514,0.13704,0.15761,0.31514,0.075033,0.028245,0.018841
0.039914,0.038458,0.022396,0.11048,0.07861,0.19348,0.2218,0.14276,0.094991,0.057111
0.022834,0.044117,0.049421,0.11639,0.20865,0.23553,0.14808,0.15557,0.010991,0.0084071
0.009547,0.017293,0.028157,0.077319,0.33461,0.34179,0.11734,0.053877,0.0097477,0.010318
0.0152,0.026965,0.026456,0.30006,0.34171,0.22921,0.010639,0.010147,0.034858,0.004745
0.0058754,0.027081,0.66792,0.25356,0.041137,0.002718,0.0010265,0.00067727,0,0
0.0019394,0.14346,0.29263,0.090718,0.25837,0.21288,0,0,0,0
0.8167,0.043557,0.007366,0.12245,0,0,0,0.005194,0.0047334,0
0.037797,0.038395,0.020541,0.058666,0.0010891,0.037318,0.18253,0.28856,0.15666,0.17845
0.070104,0.037897,0.042671,0.022579,0.09771,0.073325,0.088962,0.038729,0.062198,0.46582
0.10641,0.073856,0.1451,0.14973,0.33572,0.066518,0.041701,0.061592,0,0.019369
0.06138,0.036051,0.074946,0.023831,0.052433,0.1,0.43854,0.14378,0.056751,0.01229
0,0.01094,0.025413,0.037505,0.02088,0.027899,0.097789,0.26257,0.31232,0.20468
0.00025834,0.078616,0.012576,0.05038,0.18909,0.090639,0.24358,0.13867,0.098932,0.097257
0.0011423,0.039867,0.12493,0.53476,0.050912,0.048455,0.02305,0.011785,0.056215,0.10889
0.010949,0.0163,0.21272,0.090434,0.11496,0.12982,0.065678,0.036478,0.076655,0.24601
0.025095,0.077741,0.059251,0.075127,0.1073,0.16653,0.16867,0.047238,0.19285,0.080195
0.14045,0.15111,0.070297,0.040553,0.10349,0.069789,0.096425,0.20653,0.097755,0.023602
0.09391,0.12525,0.19186,0.15639,0.14546,0.092947,0.079677,0.003331,0.016925,0.094248
0.0038837,0.076471,0.07154,0.09489,0.12361,0.065102,0.062546,0.17136,0.28036,0.050249
0.0031948,0.017942,0.041653,0.19595,0.15881,0.094076,0.056457,0.10997,0.20468,0.11726
0.27861,0.10308,0.081281,0.046231,0.090092,0.098835,0.125,0.05448,0.089349,0.033035
0.20532,0.14324,0.063902,0.040301,0.05707,0.04389,0.10444,0.091236,0.087918,0.16269
0.025881,0.07359,0.021251,0.014917,0.00079297,0.022228,0.015989,0.078453,0.35655,0.39034
0.13178,0.48258,0.20748,0.028928,0.020706,0.021299,0.021669,0.0085971,0.070686,0.0062779
0.042446,0.074737,0.018482,0.021382,0.017909,0.023891,0.13174,0.20962,0.45259,0.0072125
0.045496,0.020975,0.015769,0.044967,0.12823,0.17025,0.15456,0.13074,0.098116,0.1909
0.087179,0.051679,0.03368,0.035796,0.016437,0.025982,0.032716,0.0635,0.1993,0.45373
0.0034345,0.024015,0.019516,0.017941,0.043747,0.19541,0.19767,0.41486,0.017351,0.066064
0.0013588,0.025291,0.04981,0.037245,0.040124,0.15272,0.10165,0.2399,0.31966,0.032238
0.39532,0.11209,0.10443,0.034292,0.077913,0.017178,0.076077,0.057815,0.028464,0.096423
0.0029026,0.0042948,0.025883,0.075852,0.12511,0.12172,0.1822,0.1468,0.049718,0.26552
0.01165,0.06598,0.27575,0.44296,0.16821,0.0038518,0.019945,0.0071659,0.0019775,0.0025186
0.017013,0.0041582,0.0068563,0.0056682,0.029682,0.15314,0.12702,0.098094,0.2145,0.34386
0.26515,0.3768,0.025972,0.063822,0.094909,0.010333,0.032995,0.034777,0.038905,0.056333
0,0.014728,0.15535,0.11689,0.10881,0.050814,0.066291,0.070585,0.14742,0.26911
0.22699,0.19739,0.038162,0.071636,0.15273,0.030755,0.18302,0.010265,0.034554,0.054495
0.08741,0.28694,0.26173,0.11397,0.045907,0.080997,0.058252,0.020329,0.017327,0.027138
0.050109,0,0.023527,0.026727,0.10295,0.23052,0.20166,0.19185,0.037987,0.13466
0.086265,0.050556,0.12289,0.34365,0.274,0.045699,0.032692,0.027331,0.0041459,0.012766
0.035065,0.17503,0.20375,0.039266,0.11223,0.048646,0.13033,0.08046,0.11407,0.061149
0.72917,0.076601,0.021096,0.011586,0.043654,0.02603,0,0,0.058748,0.033118
0.035566,0.123,0.046984,0.064958,0.21146,0.094421,0.053809,0.052307,0.22784,0.08966
0.011773,0.028613,0.028425,0.017074,0.20192,0.040608,0.069047,0.12198,0.058551,0.42201
0.096957,0.067264,0.032155,0.038865,0.036875,0.14725,0.031738,0.20491,0.21374,0.13024
0.0020081,0.011835,0.050011,0.21726,0.098361,0.046606,0.061114,0.098156,0.17045,0.2442
