0.012304,0.075397,0.23691,0.053216,0.13331,0.094669,0.072187,0.10101,0.097982,0.12302
0.026531,0.13674,0.034073,0.061331,0.13514,0.25257,0.31085,0.017823,0.0044654,0.020474
0.030375,0.045087,0.030073,0.01273,0.027146,0.048032,0.044367,0.097434,0.45387,0.21089
0.029466,0.0082059,0.029616,0.017537,0.18599,0.082088,0.054468,0.044508,0.11962,0.4285
0.18885,0.091523,0.338,0.13535,0.13344,0.02734,0.073461,0.0047605,0.0065286,0.00074102
0.00089177,0.020919,0.031455,0.18824,0.048592,0.080391,0.09362,0.13962,0.13098,0.2653
0.027959,0.018801,0.041197,0.027534,0.31937,0.27944,0.098922,0.046068,0.095565,0.045149
0.11745,0.058137,0.10538,0.056022,0.14029,0.088843,0.025546,0.045498,0.20074,0.1621
0.081022,0.07743,0.13537,0.16817,0.08123,0.16791,0.064287,0.077412,0.048713,0.098449
0.063265,0.074733,0.054215,0.15299,0.19797,0.040558,0.10324,0.036367,0.12098,0.15568
0.012767,0.024003,0.015533,0.026406,0.033449,0.060164,0.6568,0.11759,0.037563,0.015729
0.13461,0.052666,0.076465,0.053899,0.085656,0.1042,0.10377,0.058545,0.24203,0.088172
0.19389,0.042282,0.2757,0.048733,0.19351,0.14971,0.033841,0.042576,0.013689,0.0060686
0.016153,0.0073757,0.003755,0.048565,0.057268,0.09996,0.11008,0.57467,0.048816,0.033354
0.16458,0.11057,0.065597,0.019528,0.11155,0.015234,0.090012,0.093847,0.14545,0.18363
0.19916,0.11255,0.082022,0.062729,0.075424,0.036505,0.032091,0.045225,0.17292,0.18138
0.16549,0.10129,0.10618,0.070409,0.089421,0.21048,0.1552,0.032897,0.048032,0.020605
0.058529,0.079368,0.054215,0.069229,0.15086,0.2083,0.062318,0.020549,0.17496,0.12168
0.024376,0.017879,0.039983,0.063196,0.44168,0.20836,0.04464,0.076429,0.054552,0.028903
0.021413,0.019637,0.029084,0.082713,0.32531,0.09339,0.066531,0.089318,0.11158,0.16102
0.023495,0.051515,0.10135,0.12126,0.17257,0.19397,0.044563,0.04034,0.09527,0.15566
0.024464,0.031544,0.11758,0.13833,0.34727,0.14103,0.072603,0.027123,0.057403,0.042643
0.0076205,0.019522,0.052953,0.098898,0.11523,0.21391,0.19672,0.12216,0.10852,0.064473
0.045056,0.031693,0.022896,0.24102,0.078288,0.096091,0.20998,0.1954,0.066659,0.012914
0.11287,0.086036,0.076203,0.22104,0.069951,0.059561,0.1302,0.11182,0.074195,0.05813
0.030307,0.048004,0.075608,0.076254,0.10729,0.10334,0.15487,0.26136,0.10041,0.042569
0.023149,0.046259,0.1216,0.088195,0.099815,0.095108,0.18766,0.22061,0.068958,0.048642
0.041616,0.037819,0.071966,0.10762,0.059832,0.24399,0.15875,0.13227,0.088772,0.057373
0.021377,0.013147,0.07737,0.069271,0.14529,0.115,0.13855,0.15543,0.21715,0.047427
0.034066,0.094529,0.038677,0.060289,0.15425,0.067245,0.044301,0.17995,0.29589,0.0308
0.17533,0.033673,0.037758,0.031103,0.027871,0.035466,0.23821,0.38192,0.034523,0.0041519
0.35527,0.085167,0.038534,0.013529,0.016628,0.061299,0.10257,0.12578,0.12037,0.08086
0.24697,0.41342,0.085571,0.14911,0.066333,0,0.021757,0,0.016831,0
0.015687,0.033181,0.004323,0.12893,0.62427,0.17198,0,0,0,0.021635
0.97505,0.013811,0.002587,0.0053049,0,0,0,0.0032424,0,0
0.025806,0.43903,0.31658,0.012305,0.031315,0.0019197,0,0.075706,0.070419,0.026921
0.79504,0.056227,0,0,0.029541,0,0,0.033217,0.076423,0.0095514
0.01331,0.005898,0,0,0,0.087628,0.3828,0.49715,0,0.01322
0,0,0.007674,0.0057871,0.0315,0.33078,0.38529,0.22129,0.010659,0.0070127
