0.14248,0.57292,0.25709,0.021673,0.0024647,0,0,0,0.0033722,0
0.0063259,0,0.0099954,0,0,0,0.97763,0.0060493,0,0
0.068619,0.53733,0.21758,0.12887,0.047598,0,0,0,0,0
0,0.021052,0,0,0,0.012602,0,0.012189,0.30152,0.65264
0.12741,0.55586,0.13309,0.0023529,0.081397,0.00097509,0,0,0,0.098913
0,0.0049948,0.033268,0.094553,0.15065,0.048009,0.042929,0.0016139,0.3254,0.29859
0.25812,0.045571,0.025967,0.045321,0.17148,0.13531,0.12742,0.052773,0.13107,0.006963
0.20168,0.049811,0.39276,0.2334,0.093078,0.0097136,0,0.017829,0.0017364,0
0.0049694,0.33692,0.54641,0.032194,0.0057731,0,0.016853,0,0.056878,0
0.0030511,0.0070436,0.0078707,0.0015329,0,0.28575,0.1475,0.00064404,0.23671,0.3099
0.010393,0.051962,0.0080802,0.068073,0.047792,0.082105,0.31091,0.20064,0.1926,0.027445
0.071104,0.033125,0.018962,0.012226,0.058584,0.02514,0.18229,0.16585,0.29296,0.13976
0.066893,0.11646,0.053082,0.036311,0.1242,0.19603,0.17202,0.10049,0.049158,0.085347
0.057284,0.12553,0.050174,0.088795,0.31834,0.13421,0.080754,0.086154,0.0080514,0.050704
0.12229,0.1646,0.13407,0.16124,0.31025,0.040042,0.021827,0.021893,0.015054,0.008733
0.4557,0.052007,0.08046,0.08576,0.0783,0.051852,0.047814,0.11256,0.027002,0.0085463
0.11964,0.30739,0.068452,0.11295,0.1692,0.1107,0.041168,0.033212,0.027711,0.0095775
0.20814,0.13733,0.051073,0.21052,0.20603,0.032737,0.027702,0.029983,0.022892,0.073595
0.042323,0.11357,0.13566,0.12523,0.069222,0.1488,0.072766,0.094504,0.085711,0.11221
0.056626,0.099151,0.26304,0.15103,0.084188,0.25628,0.016867,0.049753,0.0047593,0.018302
0.074192,0.037628,0.025323,0.079076,0.40745,0.22881,0.043473,0.056097,0.01952,0.028432
0.023474,0.022018,0.025991,0.010532,0.03695,0.29661,0.1107,0.18261,0.14521,0.14591
0.01968,0.023771,0.067907,0.052106,0.098722,0.13786,0.1798,0.24077,0.075557,0.10384
0.017592,0.048727,0.061528,0.15028,0.14093,0.23016,0.19488,0.032931,0.034395,0.088571
0.011958,0.015182,0.031224,0.049519,0.093737,0.21992,0.082237,0.21143,0.047086,0.23771
0.022151,0.082195,0.07874,0.28316,0.43171,0.031289,0.012852,0.021539,0.035419,0.00095013
0.043178,0.098837,0.1695,0.27941,0.18376,0.013231,0.00024078,0.043096,0.09995,0.068796
0.074705,0.055273,0.025685,0.076393,0.20911,0.087516,0.05293,0.035366,0.077217,0.3058
0.14476,0.09286,0.064385,0.013268,0.0059264,0.031945,0.18614,0.12598,0.10566,0.22907
0.033554,0.037753,0.068718,0.14448,0.1832,0.17552,0.23411,0.091024,0.0059132,0.025722
0.0068502,0.074388,0.0111,0.028061,0.24664,0.38643,0.15098,0.083087,0.010073,0.0023945
0.12533,0.025395,0.03756,0.098405,0.19632,0.077921,0.053627,0.076971,0.24927,0.059204
0.027314,0.20613,0.15518,0.27151,0.11149,0.027012,0.017494,0.046437,0.080651,0.056777
0.060462,0.049328,0.35012,0.11594,0.2839,0.037094,0.0081789,0.014222,0.05293,0.027823
0.085669,0.098887,0.22699,0.23419,0.27495,0.025621,0.018026,0.016367,0.0099809,0.0093246
0.045768,0.050971,0.24229,0.10466,0.24745,0.17023,0.061272,0.01476,0.032616,0.029975
0,0.0055846,0.14819,0.11724,0.31326,0.36624,0.043008,0.0064738,0,0
0.026318,0.024404,0.018351,0.2134,0.60322,0.090162,0.012156,0.0056457,0.0029447,0.0033998
0,0,0.04136,0.045022,0.060123,0.40033,0.44017,0.0097281,0.0032716,0
0.0050444,0,0.0024737,0.0079509,0.041954,0.047306,0.45554,0.41861,0.0030857,0.018037
0.068272,0.077454,0.043826,0.017695,0.052818,0.16044,0.21873,0.13729,0.17765,0.045831
0.039202,0.090742,0.065046,0.069572,0.12655,0.13131,0.076344,0.13005,0.14042,0.13077
0.051008,0.088486,0.057935,0.05441,0.11022,0.13719,0.083796,0.13274,0.15913,0.12509
0.052979,0.19869,0.13992,0.13273,0.18402,0.10858,0.039902,0.10243,0.029745,0.011012
0.39615,0.19249,0.073071,0.031451,0.025664,0.089357,0.10626,0.02376,0.048139,0.013653
0.061218,0.046157,0.019411,0.014031,0.13598,0.49236,0.11957,0.047679,0.015793,0.047792
0.094247,0.10795,0.11011,0.19276,0.13641,0.087083,0.051986,0.12912,0.064333,0.026004
0.074069,0.071507,0.19166,0.05932,0.20586,0.22481,0.094149,0.042658,0.013342,0.022622
0.014981,0.098255,0.059932,0.18064,0.25309,0.23618,0.018155,0.046108,0.057253,0.035403
0.012678,0.82418,0.14721,0.0073925,0,0.0085405,0,0,0,0
0.22094,0.28656,0.11102,0.079332,0.11048,0.081437,0.023213,0.031346,0.050201,0.0054684
0.011033,0.46233,0.18737,0.17566,0.064633,0.0065024,0.030639,0.018655,0.003123,0.040054
0.033959,0.021152,0.031711,0.0064768,0.041637,0.077006,0.063403,0.10161,0.16647,0.45658
0.00080395,0,0.0017547,0.011049,0.024922,0.0071125,0.020997,0.14309,0.76944,0.020832
0.078155,0.25068,0.25659,0.30695,0.050734,0.0075194,0.012481,0.011738,0.014485,0.010669
0.0032543,0.10676,0.18913,0.58322,0.093582,0.017499,0,0,0.0052579,0.0013027
0.0045515,0.060755,0.031852,0.17789,0.15352,0.41361,0.070956,0.072457,0.014417,0
0.0030407,0.038022,0.051682,0.029453,0.088213,0.098344,0.066391,0.39004,0.14917,0.085641
0.00075388,0.020814,0.097566,0.11262,0.13143,0.078875,0.27764,0.20093,0.054999,0.024373
0.073606,0.029378,0.016337,0.0071236,0.013212,0.010425,0.014576,0.030766,0.23931,0.56526
0.041265,0.041577,0.0516,0.043722,0.17628,0.17725,0.054179,0.059427,0.22658,0.12813
0.028669,0.010741,0.038526,0.039173,0.082905,0.25995,0.048952,0.026785,0.34622,0.11808
0.42405,0.27431,0.087528,0.076272,0.044213,0.00055787,0.0069997,0.011485,0.029485,0.045092
0.054894,0.060432,0.055436,0.0026618,0.004745,0.011514,0.067912,0.69224,0.045607,0.0045596
0.00053344,0,0.014057,0.019632,0.047935,0.28279,0.14211,0.27037,0.11784,0.10474
0.047505,0.014765,0.064348,0.075606,0.11925,0.24186,0.17335,0.012255,0.063871,0.1872
0.045355,0.024024,0.10033,0.089038,0.27217,0.077126,0.023269,0.12145,0.1507,0.096527
0.10272,0.055151,0.02599,0.054698,0.037076,0.053624,0.084183,0.11815,0.151,0.31742
0.019511,0.020496,0.25526,0.063244,0.13752,0.1642,0.067601,0.070416,0.081483,0.12027
0.021995,0.042174,0.099152,0.14324,0.10793,0.061951,0.078253,0.050938,0.10167,0.29269
0.33605,0.058763,0.080015,0.16679,0.038092,0.063297,0.01866,0.037605,0.11859,0.082131
0.34859,0.1843,0.051017,0.072105,0.065165,0.038274,0.020377,0.038255,0.065549,0.11637
0.011024,0.10493,0.47904,0.16953,0.1443,0.051943,0.0017354,0.009735,0.025846,0.0019177
0.020107,0.064587,0.024336,0.03857,0.065242,0.052842,0.19811,0.19295,0.14724,0.19602
0.0087808,0.024487,0.013813,0.0070908,0.068293,0.037324,0.071894,0.089048,0.032832,0.64644
0,0.020374,0.038841,0.49651,0.18214,0.080328,0.057752,0.050665,0.054753,0.018641
0.0027363,0.0029955,0.0063936,0.0075176,0.0070136,0.059981,0.03319,0.073197,0.59001,0.21696
0.089589,0.72447,0.064278,0.071106,0.018727,0,0.026515,0,0,0.005317
0,0.008932,0.033158,0.11522,0.40745,0.29174,0.025381,0.053948,0.010504,0.053666
0.06029,0.062482,0.33127,0.43799,0.02638,0.04472,0,0,0,0.036867
0.092103,0.087179,0.07033,0.1425,0.087861,0.18337,0.19686,0.049515,0.019427,0.070857
0,0,0,0.016519,0.061946,0.86732,0.034388,0.017598,0.0022254,0
0.0061743,0.76171,0.14805,0.020553,0.038623,0.0021599,0.022728,0,0,0
0.0062705,0.019581,0.0096196,0.026603,0.031108,0.11375,0.25233,0.47335,0.063291,0.0040851
0.010754,0.0075562,0,0.054634,0.89619,0.014757,0.0060807,0,0.0074031,0.0026248
0.4082,0.51305,0.0095982,0.036762,0.0069241,0,0.0015884,0.018703,0.0038492,0.0013248
0.027552,0.86858,0.061468,0.0013159,0.0157,0,0,0,0,0.025383
0.45491,0.29708,0.15103,0.063458,0.011146,0.0037672,0.0058594,0,0,0.012756
0,0,0,0,0.035889,0.014393,0.0060553,0.10666,0.73181,0.1052
0.11676,0,0.026418,0.024603,0.028716,0.091021,0.16187,0.18845,0.2414,0.12077
0.0029014,0.10853,0.30118,0.13989,0.25732,0.13513,0.028448,0.0044172,0.013201,0.0089792
