0,0,0,0,0.0027547,0.0096054,0.012766,0.034839,0.13091,0.80913
0.030004,0.018884,0.043449,0.10537,0.046561,0.038004,0.083288,0.15835,0.15111,0.32498
0.01829,0.0076672,0.023916,0.086724,0.054538,0.065434,0.17922,0.17926,0.1158,0.26916
0.047985,0.088454,0.057546,0.051194,0.12618,0.25059,0.14722,0.10282,0.087896,0.040104
0.058118,0.04673,0.033543,0.12008,0.21792,0.10931,0.053174,0.13962,0.075223,0.14628
0.14169,0.15043,0.064914,0.044556,0.047733,0.19017,0.016888,0.081252,0.15519,0.10717
0.25665,0.081048,0.16178,0.29911,0.1237,0.031417,0.031667,0.0081358,0.0023156,0.0041784
0.090848,0.33776,0.20524,0.19362,0.091061,0.069494,0.0029442,0.0036847,0.00093663,0.0044103
0.034129,0.12533,0.33469,0.13033,0.1172,0.11776,0.066156,0.059557,0.0060263,0.0088185
0.012668,0.35101,0.25633,0.22949,0.095195,0.037675,0.011098,0.0037318,0.001103,0.0016965
0.012615,0.14546,0.26765,0.10454,0.16166,0.099039,0.043181,0.022428,0.039177,0.10425
0.095335,0.12343,0.14552,0.12301,0.064113,0.095446,0.15787,0.072984,0.066115,0.056189
0,0.0022773,0.0042071,0.020469,0.89395,0.056615,0.021888,0,0,0.00059312
0.021096,0.0018357,0.0073094,0.035869,0.054695,0.097548,0.2982,0.42622,0.046436,0.010786
0.11065,0.024797,0.039338,0.21587,0.12627,0.064025,0.085967,0.070782,0.062675,0.19963
0,0.011324,0,0.023527,0.082624,0.038879,0.3474,0.20166,0.20425,0.09034
0.012499,0.033638,0.038632,0.027146,0.060315,0.087482,0.10742,0.26769,0.18894,0.17625
0.088703,0.082584,0.11732,0.075237,0.061365,0.069804,0.19974,0.19719,0.029396,0.078658
0.0091242,0.028088,0.040986,0.10861,0.1651,0.16534,0.16785,0.096394,0.066838,0.15168
0.12783,0.15658,0.10146,0.15979,0.19692,0.13308,0.032291,0.017277,0.065433,0.0093321
0.089643,0.048923,0.05787,0.0054889,0.054718,0.039334,0.099084,0.2706,0.28747,0.046873
0.0082806,0.066428,0.15084,0.11739,0.35334,0.14221,0.083534,0.03374,0.019444,0.024799
0.055643,0.066641,0.17505,0.24964,0.15497,0.16725,0.092098,0.017072,0.016493,0.0051491
0.0048705,0.027896,0.031806,0.13169,0.32158,0.15365,0.15054,0.0702,0.04735,0.060413
0.060271,0.048505,0.092489,0.13432,0.24315,0.16414,0.064029,0.058656,0.076905,0.057539
0.11396,0.069676,0.10256,0.3854,0.073359,0.055217,0.068536,0.049031,0.051971,0.03029
0.21636,0.40867,0.070345,0.063538,0.024317,0.082847,0.010265,0.037292,0.054985,0.031389
0.00079565,0.003035,0.084942,0.046201,0.12703,0.059692,0.16557,0.24256,0.18138,0.088796
0,0,0.12848,0.044287,0.16787,0.33801,0.28338,0.0070244,0.0093896,0.021557
0.13655,0.017635,0.010373,0.0012905,0.048793,0.033961,0.16202,0.088247,0.051763,0.44937
0.15685,0.016175,0.049161,0.037315,0.041211,0.10771,0.049412,0.3311,0.16398,0.047086
0.15528,0.064172,0.017098,0.043713,0.020655,0.044073,0.12832,0.070603,0.268,0.18809
0.087327,0.011036,0.018352,0.041889,0.02491,0.056704,0.14401,0.38799,0.21819,0.0095967
0.13058,0.088355,0.041047,0.0098183,0.015561,0.14292,0.0069466,0.049621,0.42084,0.094315
0.023298,0.012113,0.045832,0.011785,0.086181,0.030722,0.017235,0.18301,0.36931,0.22052
0.11937,0.049822,0.0044456,0.015763,0.0411,0.072598,0.010949,0.018718,0.21361,0.45362
0.0012144,0.049344,0.10086,0.099936,0.089641,0.42181,0.15232,0.050501,0.006389,0.027986
0.016202,0.024888,0.018276,0.026079,0.063923,0.43742,0.22309,0.08912,0.076186,0.024821
0.021186,0.07974,0.069623,0.020543,0.039453,0.29057,0.32094,0.035878,0.095223,0.026838
0.022199,0.085948,0.032566,0.0066601,0.034599,0.043926,0.19434,0.25105,0.059372,0.26934
0.069105,0.10102,0.12222,0.08152,0.10359,0.21788,0.11756,0.12766,0.034953,0.024497
0.15521,0.22827,0.19355,0.15553,0.10263,0.082524,0.031247,0.0011647,0.048283,0.0015881
0.17637,0.31205,0.12598,0.17874,0.031268,0.033092,0.069635,0.032709,0.034151,0.0059994
0.04329,0.045267,0.075248,0.11706,0.10288,0.14177,0.14631,0.093242,0.11443,0.1205
0.1024,0.077083,0.21957,0.13631,0.12557,0.13313,0.14931,0.026466,0.022487,0.0076743
