0.81212,0.14429,0.02646,0.0062663,0.005047,0.001267,0,0.0026574,0.0018921,0
0.021186,0.019696,0,0.0017596,0.0060083,0.055663,0.2621,0.51139,0.091952,0.03024
0.022037,0.017692,0.027714,0.52111,0.31134,0.053582,0.032677,0.012357,0.0014844,0
0.0036189,0.10099,0.73139,0.12588,0.010806,0.010088,0,0,0,0.017237
0.040111,0.071058,0.068532,0.028217,0.078785,0.13097,0.059862,0.074764,0.19311,0.25459
0.63068,0.07784,0.032952,0.053328,0.065218,0.087456,0.038012,0.00033609,0.0037575,0.010419
0.18855,0.72087,0.079367,0.0011615,0.0081026,0.0019555,0,0,0,0
0,0,0.0026967,0.0022349,0.0033858,0.03174,0.0066938,0.065683,0.4348,0.45277
0.081648,0.16734,0.15099,0.21937,0.097356,0.022055,0.043419,0.02776,0.1048,0.085251
0.21706,0.36772,0.10016,0.057408,0.19419,0.054029,0.0084908,0,0.00094514,0
0.59691,0.34273,0.047318,0.00917,0.0015372,0.0021601,0.00017887,0,0,0
0.011796,0.0053553,0.0067455,0.015578,0.030416,0.059215,0.21674,0.19425,0.33506,0.12485
0.48991,0.10065,0.061585,0.089962,0.065968,0.048146,0.080047,0.022149,0.011398,0.030184
0.079825,0.057804,0.16613,0.10767,0.053034,0.026407,0.14648,0.17056,0.11028,0.081814
0.3178,0.56604,0.075049,0.025726,0.011621,0.0014018,0,0.00074763,0,0.0016152
0.023419,0.023658,0.029737,0.066639,0.050709,0.11909,0.28349,0.085471,0.063572,0.25422
0.010213,0.0032716,0.027999,0.10773,0.29451,0.30809,0.047056,0.11312,0.074777,0.013239
0.024079,0.0062826,4.0779e-05,0.03609,0.046347,0.11853,0.19923,0.20746,0.18486,0.17708
0.0058052,0.01885,0.032071,0.058322,0.076172,0.11445,0.11469,0.087505,0.21316,0.27897
0.017704,0.030475,0.024665,0.057865,0.12252,0.16461,0.13404,0.13771,0.15151,0.15891
0.027911,0.0312,0.059534,0.029396,0.2476,0.12098,0.20363,0.062516,0.17528,0.041951
0.084264,0.099805,0.0895,0.37131,0.090739,0.13083,0.052253,0.067573,0.013721,0
0.3321,0.13106,0.13602,0.23279,0.065173,0.018953,0.013058,0.015593,0.035979,0.01928
0.05214,0.038675,0.040206,0.17849,0.27218,0.25423,0.1014,0.031366,0.003793,0.027517
0.1724,0.14291,0.011871,0.0025168,0.011366,0.019954,0.14847,0.31199,0.068983,0.10953
0.050218,0.056016,0.065313,0.29003,0.181,0.18895,0.081684,0.011991,0.056864,0.017934
0.056292,0.06133,0.077249,0.48927,0.11369,0.066351,0.02364,0.035417,0.040667,0.036093
0.0053868,0.016947,0.023096,0.2259,0.25456,0.16055,0.14329,0.054719,0.058756,0.056786
0.0053526,0.012364,0.025308,0.036417,0.01207,0.075406,0.26317,0.39455,0.13675,0.038623
0.041939,0.053636,0.03767,0.28004,0.45689,0.069032,0.024456,0.018716,0.0059641,0.011657
0.1011,0.13395,0.20174,0.21964,0.1083,0.065993,0.095212,0.017501,0.0037076,0.052864
0.15032,0.055415,0.10927,0.16426,0.080822,0.079954,0.12747,0.10197,0.090383,0.040126
0.096673,0.058503,0.18307,0.26817,0.16243,0.083991,0.056949,0.016138,0.025872,0.048211
0.061906,0.026267,0.041722,0.079973,0.22282,0.26232,0.12064,0.071551,0.067988,0.044806
0.033826,0.019051,0.028801,0.065507,0.20517,0.079773,0.047621,0.03433,0.10573,0.38019
