0,0,0.0030301,0.0043545,0.01859,0.93925,0.034777,0,0,0
0.020335,0.035218,0.019194,0.0053972,0.41599,0.10939,0.18108,0.03777,0.046184,0.12944
0.036255,0.040676,0.13238,0.14599,0.14577,0.13515,0.16929,0.087389,0.060976,0.046119
0.6522,0.066124,0.01837,0.045687,0.070327,0.039822,0.019536,0.032208,0.038698,0.017027
0.0031233,0,0.0047136,0.11381,0.3715,0.36418,0.075699,0.06345,0,0.0035221
0.0031084,0.0070887,0.082605,0.058448,0.028387,0.017728,0.03086,0.08153,0.22773,0.46252
0.19951,0.023126,0.049264,0.048088,0.42176,0.18311,0.011286,0.026256,0.024746,0.012855
0.11783,0.2963,0.096978,0.059147,0.12338,0.099542,0.050067,0.062298,0.055164,0.0393
0.1192,0.081175,0.17358,0.075774,0.1324,0.16544,0.10775,0.062289,0.030744,0.051643
0.10205,0.09378,0.029716,0.022448,0.13755,0.16239,0.18306,0.1241,0.069318,0.075593
0.3199,0.1126,0.052713,0.055358,0.092024,0.058131,0.046837,0.094673,0.10981,0.057956
0.01409,0.099819,0.072769,0.17556,0.11332,0.33116,0.14504,0.0076941,0.027054,0.013491
0.098354,0.031182,0.057142,0.2352,0.034321,0.038761,0.28017,0.15113,0.025279,0.048459
0,0.012525,0.30093,0.26697,0.095117,0.0097157,0.01688,0.014774,0.19989,0.083193
0,0.0073707,0.0025325,0.0037838,0.020008,0.15384,0.19016,0.53589,0.06398,0.022438
0.090913,0.11914,0.045132,0.082583,0.047193,0.013398,0.031033,0.042089,0.2115,0.31702
0.1802,0.010108,0.013713,0.39996,0.28418,0.056465,0.01181,0.031824,0.011074,0.00067281
0.15935,0.23957,0.27906,0.047426,0.043771,0.057147,0.015826,0.028435,0.0064913,0.12293
0.73552,0.069161,0.043482,0.04399,0.022405,0.0068695,0.011256,0.011476,0.049865,0.0059792
0.44486,0.20694,0.046345,0.097761,0.013869,0.012779,0.048311,0,0.016326,0.11281
0.24861,0.50626,0.12056,0.0092338,0.032739,0.045719,0.0031106,0.031337,0.0024275,0
0.10518,0.037603,0.15804,0.06394,0.025042,0.12636,0.088172,0.10261,0.22997,0.063072
0.26386,0.048374,0.24274,0.19871,0.14343,0.034666,0.053167,0,0.015041,0
0.0093822,0.021014,0.046326,0.07409,0.054329,0.05216,0.10789,0.038808,0.22034,0.37567
0.12289,0.24755,0.072723,0.088222,0.080796,0.060398,0.1021,0.084393,0.0823,0.058619
