0,0,0.0016738,0.00129,0.023391,0.9399,0.026731,0,0.0030656,0.0039458
0,0,0,0.012931,0.15148,0.74712,0.08847,0,0,0
0.0017812,0.0013169,0.0055399,0.62538,0.3653,0,0,0.00068168,0,0
0.0061389,0.020458,0,0,0.48381,0.082483,0.09027,0.18689,0.087886,0.042058
0.0097772,0.0043527,0.11849,0.12526,0.12178,0.14558,0.17557,0.18811,0.08754,0.023547
0.0012211,0.0049518,0.24726,0.57504,0.13944,0.021873,0.0064206,0.0026805,0.0011065,0
0.061297,0.12129,0.26379,0.20833,0.20632,0.078743,0.017415,0.015812,0.00097766,0.026024
0,0,0,0.18782,0.41594,0.38312,0.0080104,0,0,0.0051086
0,0,0.01352,0.020216,0.43094,0.35829,0.14469,0.026802,0,0.0055467
0,0,0.022125,0.32102,0.27411,0.22419,0.025635,0.12363,0.0092875,0
0.0047902,0.035535,0.45131,0.34529,0.031301,0.10484,0.026932,0,0,0
0.00064812,0.013362,0.038161,0.046626,0.017101,0.028248,0.038827,0.038508,0.28792,0.4906
0.055655,0.0099577,0.018436,0.1225,0.52444,0.23999,0.01069,0.0061588,0.012175,0
0.10363,0.27606,0.18712,0.10703,0.1163,0.054303,0.033602,0.033474,0.047195,0.041293
0.49152,0.37686,0.070543,0.022143,0.0090436,0.012434,0.0071133,0.0015182,0.0041319,0.0046913
0.00077683,0.038911,0.047164,0.27587,0.15336,0.10222,0.17331,0.10123,0.091947,0.015216
0.11982,0.16835,0.15108,0.10161,0.088199,0.093217,0.014894,0.096795,0.069644,0.096383
0.312,0.16771,0.10814,0.11479,0.076639,0.086219,0.056237,0.034602,0.043667,0
0.17005,0.08996,0.15297,0.18934,0.11443,0.070465,0.033785,0.057823,0.052211,0.068974
0.020494,0.0050373,0.0024154,0.0052586,0.041529,0.10145,0.14222,0.25644,0.3862,0.038964
0.17672,0.089805,0.051128,0.028783,0.017362,0.079515,0.050821,0.043112,0.17639,0.28636
0.36272,0.12557,0.19435,0.064065,0.06287,0.035225,0.047632,0.014426,0.030838,0.062297
0.051641,0.018804,0.39026,0.42803,0.054936,0.0052035,0.020148,0.0013324,0.029132,0.00052165
0.0045864,0,0.037821,0.087703,0.016189,0.0078672,0.032358,0.019597,0.42509,0.36878
0.059531,0.062914,0.019583,0.01613,0.025576,0.0043729,0.045857,0.041101,0.23752,0.48742
0.2127,0.25765,0.24008,0.11578,0.065539,0.019952,0.0096111,0.0044712,0.019169,0.055044
0.013955,0.070662,0.098367,0.095906,0.14084,0.028807,0.044621,0.033975,0.16571,0.30715
0.13422,0.14096,0.17378,0.27433,0.20522,0.025833,0.0010466,0.0029483,0.041672,0
0,0.017707,0.0026491,0.028851,0.012356,0.07695,0.11663,0.64204,0.052577,0.050241
0.054489,0.37429,0.22686,0.093105,0.042152,0.073109,0.017983,0.087416,0.026136,0.0044559
0.016558,0.084775,0.0943,0.069081,0.13645,0.030574,0.035296,0.076517,0.29057,0.16588
0.093278,0.19393,0.1377,0.12399,0.092625,0.035294,0.039343,0.10696,0.057484,0.11939
0.31784,0.41723,0.065168,0.020655,0.13885,0.0049916,0.024314,0,0.010043,0.00090883
0.0345,0.046495,0.013283,0.014485,0.028874,0.17307,0.40363,0.068684,0.16282,0.05416
0.0074629,0.012285,0.14634,0.10591,0.11668,0.078136,0.010937,0.064882,0.20951,0.24784
0.31563,0.50127,0.096439,0.029602,0.052117,0.0049423,0,0,0,0
0.35506,0.15222,0.13333,0.047342,0.033127,0.017884,0.012436,0.016393,0.18894,0.043263
0.82879,0.080123,0.017433,0.021848,0.014678,0.010849,0.013594,0.003994,0.0021559,0.0065321
0.6133,0.065292,0.020839,0.081888,0.0029879,0,0.033639,0.029172,0.012446,0.14044
0.030576,0.49029,0.35124,0.013721,0.072762,0,0.029582,0.011828,0,0
0.30391,0.058021,0.11591,0.066574,0.053969,0.24186,0.045302,0.085988,0.028474,0
0.24895,0.020546,0.087158,0.12738,0.04391,0.037752,0.019099,0.09169,0.11456,0.20896
0.038773,0.026739,0.02129,0.048453,0.011557,0.036866,0.051388,0.15089,0.27956,0.33449
0.28819,0.30151,0.094479,0.096496,0.034225,0.098145,0.033155,0.0094156,0.029424,0.014958
0.16697,0.051366,0.026236,0.00092823,0.014132,0.08329,0.093526,0.30874,0.24529,0.0095249
0.1346,0.7756,0.046437,0.015638,0.022705,0,0.0050276,0,0,0
0,0.019528,0.0041535,0.003758,0.014941,0.1256,0.019261,0.094687,0.25864,0.45943
0.032602,0.069157,0.28108,0.062101,0.096599,0.03451,0.059436,0.07773,0.081347,0.20544
0.10473,0.20979,0.0762,0.079457,0.043711,0.10166,0.089049,0.082712,0.074772,0.13793
0.10448,0.16137,0.29529,0.077991,0.13612,0.078513,0.037606,0.058172,0.0088874,0.041568
0.16386,0.25879,0.12292,0.074674,0.052548,0.017313,0.010346,0.023576,0.048725,0.22724
