0.055027,0.067378,0.060912,0.10358,0.11137,0.18382,0.091851,0.076421,0.19787,0.051763
0.070324,0.039017,0.054558,0.050138,0.25578,0.21362,0.13353,0.11901,0.031461,0.032573
0.058721,0.1201,0.13362,0.14111,0.17051,0.059888,0.09613,0.030189,0.066939,0.1228
0.00075673,0.00661,0.10511,0.21623,0.11234,0.27733,0.12089,0.088652,0.033325,0.038765
0.13003,0.093115,0.12112,0.25555,0.12138,0.077877,0.099173,0.048671,0.022519,0.030574
0.082915,0.047176,0.13415,0.080325,0.092969,0.37622,0.11848,0.039446,0.018883,0.0094362
0.049946,0.074922,0.11689,0.15717,0.146,0.13234,0.1516,0.10275,0.038569,0.029814
0,0.029417,0.041412,0.11884,0.72207,0.085651,0,0,0,0.0026125
0.041028,0.10341,0.35575,0.10695,0.17422,0.17334,0.028671,0.016631,0,0
0.00070135,0.0010818,0.0017685,0.0039983,0.022718,0.03782,0.12605,0.15779,0.47869,0.16939
0.038751,0.032656,0.10406,0.11817,0.085045,0.018385,0.087384,0.10629,0.081473,0.32778
0.049989,0.13845,0.13014,0.085764,0.094483,0.11295,0.13635,0.13645,0.08022,0.035199
0.010223,0.026043,0.014674,0.082095,0.20136,0.20102,0.16622,0.051782,0.12881,0.11778
0.1718,0.18463,0.06748,0.037238,0.032016,0.11477,0.19322,0.10995,0.067894,0.020997
0.0092567,0.020388,0.11024,0.07472,0.071917,0.097234,0.071705,0.081575,0.13479,0.32817
0.27984,0.22575,0.26649,0.10364,0.04965,0.060857,0.013769,0,0,0
0.0194,0.080737,0.12084,0.080703,0.21907,0.057482,0.043025,0.05669,0.17471,0.14734
0,0,0.0013848,0.0055665,0.10514,0.074849,0.38088,0.29873,0.10815,0.025309
0.13701,0.20509,0.18499,0.09577,0.085766,0.14231,0.091911,0.011486,0.014083,0.031589
0.33138,0.37685,0.05761,0.0094868,0.014204,0.014652,0.078268,0.0313,0.022861,0.063392
0.013295,0.054392,0.031596,0.12068,0.0031519,0.019159,0.039964,0.15056,0.097365,0.46983
0.12795,0.046901,0.01375,0.19468,0.13821,0.44069,0.015417,0.016736,0,0.0056623
0.11883,0.17699,0.075413,0.058462,0.050063,0.017252,0.030984,0.27135,0.15395,0.046703
0.0013286,0.074674,0.028956,0.19686,0.14421,0.43725,0.073823,0.0041603,0.035542,0.0032046
0.54453,0.31362,0.044284,0.0046849,0.018215,0.042403,0.018972,0.012237,0.0010535,0
0.0079737,0.0054977,0.026129,0.030735,0.071123,0.13253,0.055798,0.3714,0.21496,0.083852
0.265,0.27122,0.042098,0.028686,0.10232,0.021232,0.01515,0.032701,0.061493,0.1601
0,0.00062506,0.017348,0.021718,0.12283,0.21202,0.11479,0.30051,0.10179,0.10836
0.013755,0.018146,0.019217,0.026126,0.15296,0.65363,0.073768,0.030417,0,0.011985
0.40955,0.39988,0.028261,0.03922,0.079408,0.015033,0.022296,0.0021032,0.0042513,0
0.28464,0.053584,0.0072807,0.043728,0.0072521,0.014271,0.23868,0.10498,0.042981,0.2026
