0.0021478,0.014829,0.018836,0.033785,0.061987,0.028156,0.15104,0.2516,0.16546,0.27216
0.0596,0.054998,0.023942,0.033572,0.17304,0.18437,0.073283,0.10404,0.22258,0.070568
0.0232,0.027499,0.040744,0.021172,0.014472,0.14019,0.17438,0.15715,0.25944,0.14176
0.075618,0.094942,0.017749,0.032789,0.078411,0.15594,0.11422,0.13664,0.035391,0.25831
0.52378,0.14081,0.10063,0.095989,0.0284,0.07452,0.00039515,0.0043097,0.010179,0.020989
0.010078,0.01632,0.10587,0.040283,0.279,0.11525,0.094624,0.23,0.096179,0.012394
0.002062,0.0092057,0.010316,0.010038,0.036352,0.34954,0.07256,0.15129,0.23297,0.12566
0.036744,0.0053351,0.024734,0.2352,0.13283,0.22799,0.11135,0.11121,0.091014,0.023588
0.040036,0.03848,0.10159,0.1584,0.18475,0.1122,0.12237,0.091541,0.064354,0.086289
0.013145,0.014028,0.021106,0.18203,0.16286,0.099651,0.36152,0.1109,0.010301,0.024453
0.018648,0.049961,0.12494,0.22143,0.10422,0.19055,0.20014,0.061981,0.011455,0.016683
0.045088,0.029047,0.088339,0.081396,0.093247,0.1876,0.35427,0.057394,0.032441,0.031185
0.004267,0.011327,0.016179,0.029399,0.21286,0.23169,0.11658,0.238,0.12828,0.011416
