0.0097072,0.0011502,0.0047485,0.06208,0.042459,0.034182,0.14242,0.55445,0.056806,0.091992
0.018984,0.0045197,0.0087285,0.04453,0.073986,0.059163,0.17312,0.15391,0.21985,0.24321
0.019895,0.060758,0.1768,0.28263,0.10122,0.072761,0.053088,0.084879,0.0689,0.079073
0.0052173,0.0048273,0.030655,0.031282,0.056767,0.018483,0.065097,0.039818,0.32549,0.42237
0.02922,0.068017,0.045492,0.026971,0.05754,0.16099,0.12599,0.1243,0.21122,0.15025
0.020189,0.060089,0.05408,0.040317,0.092661,0.10487,0.29534,0.061011,0.18475,0.086695
0.045387,0.029425,0.1035,0.2253,0.12645,0.12027,0.084624,0.17763,0.014442,0.072966
0.095202,0.097658,0.11352,0.015375,0.014918,0.039784,0.011565,0.0091181,0.51208,0.090781
0.18547,0.030425,0.077002,0.091696,0.16992,0.18173,0.12328,0.02572,0.014467,0.10029
0.21103,0.67624,0.023767,0.049981,0.022248,0.011478,0.0052599,0,0,0
0.047432,0.11068,0.12123,0.13673,0.060417,0.03213,0.084649,0.10931,0.1646,0.13281
0,0.0095583,0,0,0.13307,0.34591,0.4617,0.031733,0.014254,0.0037776
0.0096274,0.048681,0.023997,0.0038098,0.26262,0.27689,0.11659,0.16243,0.061644,0.033716
0,0.01539,0.0079223,0,0.010259,0.087708,0.17426,0.20654,0.1397,0.35823
0.038227,0.13515,0.31303,0.11518,0.089025,0.068141,0.066563,0.076887,0.047987,0.049798
0.035289,0.037661,0.012813,0.18115,0.13484,0.19717,0.12423,0.1374,0.078642,0.060795
0.053119,0.0095086,0.11502,0.049273,0.20913,0.22554,0.1385,0.084733,0.038879,0.076282
0.081957,0.10218,0.067077,0.090246,0.088593,0.1858,0.10697,0.11532,0.087239,0.074616
0.025117,0.046768,0.04646,0.29201,0.041197,0.11617,0.33712,0.086933,0.0025193,0.0057114
0.08582,0.031716,0.037343,0.13891,0.083473,0.18061,0.20223,0.14873,0.062908,0.028267
0.01026,0.023252,0.10433,0.12408,0.1487,0.099788,0.080126,0.29214,0.086233,0.031081
0.026939,0.058889,0.13376,0.098949,0.08083,0.11855,0.2662,0.16434,0.025123,0.026422
0.0045136,0.050104,0.1477,0.078561,0.16192,0.1631,0.18328,0.14985,0.031972,0.028992
0.015051,0.060081,0.04063,0.12739,0.16173,0.25282,0.22396,0.072783,0.04412,0.0014387
0.012979,0.011388,0.036188,0.14828,0.18551,0.11593,0.11957,0.23459,0.11396,0.02161
0.067979,0.078463,0.056999,0.091508,0.10208,0.053726,0.033533,0.010508,0.097028,0.40818
0.32133,0.10994,0.21492,0.08146,0.094131,0.06661,0.071435,0.040169,0,0
