0.08374,0.0038506,0.44812,0.31511,0.059322,0.0046072,0.032193,0.039487,0.012333,0.0012377
0.25825,0.57158,0.15462,0.0027252,0,0.012824,0,0,0,0
0.14417,0.28574,0.41977,0.01298,0.047005,0.054831,0.023909,0,0.0072299,0.0043667
0.041879,0.024787,0.064844,0.16782,0.33343,0.11808,0.12461,0.032153,0.070015,0.022387
0.022597,0.0082866,0.019082,0.057005,0.21049,0.43173,0.162,0.040798,0.017782,0.030221
0.039131,0.038574,0.049718,0.40441,0.12999,0.10233,0.10879,0.046763,0.029133,0.051154
0.061103,0.098468,0.20516,0.22703,0.21215,0.063645,0.010155,0.048913,0.05256,0.020814
0.30523,0.092335,0.26583,0.2576,0.061869,0.0062496,0.00018811,0.0030017,0.00072453,0.0069769
0.20398,0.30811,0.16955,0.13165,0.06415,0.0274,0.032883,0.014321,0.018274,0.029685
0.26966,0.23107,0.11283,0.040063,0.09954,0.088202,0.062703,0.058215,0.013205,0.024505
0.0036864,0.006618,0.012482,0.015098,0.28213,0.5562,0.10153,0.0051363,0.017122,0
0.013004,0.0066513,0.023077,0.038132,0.14252,0.087469,0.22312,0.077637,0.050931,0.33746
0.026904,0.15751,0.11177,0.26846,0.087202,0.1397,0.15927,0.021349,0.0062617,0.021568
0.0061383,0.014897,0.064356,0.30284,0.20795,0.18678,0.21478,0.0022583,0,0
0,0.0088596,0.26238,0.21961,0.075042,0.26008,0.17096,0.0030663,0,0
0.083369,0.06822,0.042336,0.11333,0.14112,0.080078,0.093295,0.29879,0.054095,0.025362
0.041308,0.028901,0.036325,0.012175,0.14714,0.12064,0.082071,0.089295,0.28465,0.15749
0.051468,0.077823,0.05206,0.048062,0.11438,0.16213,0.16117,0.17919,0.077058,0.076658
0.01693,0.028438,0.11284,0.051296,0.11265,0.27724,0.18767,0.14514,0.034327,0.033457
0.0068862,0.054827,0.066502,0.22444,0.28783,0.14648,0.12014,0.043264,0.03863,0.011
0.10456,0.21786,0.17222,0.11937,0.12119,0.15564,0.026329,0.0047401,0.031973,0.046123
0.082158,0.058292,0.29959,0.11681,0.26995,0.12158,0.022669,0.020624,0.0065861,0.0017331
0.024775,0.5238,0.2225,0.12921,0.084723,0.0035478,0.0039075,0.004147,0.0033865,0
0.10974,0.07817,0.28767,0.13485,0.14181,0.18678,0.034879,0.0143,0.011803,0
0.1961,0.24409,0.098705,0.26406,0.16649,0.024557,0.0019801,0.00055198,0.0010206,0.0024436
0.072607,0.1754,0.061979,0.2589,0.23043,0.137,0.041646,0.016245,0.0057873,0
0.029746,0.056223,0.15725,0.28412,0.26785,0.15103,0.019146,0.021728,0.0040482,0.0088566
0.0017338,0.013125,0.085063,0.063162,0.17917,0.25969,0.1706,0.061452,0.14146,0.024552
0.014599,0.018271,0.015017,0.081271,0.050609,0.33826,0.31054,0.075432,0.042176,0.053823
0.39059,0.16764,0.036702,0.079568,0.074208,0.054275,0.11363,0.077726,0.0056647,0
0.15971,0.26168,0.22691,0.19905,0.061318,0.0070244,0.019,0.015333,0.013479,0.036499
0.16853,0.031864,0.087625,0.30923,0.12439,0.066526,0.062178,0.1251,0.015606,0.0089532
0.028305,0.085912,0.044115,0.062741,0.01383,0.14497,0.1296,0.28656,0.090765,0.1132
0.31454,0.043623,0.0157,0.021331,0.011916,0.022301,0.13472,0.07008,0.21951,0.14628
0,0,0,0.041804,0.27135,0.60659,0.061605,0.018645,0,0
0,0.0036974,0.0054884,0.070923,0.15295,0.33522,0.34774,0.071509,0.012469,0
0.0010656,0.0081367,0.12936,0.61206,0.22313,0.014409,0.0092203,0.0026186,0,0
0,0.0033696,0.07453,0.28388,0.2241,0.065336,0.10648,0.11796,0.019976,0.10437
0,0,0,0,0,0.0034026,0.0013214,0.20611,0.48495,0.30422
0.25416,0.3187,0.17322,0.20076,0.03466,0.00047608,0.0026388,0,0.0090634,0.0063233
0.053712,0.019404,0.034932,0.16443,0.15187,0.25691,0.29174,0.0063517,0.0038412,0.016807
0.23221,0.1184,0.24232,0.12494,0.1282,0.13096,0.0023225,0.0035393,0,0.017104
0.0038454,0.009034,0.021682,0.0075279,0.070199,0.042231,0.05443,0.12396,0.27368,0.3934
0.052409,0.040928,0.044941,0.018423,0.077597,0.12892,0.072089,0.10107,0.16299,0.30063
0.022591,0.012267,0.094364,0.054731,0.080638,0.098212,0.11803,0.04073,0.29113,0.18731
0.16051,0.085445,0.044954,0.036349,0.0085178,0.022646,0.088009,0.082569,0.13442,0.33658
0.31272,0.24063,0.057517,0.055021,0.056012,0.017218,0.055797,0.0062915,0.1376,0.061197
0.050007,0.12054,0.16756,0.094373,0.057748,0.10906,0.023316,0.041255,0.32306,0.013073
0.24209,0.29842,0.11396,0.061435,0.088105,0.0097871,0.0064073,0.07229,0.056824,0.050684
0,0.0080172,0.010826,0.01491,0.012327,0.062643,0.082227,0.15212,0.27388,0.38305
0.14137,0.22999,0.048487,0.062264,0.034924,0.074419,0.095764,0.18676,0.063593,0.062424
0.028147,0.32192,0.078508,0.076865,0.13389,0.067716,0.041432,0.072501,0.025914,0.1531
0.078236,0.081661,0.40302,0.080167,0.091839,0.04099,0.032415,0.073394,0.028923,0.089352
0.20323,0.048486,0.1087,0.028785,0.042219,0.041722,0.13228,0.19526,0.077839,0.12147
0.056638,0.11992,0.079553,0.087966,0.010537,0.044232,0.15549,0.31218,0.017206,0.11628
0.078674,0.10704,0.069758,0.013026,0.11656,0.051842,0.019957,0.20027,0.030404,0.31247
0.25477,0.20993,0.010269,0.082482,0.19633,0.11043,0.059756,0.0021442,0.033708,0.040176
0.0011988,0,0,0.0038474,0.011533,0.072216,0.043233,0.08991,0.33529,0.44277
0.013132,0.019891,0.018959,0.076542,0.087335,0.25906,0.1044,0.048774,0.21953,0.15238
0.0041235,0.0023705,0.0002486,0.02009,0.047965,0.18886,0.69511,0.018103,0.017662,0.005469
0.05392,0.03179,0.066627,0.046611,0.078565,0.043601,0.040783,0.12513,0.22222,0.29075
0,0.0087436,0.0093621,0.033666,0.043555,0.040621,0.25297,0.31747,0.2388,0.054813
0.0055839,0.0014161,0.011751,0.038275,0.24725,0.4415,0.20776,0.0073793,0.017077,0.022008
0.0027658,0.0057371,0.0035852,0.031297,0.05568,0.11604,0.35821,0.33272,0.05398,0.039987
0.0013216,0.02391,0.60549,0.20892,0.12341,0.035541,0,0,0.0014135,0
0.0023565,0.061691,0.047965,0.37082,0.28695,0.18709,0.012887,0.0038077,0.014248,0.012188
0.002324,0.0010028,0.074335,0.75585,0.14129,0.011671,0.0036792,0,0.0090368,0.00080487
0.36453,0.32057,0.10413,0.046937,0.020896,0.030173,0.019664,0.056704,0.018688,0.017716
0.0054982,0.003759,0.076373,0.68587,0.089117,0.057754,0.055678,0.0036847,0.018921,0.0033414
0.0072451,0.042575,0.29993,0.17485,0.043934,0.058927,0.10356,0.19421,0.071041,0.0037388
0.018014,0.044848,0.0015817,0.00091651,0.043603,0.035442,0.1796,0.25359,0.36652,0.055891
0,0.00020569,0.005586,0.0082802,0.075582,0.0045245,0.1373,0.16359,0.49475,0.11018
0.00090275,0.078072,0.46151,0.040398,0.022826,0.0075825,0.010027,0.18809,0.18031,0.010276
0.0146,0.063263,0.18451,0.15817,0.1979,0.13057,0.091581,0.037738,0.05998,0.061683
0.01142,0.047418,0.16945,0.12776,0.039434,0.038588,0.079876,0.14466,0.12925,0.21214
0,0,0,0.003138,0,0.00989,0.30947,0.52907,0.12473,0.023706
0.0013281,0,0.0020605,0.00056685,0.044482,0.022502,0.051948,0.028197,0.14102,0.70789
0.032631,0.0091405,0.02385,0.053925,0.094052,0.13463,0.081377,0.23125,0.28128,0.057863
0.11283,0.072614,0.052852,0.099679,0.05063,0.22896,0.1081,0.053002,0.057046,0.16428
0.11382,0.077713,0.06258,0.13707,0.080333,0.070481,0.083814,0.069503,0.19067,0.11401
0.11261,0.28408,0.26453,0.037999,0.020992,0.038698,0.15834,0.028155,0.050779,0.00382
0.03284,0.044393,0.18607,0.053184,0.028655,0.013255,0.047725,0.085927,0.41687,0.09108
0.058788,0.16127,0.32101,0.29457,0.090325,0.012346,0.013649,0.001133,0.0017204,0.04519
