0.83335,0.13046,0.0196,0.016406,0.00018025,0,0,0,0,0
0.055854,0.027472,0.14569,0.20491,0.21167,0.14994,0.083087,0.056387,0.032735,0.032258
0.071709,0.058396,0.049893,0.064386,0.23382,0.32353,0.090575,0.06264,0.025316,0.019744
0.047264,0.1573,0.15049,0.29026,0.15986,0.051622,0.038394,0.062209,0.03734,0.0052534
0.19927,0.15612,0.12559,0.14352,0.11679,0.14903,0.049952,0.022013,0.014797,0.022922
0,0.0045478,0.010963,0.0022957,0.033977,0.39425,0.40787,0.047903,0.051334,0.046854
0.019389,0.054874,0.12767,0.26261,0.14536,0.18581,0.13163,0.030864,0.019526,0.022268
0.023344,0.1259,0.15284,0.1091,0.083702,0.08606,0.36215,0.034038,0.019602,0.0032628
0.032035,0.03232,0.041663,0.050053,0.10714,0.15643,0.14641,0.20299,0.098896,0.13206
0.028451,0.023478,0.071356,0.057896,0.19391,0.23932,0.19253,0.099085,0.067129,0.026849
0.10346,0.24512,0.16206,0.11944,0.20746,0.082056,0.023026,0.021193,0.030591,0.0055917
0.21862,0.19317,0.27803,0.079809,0.17146,0.040821,0.003328,0.0044092,0.0025027,0.0078455
0.30523,0.29499,0.14923,0.07897,0.05618,0.011335,0,0.030361,0.026546,0.047157
0.02017,0.050049,0.12556,0.089764,0.27465,0.20612,0.082659,0.067977,0.055417,0.027637
0.094159,0.14277,0.10372,0.11629,0.1317,0.145,0.19826,0.029736,0.021954,0.016404
0.10053,0.17133,0.2152,0.17322,0.10952,0.1036,0.013741,0.036023,0.032729,0.044104
0.11061,0.10072,0.010734,0.013899,0.070662,0.042852,0.10947,0.079588,0.27842,0.18304
0.0038989,0.0058181,0.0031655,0.056507,0.21925,0.48055,0.16812,0.021191,0.026449,0.015049
0,0.0042082,0.024142,0.52107,0.26804,0.078197,0.066531,0.023568,0.013356,0.00089297
0.050842,0.10317,0.078828,0.19821,0.084426,0.18633,0.23551,0.012895,0.006861,0.042932
0.18544,0.12089,0.11343,0.27625,0.042672,0.20393,0.030209,0.0046778,0.0074359,0.015063
0.039988,0.059363,0.040554,0.066252,0.13928,0.081848,0.13906,0.11085,0.099804,0.22299
0.014428,0.014702,0.10709,0.051281,0.17187,0.097082,0.074336,0.10878,0.16053,0.1999
0.19249,0.17922,0.079802,0.098158,0.094266,0.044404,0.043164,0.020088,0.035427,0.21298
0.0032557,0.065268,0.053823,0.05666,0.096394,0.12095,0.084534,0.087547,0.34299,0.08858
0.020755,0.18498,0.22517,0.058344,0.13282,0.081788,0.087437,0.086498,0.031915,0.090283
0.12026,0.04443,0.11557,0.12828,0.083646,0.23179,0.094825,0.04144,0.031893,0.10787
0.039821,0.075049,0.041028,0.078881,0.16817,0.16201,0.16993,0.17528,0.058861,0.030962
0.00095016,0.0017977,0.00034365,0.00067725,0,0.00069789,0.016727,0.35973,0.41625,0.20283
0.0023719,0.00092059,0.0077543,0.022175,0.01953,0.067004,0.40233,0.36673,0.10562,0.0055715
0,0.00061592,0.037289,0.010267,0.024917,0.03426,0.16983,0.30011,0.26147,0.16124
0.037394,0,0.0012228,0.026423,0.075002,0.2893,0.33929,0.20254,0.021826,0.0069991
0.015218,0.017577,0.2039,0.58684,0.1072,0.059674,0.0055272,0.003371,0,0.00069295
0.0027615,0.072695,0.49822,0.36345,0.022123,0.0054575,0.0041725,0.0035365,0.020339,0.0072462
0.18449,0.39942,0.024501,0.027023,0.094427,0.010238,0.013623,0.11706,0.02735,0.10187
0.027204,0.0055656,0.0032923,0.00070038,0.0029353,0.069347,0.081207,0.43596,0.17413,0.19966
0.0019527,0.051453,0.20152,0.27626,0.020559,0.038943,0.028048,0.093168,0.1977,0.090402
0.0015265,0.0031221,0,0,0.036443,0.023351,0.090278,0.73151,0.098164,0.015609
0.015663,0.018561,0.02831,0.094462,0.052932,0.10251,0.11641,0.16027,0.22279,0.18809
0.087314,0.043101,0.055742,0.11614,0.042204,0.21756,0.070462,0.070191,0.12872,0.16857
0.083075,0.24866,0.25569,0.030255,0.031009,0.027298,0.13483,0.099214,0.086487,0.0034799
