0.086141,0.15584,0.071701,0.092797,0.022888,0.076887,0.081213,0.31774,0.060468,0.034329
0.02147,0.033204,0.031386,0.0024378,0.024414,0.040033,0.089622,0.46826,0.092744,0.19643
0.0018942,0,0,0,0,0.061321,0.035075,0.044582,0.46789,0.38924
0.02166,0.039924,0.029054,0.34271,0.13175,0.20142,0.089231,0.078912,0.036432,0.028904
0.74805,0.13499,0.052646,0.028698,0.020484,0.0081622,0.0019579,0.0029312,0.0014714,0.00059822
0.051431,0.65541,0.17438,0.047773,0.027126,0.035779,0.0070369,0.00078238,0.00028253,0
0.0066895,0.31519,0.55731,0.085384,0.027362,0.0080684,0,0,0,0
0.92408,0.036372,0.010117,0.017651,0.011488,0,0,0.00029258,0,0
0.20065,0.75632,0.013619,0.017377,0.0032119,0.0048943,0,0.0017366,0,0.0021943
0,0.0097014,0.017886,0.30822,0.33363,0.16887,0.044336,0.065007,0.038998,0.013348
0.28656,0.5897,0.09692,0.0088902,0.0051651,0.0023494,0.0013959,0.0055381,0.0034817,0
0.0012274,0.026848,0.023747,0.28692,0.36675,0.13242,0.030735,0.088955,0.041332,0.0010747
0.010337,0.048563,0.022678,0.055317,0.14644,0.09085,0.1137,0.22581,0.16597,0.12033
0,0,0.0017155,0.40817,0.48105,0.09441,0,0.0093575,0,0.0052963
0.010166,0.0342,0.038821,0.43657,0.40803,0.046247,0.012436,0.0022914,0.0058008,0.0054288
0.00012977,0.00033057,0.001343,0,0,0.00054568,0.0015227,0.071442,0.23865,0.68604
0,0.0035968,0.0015638,0.00021842,0.0045567,7.5111e-05,0.0011482,0.01519,0.35292,0.62073
0.81216,0.15234,0.027883,0.0028426,0.0043608,0.0003245,0,0,9.1165e-05,0
0.59894,0.33903,0.034925,0.017015,0.0098121,0,0,0,0.00027083,0
0.014787,0.00082624,0.0009546,0,0.014598,0.014811,0.017355,0.083036,0.38098,0.47266
0.0018523,0,0.0011513,0.0060227,0.0082949,0.079453,0.23159,0.39792,0.23785,0.035871
0.031281,0.047483,0.071933,0.31314,0.21353,0.13835,0.044458,0.070466,0.069366,0
0.083296,0.027896,0.22118,0.28421,0.16708,0.072022,0.045414,0.025529,0.037991,0.035383
0,0.020606,0.00904,0.013142,0.061425,0.17265,0.12166,0.19427,0.21401,0.1932
0.050791,0.059319,0.047856,0.052975,0.080779,0.12097,0.12673,0.13751,0.13796,0.18511
0.066181,0.029512,0.12787,0.058265,0.18426,0.15191,0.16385,0.080541,0.05027,0.087341
0.061421,0.057617,0.05724,0.11091,0.16631,0.19392,0.069502,0.084421,0.12917,0.06949
0.041499,0.043953,0.071604,0.15216,0.25523,0.1002,0.094179,0.13142,0.050038,0.059717
0.022928,0.080467,0.05804,0.041606,0.11797,0.17711,0.21059,0.08379,0.11752,0.089978
0.085258,0.09064,0.039052,0.10118,0.15212,0.16053,0.13657,0.091889,0.10353,0.039238
0.20217,0.089014,0.13913,0.091552,0.14004,0.18693,0.12567,0.018556,0.0018424,0.0051046
0.032699,0.12204,0.17518,0.11833,0.11111,0.076132,0.057335,0.14905,0.06917,0.088951
0.018523,0.040397,0.13786,0.11738,0.26432,0.1098,0.075247,0.11227,0.093712,0.030479
0.0042379,0.0040774,0.029857,0.088424,0.14297,0.07581,0.13282,0.31122,0.072648,0.13793
0.090032,0.0882,0.23489,0.20003,0.11985,0.11398,0.064902,0.024071,0.048575,0.015469
0.087969,0.076729,0.044185,0.15344,0.32374,0.19802,0.050603,0.057633,0.007687,0
0.024323,0.058744,0.065404,0.35218,0.29627,0.17455,0.018988,0.0011216,0.0019471,0.0064668
0.031958,0.0061825,0.039458,0.15545,0.46586,0.18026,0.078995,0.019616,0.0053815,0.016839
0.041697,0.058766,0.024042,0.044023,0.22396,0.28072,0.13986,0.070382,0.048754,0.067798
0.06086,0.024818,0.030141,0.02289,0.0095375,0.015391,0.042072,0.209,0.36865,0.21664
0.13411,0.13779,0.0094077,0.026811,0.021172,0.02401,0.087972,0.24796,0.27337,0.0374
0,0.011952,0.011891,0,0.0011642,0.083862,0.60428,0.24577,0.026043,0.015041
0.91374,0.065674,0.0029325,0.0010827,0.00088767,0.0055081,0.0062538,0.0039251,0,0
0.21577,0.10652,0.56934,0.068889,0.005826,0.0089642,0,0,0.0032095,0.021489
0.1638,0.081747,0.56835,0.11332,0.05171,0,0.0094641,0.0049828,0,0.0066265
0.54562,0.3709,0.070743,0.0086756,0.00092978,0,0,0,0.0031334,0
0.7655,0.058057,0.045472,0.040303,0.0067638,0.021097,0.0037516,0.0056734,0.025243,0.028136
0.059224,0.091853,0.12965,0.33484,0.23915,0.038893,0.045161,0.025678,0.024449,0.011094
0.0021563,0.047927,0.30694,0.10826,0.089789,0.064342,0.10649,0.10982,0.097194,0.067096
0.017539,0.020509,0.014315,0.019558,0.14549,0.096526,0.12126,0.21285,0.2533,0.098658
0.021207,0.059547,0.078986,0.085142,0.11235,0.080988,0.046592,0.24863,0.10332,0.16324
0.066052,0.046275,0.062099,0.19933,0.095153,0.20483,0.13066,0.058683,0.046438,0.090476
0.053086,0.074915,0.092169,0.17004,0.20137,0.078784,0.19668,0.029933,0.06744,0.035583
0.13563,0.14028,0.086904,0.040792,0.082159,0.17493,0.072932,0.090235,0.063634,0.11251
0.034062,0.034102,0.03832,0.055215,0.10711,0.10263,0.22363,0.13292,0.10967,0.16234
0.0039031,0.0097524,0.022384,0.031448,0.15566,0.29854,0.23492,0.13178,0.041869,0.069741
0.026943,0.043034,0.031944,0.058864,0.25566,0.18538,0.25893,0.098804,0.022761,0.017686
0.025477,0.018301,0.023888,0.043102,0.35086,0.34153,0.10013,0.048931,0.017404,0.030376
0.15714,0.29068,0.15838,0.11556,0.14687,0.070447,0.0078561,0.0094595,0.030841,0.012777
0.061637,0.20721,0.38826,0.22388,0.066002,0.017076,0.010924,0.019275,0.0017224,0.0040089
0.0011249,0.015157,0.063685,0.4961,0.36599,0.023592,0.01758,0.014512,0.0022604,0
0.019593,0.059819,0.13671,0.43146,0.30427,0.01795,0.0050488,0.012323,0.003127,0.009692
0.010139,0.052276,0.25412,0.53371,0.14178,0.0079767,0,0,0,0
0.058248,0,0.0073398,0.041627,0.0035435,0,0,0.0031566,0.05678,0.8293
0,0.0044316,0.0023699,0.005273,0.0016029,0.010679,0.017476,0.074086,0.76511,0.11897
0.0068879,0,0,0,0,0.38926,0.56778,0.036067,0,0
0.94442,0.0035192,0,0.014745,0,0.0092959,0.028019,0,0,0
0.79243,0.083934,0.0032367,0.012593,0.032776,0,0,0,0.0039932,0.071043
0.08931,0.088182,0.054424,0.021532,0.0098647,0.0094942,0.088138,0.049649,0.18989,0.39951
0.33871,0.11058,0.015588,0.027903,0.0079149,0,0.0027748,0.075263,0.10409,0.31718
0.28553,0.012737,0.0027135,0.017783,0.045138,0.0018536,0.059137,0.33632,0.086915,0.15187
0.1723,0.13427,0.035034,0.088761,0.082586,0.099302,0.056654,0.025767,0.10421,0.20112
0.18871,0.12683,0.11271,0.051308,0.10613,0.098939,0.081107,0.097261,0.083614,0.053384
0.34508,0.12389,0.096977,0.078243,0.18675,0.032101,0.031752,0.028316,0.070528,0.0063669
0.16875,0.12178,0.14488,0.067488,0.1379,0.05448,0.052346,0.049961,0.15366,0.048745
0.062011,0.11946,0.087235,0.03369,0.051606,0.17953,0.3891,0.024312,0.038857,0.014194
0.12463,0.066591,0.34946,0.091248,0.075111,0.12342,0.013564,0.070821,0.069259,0.015893
0.095462,0.090586,0.075434,0.12106,0.23538,0.12339,0.096744,0.041953,0.038824,0.081165
0.003244,0.003519,0.0054594,0.031867,0.0232,0.073731,0.32287,0.30312,0.12704,0.10595
0.15859,0.09184,0.27369,0.059828,0.10864,0.029092,0.048492,0.051201,0.10805,0.070569
0.1097,0.0076175,0.071801,0.029086,0.14241,0.34414,0.22841,0.051255,0.009339,0.0062477
0.244,0.11947,0.28455,0.19073,0.080554,0.0085204,0.041626,0.026875,0,0.0036874
0.61365,0.29139,0.017821,0.012594,0.012313,0.032418,0.0040231,0.0031191,0.0022692,0.0104
0.038201,0.13078,0.015987,0.077076,0.2716,0.28817,0.10249,0.043008,0.01403,0.018667
0.0072509,0.026976,0.092909,0.062981,0.041045,0.13271,0.55036,0.051413,0.01842,0.015934
0.51296,0.20639,0.025458,0.15245,0.050018,0.014288,0.012235,0.014686,0.00429,0.0072212
0,0.00048044,0.015161,0.17607,0.73746,0.060636,0.0057655,0.0018674,0.0025651,0
0.69318,0.051635,0.061416,0.1021,0.075159,0.00089975,0.00071715,0.00097464,0.0077104,0.0062065
0.00086516,0.023325,0.039898,0.076252,0.033822,0.011464,0.035029,0.051164,0.66018,0.067998
0,0.00033667,0.0020245,0,4.9826e-05,0.0097525,0.056074,0.093771,0.44481,0.39319
0.45931,0.29157,0.11382,0.10298,0.016019,0.0080418,0,0.0006475,0.0043989,0.0032058
