0.058154,0.05664,0.024424,0.027602,0.02708,0.13104,0.12064,0.31534,0.15319,0.085889
0.022919,0.0096442,0,0,0.02364,0.075213,0.069435,0.10857,0.3092,0.38138
0.38597,0.43446,0.059672,0.037846,0.0076849,0.041513,0.032323,0,0.00052966,0
0.0493,0.79225,0.11029,0.02652,0.0082122,0.00099123,0.012434,0,0,0
0.039367,0.45085,0.42585,0.069057,0.0012291,0.0061984,0.0023051,0.00028343,0.0027782,0.0020807
0.21437,0.67967,0.090054,0.005456,0.0084607,0.0016446,0,0,0.00035023,0
0.0065664,0.01147,0.065259,0.17526,0.29376,0.31314,0.087125,0.029058,0.013634,0.00473
0,0,0,0,0,0.0022868,0.0042697,0.14902,0.43326,0.41116
0.25884,0.32936,0.05456,0.032444,0.09681,0.039361,0.07317,0.036354,0.031976,0.047128
0.47984,0.2732,0.074655,0.023662,0.050507,0.026019,0.011497,0.013282,0.019327,0.028007
0.005766,0.030802,0.0064394,0.0907,0.20803,0.22543,0.099904,0.13736,0.067521,0.12804
0.000375,0.031019,0.053795,0.036597,0.10592,0.14973,0.088937,0.17725,0.21299,0.14339
0.031501,0.025485,0.021383,0.052404,0.12073,0.11576,0.086314,0.1501,0.17102,0.22529
0.071644,0.095979,0.095008,0.11061,0.15701,0.13192,0.091696,0.12239,0.047009,0.07673
0.029919,0.022761,0.034355,0.083254,0.14667,0.20472,0.17909,0.15716,0.10743,0.034627
0.053596,0.060076,0.091435,0.11916,0.18252,0.17941,0.14307,0.077666,0.018694,0.074371
0.00077835,0.018551,0.0049978,0.043174,0.3206,0.18326,0.10217,0.083354,0.17109,0.072026
0.044675,0.1368,0.10276,0.13607,0.24887,0.26894,0.014884,0.041572,0,0.0054282
0.011899,0.13919,0.062082,0.20959,0.12718,0.19745,0.18915,0.038193,0.020278,0.0049985
0.025416,0.036929,0.060906,0.01983,0.05246,0.26269,0.288,0.1048,0.069115,0.079848
0.26906,0.094815,0.012611,0.042373,0.010456,0.022054,0.042137,0.13749,0.1705,0.19851
0.2725,0.61485,0.087361,0.010433,0.00031139,0.0018935,0.0016311,0.00069771,0.0097879,0.00052916
0.13012,0.49798,0.18133,0.069324,0.0014049,0.0044,0.024463,0,0.039029,0.051958
0.028112,0.26558,0.13706,0.031458,0.036162,0.067952,0.065824,0.052637,0.13336,0.18185
0.011462,0.0060847,0.009767,0.037979,0.16036,0.077493,0.087632,0.19208,0.28213,0.13502
0.02643,0.036503,0.044486,0.11624,0.15649,0.22856,0.16063,0.084139,0.054361,0.092164
0.06906,0.07324,0.14157,0.14118,0.188,0.22032,0.090836,0.027568,0.024919,0.023311
0.022128,0.036331,0.029118,0.061862,0.097501,0.20479,0.13027,0.095286,0.15068,0.17204
0.019585,0.014272,0.032962,0.068504,0.28527,0.30764,0.18108,0.051764,0.038224,0.00069159
0.10887,0.16243,0.28852,0.19866,0.10284,0.068371,0.017565,0.017912,0.017715,0.01711
0.002278,0.031175,0.081135,0.42418,0.36468,0.063574,0.0053647,0.013016,0.0073176,0.0072767
0.036179,0.030584,0,0,0,0,0,0.069861,0.86161,0.0017686
0.0010256,0,0,0,0,0,0,0.011076,0.97056,0.017339
0.84014,0.053206,0.00049898,0.00049459,0,0.0094097,0.0010692,0.021112,0.058518,0.015552
0.33307,0.22629,0.041324,0.050505,0.0050691,0.055089,0,0.0033116,0,0.28534
0.1514,0.092418,0.086154,0.085101,0.097018,0.031397,0.052055,0.060168,0.18111,0.16317
0.2427,0.12425,0.065709,0.093542,0.11581,0.099511,0.080745,0.10543,0.062581,0.0097204
0.14148,0.14865,0.10787,0.11038,0.14673,0.064464,0.020221,0.040488,0.035487,0.18424
0.10975,0.098888,0.049998,0.19263,0.23237,0.11547,0.11053,0.020943,0.042103,0.027323
0.01838,0.0051664,0.00074947,0.011115,0.14376,0.19874,0.27092,0.17725,0.074188,0.099735
0.17863,0.15087,0.15565,0.1263,0.2326,0.10467,0.03024,0.005505,0,0.01554
0.082677,0.040615,0.029152,0.12509,0.20581,0.27454,0.10677,0.04539,0.044601,0.045355
0.050339,0.020764,0.07455,0.14862,0.28929,0.14527,0.19535,0.059279,0.0090712,0.0074563
0.008844,0.020504,0.54932,0.27515,0.1277,0.006152,0.0020118,0.0060347,0.0042814,0
0.0043162,0,0.0012791,0.0072865,0.0020859,0.03941,0.027512,0.11463,0.46583,0.33765
