0.0086323,0.039776,0.32415,0.376,0.19164,0.028016,0.022428,0.0079696,0.0013911,0
0.055565,0.32158,0.26523,0.10547,0.12537,0.051934,0.036712,0.0065986,0.031538,0
0,0.0046291,0,0.0015708,0.001011,0.010793,0.036999,0.10109,0.55498,0.28893
0.0038827,0.0019793,0.0066474,0.014642,0.049262,0.10425,0.38965,0.24624,0.12359,0.059847
0.0063946,0.0023023,0.032404,0.64407,0.15624,0.054922,0.051205,0.041148,0.0088973,0.0024228
0.00069766,0,0.0044985,0.032415,0.054614,0.18899,0.282,0.28082,0.14054,0.015424
0.0034886,0.0023814,0.017487,0.018163,0.17364,0.5289,0.20146,0.05128,0.0015713,0.001625
0.0029904,0,0.00065827,0,0.00032897,0.0034287,0.010862,0.083107,0.27501,0.62361
0.056842,0.009099,0.016444,0.028412,0.0037655,0.0059113,0.21118,0.39921,0.11623,0.15291
0.063116,0.035414,0.020753,0.024583,0.083172,0.098398,0.13772,0.084705,0.19057,0.26156
0.035748,0.096864,0.037329,0.10639,0.034116,0.14075,0.067513,0.040302,0.12417,0.31682
0.13177,0.075325,0.065708,0.061726,0.14349,0.22421,0.13785,0.028138,0.038412,0.093364
0.096657,0.10441,0.10128,0.045109,0.20717,0.069366,0.059201,0.096353,0.1661,0.054348
0.27129,0.15445,0.052605,0.034778,0.070234,0.027083,0.092571,0.23612,0.037079,0.023794
0.098707,0.10649,0.036452,0.041809,0.081271,0.14259,0.073669,0.093387,0.26277,0.062855
0.0805,0.084271,0.096976,0.077321,0.09885,0.13376,0.11452,0.0093735,0.095484,0.20895
0.061282,0.11584,0.10928,0.14349,0.071709,0.30221,0.047236,0.042171,0.052381,0.054399
0.030545,0.010544,0.010452,0.073266,0.14353,0.17176,0.14874,0.23499,0.092199,0.083981
0.10978,0.09291,0.11771,0.096978,0.16115,0.11272,0.070318,0.088172,0.081708,0.068554
0.0023416,0.029695,0.023551,0.012271,0.033583,0.17096,0.31679,0.31272,0.072848,0.025235
0,0,0.019963,0.074825,0.095185,0.54151,0.051709,0.03014,0.056594,0.13007
0,0,0,0.010112,0.13483,0.044243,0.32179,0.39801,0.066079,0.024932
0.019261,0.006563,0.013223,0.083073,0.14104,0.14474,0.17141,0.32938,0.076819,0.014485
0.0010104,0.010727,0.22727,0.5291,0.091749,0.09641,0.037134,0.0064912,0,0.00010806
0.0029675,0.038841,0.36071,0.14598,0.14075,0.092959,0.037233,0.02801,0.11154,0.040999
0.1352,0.54036,0.1833,0.081342,0.037598,0.016695,0.0051797,4.435e-05,0,0.00028563
0.0063965,0.012765,0.18677,0.44573,0.11083,0.13353,0.090329,0.0083424,0.0053084,0
0,0.03024,0.16614,0.33272,0.11648,0.038128,0.11525,0.10547,0.093913,0.0016557
0.67686,0.1352,0.028052,0.018749,0.085293,0.010635,0.030241,0.014419,0.00055171,0
0.72416,0.12203,0.035636,0.054713,0.061825,0.00058075,0.0010619,0,0,0
0.0011364,0.038384,0.05918,0.038343,0.039012,0.18191,0.06534,0.078537,0.2104,0.28776
0.18547,0.25705,0.22952,0.071761,0.044376,0.032343,0.029126,0.048986,0.044574,0.056797
0,0.024729,0.0085331,0.20672,0.35796,0.19709,0.065152,0.13192,0.0079007,0
0.012005,0.0002263,0,0.00014919,0.00073636,0.05965,0.017243,0.10696,0.62373,0.1793
0.001129,0,0,0,0.0016772,0.082384,0.0087257,0.034247,0.28839,0.58345
0.27422,0.20199,0.11136,0.043589,0.057893,0.047097,0.051049,0.029422,0.09265,0.090725
0.12904,0.16063,0.20114,0.10817,0.056852,0.013916,0.03495,0.1627,0.095434,0.03717
0.007693,0.0028728,0.00082193,0.012286,0.01128,0.11148,0.10878,0.23821,0.23122,0.27535
0.75653,0.066408,0.063983,0.028457,0.016587,0.009979,0.027162,0.012895,0.011614,0.0063895
