0.079895,0.18519,0.44146,0.19985,0.028352,0.015692,0.031743,0.014944,0.0018324,0.0010334
0,0,0.00059808,0,0,0,0.031564,0.42785,0.26704,0.27295
0.02499,0.020548,0.17098,0.14325,0.038884,0.065962,0.11411,0.22365,0.10867,0.088956
0,0.00184,0.0022373,0.008058,0.0047379,0.1036,0.12394,0.51693,0.16428,0.074381
0.071065,0.090331,0.022812,0.071122,0.072094,0.091492,0.064451,0.10345,0.21065,0.20253
0.048652,0.065431,0.047546,0.059546,0.12583,0.17872,0.20673,0.023837,0.064942,0.17876
0.16537,0.13291,0.047047,0.061367,0.174,0.088719,0.04489,0.18801,0.054969,0.042727
0.089697,0.083038,0.086504,0.0411,0.045565,0.17198,0.073351,0.028886,0.21104,0.16883
0.022845,0.027526,0.021238,0.1121,0.092829,0.24292,0.11185,0.18294,0.12555,0.06021
0.082976,0.099441,0.064505,0.046943,0.16654,0.11642,0.053743,0.19439,0.084399,0.090637
0,0,0.0034033,0.0091382,0.10037,0.13366,0.34582,0.27769,0.089036,0.040878
0.015179,0.086574,0.23563,0.37355,0.081589,0.032781,0.042037,0.095951,0.036704,0
0.0094864,0.50693,0.25343,0.078291,0.023732,0.040406,0.015104,0.0095195,0.010579,0.052528
0,0.028386,0.17901,0.36864,0.11694,0.11707,0.14167,0.048276,0,0
0.83762,0.027174,0.0061141,0.015702,0.099588,0.010315,0.0026365,0.00028286,0,0.0005694
0.33066,0.074938,0.046049,0.024056,0.037951,0.027235,0.020491,0.0417,0.16276,0.23416
0,0,0.0022353,0.01098,0.023601,0.36456,0.23297,0.23048,0.13517,0
0.0027523,0.00024417,0.0024568,0.00060626,0.00011545,0.055803,0.010479,0.017166,0.33435,0.57602
0.048053,0.033757,0.063448,0.014135,0.014901,0.081806,0.058148,0.1411,0.26606,0.27859
