0.014023,0.03551,0.018991,0.058851,0.19596,0.1863,0.20827,0.12827,0.059418,0.09441
0.09437,0.083111,0.13716,0.17705,0.15732,0.16951,0.10261,0.027671,0.029713,0.021485
0.028897,0.024071,0.068817,0.082162,0.19586,0.21961,0.20975,0.048434,0.064665,0.057733
0.067071,0.065571,0.085842,0.16882,0.15399,0.087282,0.045439,0.086721,0.14827,0.090993
0.077472,0.06514,0.23815,0.28395,0.17203,0.039351,0.082442,0.027328,0.0099219,0.0042125
0.052883,0.057439,0.051616,0.073871,0.061611,0.070616,0.22604,0.24375,0.098155,0.064019
0.10217,0.075826,0.23753,0.13734,0.077231,0.095462,0.13352,0.04389,0.059795,0.037246
0.1043,0.086723,0.029191,0.028003,0.16296,0.15777,0.091729,0.13471,0.18112,0.023502
0.0022543,0.046144,0.044249,0.034934,0.076869,0.068494,0.09821,0.066184,0.23212,0.33054
0.17365,0.061128,0.09091,0.088253,0.16294,0.059043,0.12066,0.15611,0.040302,0.047003
0.34541,0.51902,0.031244,0.014635,0.025363,0.010385,0.00067463,0.0029746,0.0067033,0.043591
0.12195,0.34508,0.25266,0.022883,0.02829,0.014136,0.037027,0.10511,0.062087,0.010771
0.049819,0.16156,0.12587,0.20868,0.22576,0.10904,0.023252,0.041544,0.038659,0.015822
0.0010273,0.004793,0.0021248,0,0.0070636,0.008778,0.37533,0.50693,0.059993,0.03396
0.085053,0.029894,0.029292,0.04215,0.061096,0.11285,0.22045,0.14626,0.096331,0.17663
0.15462,0.14238,0.14877,0.12277,0.078267,0.090701,0.15863,0.09732,0.0065315,0
0.013528,0.066709,0.014017,0.13718,0.20882,0.071523,0.32937,0.13652,0.022329,0
0,0,0.0019714,0,0.038274,0.014885,0.0076179,0.024193,0.31232,0.60074
0.0010967,0.0026238,0.0022716,0.013982,0.0052173,0.0039085,0.029469,0.067897,0.071861,0.80167
0.0050162,0.0032261,0.031039,0.027439,0.046129,0.038645,0.026862,0.020027,0.22678,0.57484
0.083632,0.0391,0.020842,0.057424,0.02334,0.028998,0.1531,0.30968,0.12966,0.15421
0.027628,0.069698,0.35611,0.28233,0.1121,0.059384,0.060036,0.022088,0.0084295,0.0022064
0.045785,0.0053983,0.067135,0.076621,0.11983,0.23406,0.10434,0.10822,0.12446,0.11414
0.10162,0.26956,0.18375,0.17872,0.092479,0.038433,0.011441,0.049135,0.057722,0.017142
0.069505,0.14181,0.13465,0.19449,0.1021,0.034952,0.047237,0.077207,0.16398,0.034064
0.071068,0.096252,0.10244,0.082472,0.18776,0.14837,0.15911,0.079616,0.033641,0.03927
0.042571,0.027066,0.091107,0.1207,0.22707,0.1132,0.16611,0.10066,0.061476,0.050046
0.022907,0.021791,0.014693,0.016791,0.010928,0.089128,0.11898,0.15952,0.29923,0.24604
0.092998,0.24526,0.092088,0.28059,0.054127,0.15589,0.038211,0.01971,0.0015462,0.019585
0.069646,0.19444,0.099332,0.03821,0.062314,0.13795,0.074923,0.083803,0.13348,0.1059
0.016666,0.049144,0.01928,0.024542,0.19463,0.27017,0.19212,0.10236,0.11065,0.020436
0.50637,0.11655,0.15507,0.061071,0.019709,0.0091712,0.097436,0.030934,0.0013158,0.0023728
0,0,0.011069,0.023893,0.0030287,0.013362,0.21165,0.069518,0.25524,0.41224
0.037094,0.01513,0.006947,0.010855,0.019786,0.062819,0.2009,0.13286,0.18901,0.3246
0.1793,0.27357,0.16782,0.15724,0.016819,0.029222,0.065931,0.039088,0.014968,0.056037
