0.5495,0.052784,0.05242,0.024322,0.015291,0.019104,0.019648,0.10255,0.077692,0.086691
0.039824,0.088873,0.069987,0.30503,0.32931,0.10302,0.014941,0.0073572,0.041668,0
0.21267,0.18443,0.087894,0.061168,0.089148,0.02957,0.22933,0.051742,0.023179,0.030866
0.071412,0.060884,0.12341,0.14266,0.12773,0.15017,0.074182,0.097351,0.10058,0.051623
0.013546,0.040699,0.030267,0.062305,0.15194,0.13755,0.20493,0.16767,0.13489,0.056205
0.025185,0.028049,0.030052,0.13253,0.17856,0.10254,0.11348,0.10526,0.11769,0.16665
0.030055,0.097089,0.055907,0.11664,0.18253,0.12297,0.12546,0.13489,0.030933,0.10353
0.037784,0.05854,0,0.078878,0.11534,0.13594,0.26533,0.21643,0.081815,0.0099517
0.059399,0.092745,0.23388,0.22306,0.12959,0.081284,0.03958,0.047159,0.072423,0.020874
0.14498,0.21661,0.17352,0.13209,0.11074,0.11168,0.03404,0.029752,0.027795,0.018777
0.031072,0.040916,0.0075024,0.01878,0.044954,0.089451,0.021136,0.081714,0.39198,0.27249
0.036441,0.043286,0.022126,0.074316,0.15161,0.12488,0.23671,0.19156,0.11022,0.0088455
0.063476,0.13774,0.14247,0.15068,0.068215,0.051607,0.22848,0.11836,0.029255,0.0097212
0.12766,0.18318,0.24738,0.1788,0.048309,0.078849,0.037432,0.07353,0.023378,0.0014835
0.039245,0.053736,0.41035,0.25101,0.046994,0.096604,0.026641,0.025956,0.022494,0.026967
0,0.0028307,0.0067319,0.032532,0.064331,0.071827,0.36453,0.24441,0.15331,0.059497
0,0.0048147,0.00028452,0.047516,0.014362,0.10572,0.38243,0.40662,0.034475,0.0037787
0.35555,0.088774,0.26016,0.27706,0.007856,0.001341,0.0092569,0,0,0
0,0.0010772,0.009437,0.24041,0.25386,0.23305,0.039273,0.18214,0.019924,0.020828
0.020101,0.048913,0.039805,0.048244,0.036403,0.0734,0.12263,0.20932,0.07847,0.32272
0.017629,0.017552,0.011199,0.065965,0.073252,0.060091,0.11773,0.40413,0.11158,0.12087
0.081499,0.094966,0.15324,0.22886,0.09364,0.099046,0.081528,0.065331,0.079202,0.02269
0.027405,0.069895,0.058833,0.10579,0.13079,0.17142,0.17385,0.097508,0.12033,0.044193
0.0045637,0.016802,0.015623,0.068406,0.078532,0.10749,0.13996,0.10776,0.23436,0.22651
0.016121,0.018162,0.036005,0.00084696,0.02376,0.049037,0.038242,0.060709,0.26086,0.49626
0.073126,0.029804,0.056258,0.052241,0.062509,0.025626,0.022763,0.096132,0.18272,0.39882
0.058342,0.070015,0.074485,0.072903,0.064342,0.12002,0.094562,0.38446,0.05658,0.0042914
0.016494,0.0022859,0.024209,0.049104,0.017141,0.0010093,0.033875,0.13713,0.44903,0.26972
0.03241,0.0017835,0.0070953,0.037101,0.048857,0.082022,0.10285,0.27209,0.21794,0.19785
0.18055,0.18062,0.10756,0.14163,0.088707,0.17404,0.015279,0.061733,0.031969,0.017908
0.010858,0.017014,0.009943,0.0057529,0.031857,0.13219,0.042418,0.024069,0.11646,0.60944
0.014211,0.060677,0.0084022,0.013471,0.038336,0.018525,0.012898,0.03867,0.12655,0.66826
0.030584,0.0053471,0,0.0099873,0.028275,0.044864,0.040034,0.051741,0.5246,0.26457
