0.02102,0.0044962,0.00047798,0.0072036,0.013351,0.017188,0.016119,0.10445,0.39599,0.41971
0.0056645,0.00089521,0.023602,0.012336,0.10478,0.16982,0.46078,0.11265,0.10636,0.0031103
0.046493,0.06015,0.020701,0.0025624,0.049864,0.065056,0.44863,0.20448,0.010802,0.091261
0.020264,0.035573,0.00528,0.015099,0.027199,0.38369,0.31668,0.031275,0.070424,0.094518
0.021106,0.026725,0.012175,0.017066,0.048019,0.0086254,0.13616,0.47375,0.10742,0.14895
0.068572,0.053558,0.016208,0.14191,0.15786,0.21063,0.16165,0.11069,0.036345,0.042576
0.17677,0.081312,0.33772,0.21429,0.028842,0.050203,0.022097,0.035174,0.029873,0.023718
0.13271,0.05726,0.23316,0.40422,0.10642,0.014442,0.011668,0.016997,0.010134,0.012987
0.050176,0.12888,0.16658,0.047912,0.093901,0.15253,0.11374,0.13424,0.037633,0.074417
0.16452,0.12229,0.19896,0.28299,0.082987,0.032993,0.039369,0.016728,0.014608,0.044556
0.33013,0.079104,0.15423,0.063421,0.13438,0.089335,0.045178,0.021313,0.053164,0.029749
0.19794,0.1521,0.11411,0.069215,0.12676,0.13294,0.04605,0.040357,0.078543,0.041991
0.015195,0.07159,0.13825,0.097333,0.19536,0.16766,0.11307,0.063125,0.073398,0.065014
0.11248,0.033727,0.045661,0.059834,0.15227,0.27468,0.13239,0.043445,0.083436,0.062075
0.1097,0.026464,0.041494,0.14045,0.15654,0.20624,0.13505,0.05825,0.034515,0.091296
0.022223,0.036606,0.10078,0.087957,0.16968,0.17157,0.12751,0.058989,0.096077,0.1286
0.0098363,0.023623,0.087962,0.11466,0.088783,0.10845,0.13908,0.21377,0.12072,0.093107
0.027796,0.064796,0.06848,0.049703,0.14738,0.15183,0.18417,0.15344,0.099669,0.052738
0.016607,0.051221,0.068226,0.12513,0.21946,0.096844,0.23897,0.14351,0.020054,0.019986
0.075067,0.052239,0.027454,0.06456,0.21626,0.11535,0.078146,0.21151,0.11499,0.044419
0.060192,0.096544,0.12881,0.031291,0.092347,0.26597,0.15969,0.068404,0.061267,0.035497
0.028998,0.038158,0.027334,0.098523,0.14001,0.39597,0.23823,0.0098093,0.0080841,0.01489
0.020959,0.038922,0.026009,0.050306,0.11253,0.2374,0.42024,0.046865,0.024008,0.022755
