0.057959,0.12527,0.24699,0.1324,0.14257,0.058273,0.058598,0.057967,0.042199,0.077759
0.0084912,0.019172,0.20608,0.096555,0.11184,0.087423,0.11353,0.16357,0.14597,0.047363
0.093924,0.073659,0.16967,0.075844,0.12136,0.10052,0.10445,0.092657,0.086531,0.081386
0.19272,0.056443,0.12946,0.088928,0.088115,0.090822,0.095407,0.058774,0.12581,0.073525
0.053168,0.044208,0.024698,0.11,0.20282,0.22403,0.17322,0.051626,0.061082,0.055147
0.05973,0.037943,0.022126,0.076421,0.27187,0.25974,0.11523,0.071055,0.049997,0.035893
0.084074,0.090651,0.066186,0.13892,0.092969,0.10963,0.12632,0.13938,0.083868,0.067994
0.086122,0.052891,0.010164,0.0034153,0.051135,0.056986,0.071497,0.050548,0.18877,0.42847
0.027148,0.045383,0.026989,0.11146,0.22862,0.16553,0.20454,0.072884,0.045202,0.072255
0.012823,0.020107,0.036993,0.050621,0.11126,0.23933,0.22994,0.22101,0.073557,0.0043574
0.042973,0.046797,0.033861,0.11127,0.1485,0.16628,0.13068,0.077838,0.19622,0.045574
0.013039,0.020334,0.07039,0.21629,0.14357,0.15834,0.1056,0.1441,0.11687,0.011466
0.091516,0.043238,0.051092,0.12849,0.10664,0.16907,0.20113,0.072081,0.080234,0.056498
0.14403,0.1527,0.17448,0.1679,0.088269,0.10701,0.066174,0.05307,0.02886,0.017507
0.2625,0.1265,0.075326,0.063445,0.095946,0.13702,0.13596,0.067451,0.010733,0.025109
0.20494,0.10458,0.052995,0.028986,0.042798,0.20449,0.15384,0.020518,0.05728,0.12958
0.053481,0.042309,0.048963,0.043198,0.10558,0.14601,0.16021,0.046789,0.15482,0.19865
0.010106,0.00885,0.01635,0.013307,0.040425,0.075539,0.041612,0.19673,0.10677,0.49031
0.036596,0.012452,0.0098199,0.016774,0.031816,0.069383,0.18679,0.13588,0.46353,0.036953
0.030884,0.00029477,0.090107,0.0021212,0.12812,0.020228,0.057727,0.011894,0.22996,0.42866
0.051011,0.2317,0.3523,0.029024,0.032508,0.095311,0.071722,0.043825,0.040893,0.051711
0,0.17686,0.40873,0.024534,0.12872,0.15999,0.041783,0.045985,0.011042,0.0023535
0.021886,0.00174,0.023924,0.0069733,0.071068,0.0080823,0.022858,0.11519,0.091161,0.63712
0.0015739,0.00032268,0.00063349,0.003141,0.040571,0.014674,0.00083918,0.0042295,0.105,0.82901
0.24815,0.19017,0.099929,0.025768,0.12974,0.089949,0.0038769,0.013507,0.085112,0.1138
0.61484,0.13114,0.11934,0.015445,0.041912,0.064781,0,0.0099483,0.002379,0.0002151
0.094102,0.010103,0.017263,0.09983,0.12659,0.13048,0.39876,0.10131,0.015601,0.0059601
0.016506,0.1094,0.12601,0.0486,0.047706,0.042381,0.05976,0.17395,0.19001,0.18568
0.019501,0.0025172,0.0056894,0.013909,0.034014,0.16655,0.05098,0.0067186,0.0341,0.66602
0.0078531,0.1002,0.0087494,0.013975,0.0083179,0.18275,0.43346,0.21878,0.022527,0.0033841
0.33362,0.22707,0.047733,0.097947,0.20909,0.0072855,0.027193,0.015402,0.023017,0.01164
0.018689,0.016813,0.03713,0.10982,0.40937,0.08728,0.05993,0.18825,0.016615,0.056103
0.020641,0.091207,0.098566,0.025859,0.078614,0.11315,0.13303,0.27645,0.12441,0.038075
0,0.005316,0,0.029903,0.15978,0.11965,0.36818,0.27331,0.030087,0.013771
0.055755,0.017582,0.043404,0.067696,0.20422,0.12801,0.070143,0.12409,0.0994,0.1897
0.04384,0.070042,0.072825,0.1124,0.16038,0.12957,0.068287,0.081256,0.16101,0.1004
0.075715,0.13589,0.04263,0.095358,0.11982,0.20342,0.097244,0.11014,0.092072,0.027714
0.11471,0.051343,0.06622,0.08659,0.17263,0.22708,0.11688,0.027035,0.01966,0.11785
0,0.032825,0.033677,0.091785,0.30791,0.24692,0,0.049332,0.16898,0.06857
0.022994,0.014267,0.031603,0.14888,0.23163,0.16128,0.18072,0.073175,0.048316,0.087142
0.44513,0.22773,0.059509,0.062521,0.059775,0.063161,0.054411,0.014389,0.0070109,0.0063719
0.0038489,0.038561,0.042066,0.0010669,0.013327,0.0065935,0.013404,0.30642,0.40052,0.1742
0.054415,0.066078,0.12082,0.17427,0.10928,0.1524,0.087882,0.098699,0.041421,0.09474
0.08981,0.20556,0.0919,0.11556,0.14375,0.18779,0.089894,0.031794,0.019033,0.024912
0.078778,0.041396,0.048147,0.046455,0.035023,0.020176,0.065334,0.34522,0.1483,0.17117
0.022624,0.015445,0.07718,0.021451,0.12315,0.10258,0.16598,0.18208,0.14775,0.14176
0.12034,0.32435,0.29832,0.10854,0.074229,0.020098,0.031911,0.018859,0.00055156,0.0027946
0.2199,0.29198,0.11065,0.052381,0.038628,0.10884,0.053587,0.026928,0.023354,0.073735
0.070184,0.046416,0.17898,0.27093,0.14118,0.021467,0.10468,0.12523,0.018578,0.022351
0.35768,0.06625,0.18947,0.087673,0.04725,0.023855,0.067784,0.15172,0.007353,0.00096234
0,0.0088354,0.04212,0.024398,0.054747,0.063641,0.18806,0.34838,0.10496,0.16486
0.0090985,0.015813,0.0079308,0.0010956,0.0075414,0.015752,0.035721,0.018176,0.32473,0.56414
0.0096678,0.0095411,0.057211,0.05243,0.026641,0.060965,0.0030907,0.030798,0.18617,0.56349
0.13296,0.041751,0.014719,0.039817,0.40608,0.26198,0.084604,0.014627,0.0034661,0
0.56352,0.061574,0.086402,0.041208,0.063119,0.048529,0.046788,0.040257,0.028419,0.020185
