0.023754,0.070555,0.25248,0.16922,0.14031,0.11198,0.0883,0.054587,0.047971,0.04084
0.048276,0.14089,0.12335,0.12694,0.15366,0.11469,0.081323,0.080346,0.074813,0.055709
0.0046987,0.014126,0.018591,0.033957,0.051134,0.067595,0.12362,0.28008,0.30502,0.10117
0.14115,0.34964,0.081155,0.052743,0.026751,0.015226,0.022813,0.052183,0.12173,0.13661
0.20492,0.14413,0.069493,0.055985,0.10513,0.075651,0.058621,0.086129,0.10036,0.099573
0.044902,0.042098,0.026209,0.081423,0.20125,0.092736,0.2168,0.14896,0.12909,0.016532
0.03671,0.17331,0.061582,0.10311,0.11485,0.25866,0.1112,0.085696,0.03967,0.015208
0.034082,0.10405,0.12711,0.1384,0.25419,0.12133,0.03885,0.029252,0.063139,0.089591
0.071051,0.059945,0.077534,0.13868,0.14902,0.15669,0.055907,0.051966,0.063761,0.17545
0.049061,0.040626,0.079804,0.14188,0.21054,0.2041,0.11159,0.039446,0.049897,0.07306
0.20562,0.12496,0.067706,0.070691,0.18965,0.22811,0.026729,0.054473,0.01707,0.014988
0.06636,0.13561,0.06401,0.022071,0.079924,0.080866,0.22812,0.16889,0.081855,0.072297
0.084462,0.084906,0.08241,0.10402,0.12078,0.092735,0.072875,0.21389,0.1124,0.031525
0.10013,0.090682,0.076516,0.035986,0.10216,0.093418,0.073295,0.13959,0.13584,0.15238
0.0091693,0.073167,0.015839,0.015713,0.021918,0.015648,0.03039,0.11914,0.39393,0.30508
0.15101,0.01512,0.04436,0.0073609,0.071354,0.15388,0.14354,0.071808,0.13034,0.21123
0.018498,0.015258,0.039735,0.042066,0.3784,0.25423,0.064652,0.088842,0.06363,0.034689
0.11122,0.085994,0.10125,0.16206,0.17222,0.22047,0.058255,0.029714,0.040618,0.018197
0.02529,0.024064,0.034814,0.031407,0.15799,0.15016,0.10026,0.1626,0.17588,0.13752
0.037714,0.049292,0.11332,0.060394,0.12128,0.29794,0.097103,0.070879,0.11105,0.041029
0.074126,0.075232,0.084288,0.11183,0.16832,0.1246,0.10186,0.099986,0.042817,0.11693
0.0065554,0.017036,0.025355,0.057446,0.076477,0.28446,0.11411,0.12868,0.18196,0.10791
0.012216,0.033877,0.046445,0.27477,0.071525,0.14349,0.21315,0.17606,0.021813,0.0066436
0.0082228,0.036972,0.035492,0.045928,0.23711,0.11024,0.099202,0.024284,0.216,0.18655
0.059381,0.019531,0.15438,0.13716,0.06507,0.11212,0.12987,0.060589,0.10997,0.15193
0.12106,0.076582,0.043757,0.03865,0.089363,0.11964,0.17994,0.18083,0.074973,0.07521
0.10956,0.20808,0.1049,0.069081,0.14779,0.14743,0.080482,0.094963,0.029672,0.0080416
0.43828,0.084655,0.13088,0.077503,0.03696,0.10234,0.046494,0.034609,0.020023,0.028263
0.58069,0.077284,0.052102,0.046949,0.060911,0.069929,0.053088,0.039532,0.0141,0.0054182
0.419,0.08903,0.075004,0.05285,0.18211,0.071344,0.013283,0.025655,0.016035,0.055692
0.5626,0.021291,0.037134,0.11347,0.049344,0.13051,0.0146,0.0036755,0.01707,0.050295
0.20583,0.051515,0.053543,0.022877,0.11424,0.10327,0.23454,0.065159,0.019554,0.12947
0.077615,0.11094,0.039694,0.035528,0.1052,0.043957,0.042735,0.080629,0.21191,0.25179
0.02099,0.03588,0.03652,0.077623,0.16159,0.14249,0.065308,0.064467,0.26805,0.12708
0.001516,0.015603,0.0098502,0.0064916,0.064108,0.070203,0.076066,0.13872,0.16936,0.44808
0.08365,0.010841,0.0053673,0.023222,0.054893,0.029894,0.31085,0.21554,0.19309,0.072647
0.051642,0.0072002,0.0055581,0.0077537,0.12111,0.17521,0.10779,0.10226,0.38145,0.040034
0.013348,0,0.00036608,0.012292,0.092309,0.026491,0.014854,0.14162,0.6,0.098721
0,0,0.020417,0.3008,0.28978,0.32024,0.068754,0,0,0
0.026231,0.041475,0.017594,0.0093384,0.019867,0.0065946,0.040357,0.72477,0.10284,0.010933
0,0.088552,0.23149,0.36405,0.071682,0.13523,0.013889,0.095101,0,0
0.0087054,0.3949,0.43866,0.018388,0.011809,0.042828,0.067616,0.00027151,0.0093053,0.0075105
0,0.31846,0.47709,0.006841,0.075264,0.056006,0.04721,0.0078955,0.0051606,0.0060707
0.019112,0.0099695,0.0015608,0.023457,0.10685,0.017819,0.009756,0.012636,0.55371,0.24513
0.01186,0.00055667,0.0099749,0.044123,0.0421,0.0093474,0.14873,0.12199,0.3042,0.30711
0.0054679,0.00028989,0.027234,0.0027786,0.12276,0.21144,0.074292,0.22569,0.32272,0.0073203
0.00078097,0,0.001043,0.0037583,0.040604,0.021536,0.0027689,0.018479,0.61722,0.29381
0,0.0035529,0.039443,0.18682,0.44482,0.21073,0.082398,0.021519,0.0075211,0.0031974
0.034118,0.30143,0.25763,0.29013,0.053405,0.04159,0.010956,0.010749,0,0
0.0058508,0.017439,0.0013817,0.001152,0.061602,0.19701,0.14613,0.067159,0.34478,0.15749
0.66534,0.26168,0.0004285,0.00036852,0.040538,0.018656,0.0034901,0.0040538,0.0011742,0.0042646
0.12153,0.31047,0.12977,0.045282,0.16626,0.016569,0.018278,0.028525,0.053484,0.10984
0.10043,0.0028031,0.058229,0.22729,0.038407,0.29453,0.24929,0.01216,0.0082389,0.008626
0.017689,0.025407,0.004835,0.010698,0.14673,0.14076,0.060659,0.37826,0.15549,0.059473
0.012633,0.08594,0.024491,0.15525,0.17429,0.19434,0.014589,0.049162,0.21681,0.072491
0.010137,0.089849,0.0085889,0.1274,0.045844,0.029788,0.025641,0.17075,0.19651,0.2955
0.018775,0.0059376,0.00098221,0.02733,0.048463,0.028308,0.011397,0.010025,0.044277,0.8045
0.021391,0.0076942,0.0085287,0.018133,0.037418,0.023125,0.031918,0.1559,0.21515,0.48074
0.015994,0.0087217,0.0063436,0.0090312,0.035934,0.10254,0.16645,0.2097,0.27113,0.17416
0.14087,0.17304,0.1709,0.084914,0.022307,0.10908,0.14578,0.11904,0.02698,0.0070855
0.051055,0.018739,0.057304,0.185,0.11627,0.12204,0.11965,0.10021,0.078454,0.15129
0.28742,0.24369,0.05903,0.095749,0.19293,0.0049517,0.030374,0.022484,0.015371,0.048001
0,0.0034342,0.015399,0.047138,0.23841,0.33678,0.029765,0.30256,0.0028102,0.023708
0.257,0.3945,0.17775,0.074208,0.030072,0,0.0019555,0.0013125,0.0044264,0.058772
0.062361,0.036095,0.22294,0.055502,0.15498,0.31608,0.12481,0.014027,0.0074069,0.0057919
0.00098603,0,0.0088791,0.0032021,0.087436,0.46267,0.21447,0.21236,0.004225,0.0057682
0.0025605,0.052777,0.01101,0,0,0.038617,0.0076214,0.051421,0.58218,0.25381
0.077967,0.096058,0.13965,0.092233,0.32963,0.14588,0.080965,0.021101,0.016252,0.00027023
0.065598,0.03785,0.27797,0.28117,0.057247,0.13186,0.12474,0.0053929,0,0.018165
0.058279,0.05789,0.033495,0.061702,0.1763,0.12262,0.071234,0.11304,0.16481,0.14063
0.017572,0.080474,0.020233,0.10538,0.21468,0.12399,0.044246,0.01435,0.17793,0.20114
0.0094774,0.077701,0.17427,0.073633,0.18277,0.16988,0.057811,0.079688,0.11558,0.059192
0.096155,0.074517,0.10234,0.070402,0.16906,0.24099,0.17507,0.062674,0.0057841,0.0030102
0.020404,0.018461,0.020003,0.11624,0.28428,0.30144,0.027487,0.046259,0.13851,0.026923
0.067303,0.085861,0.10592,0.20341,0.17781,0.21346,0.014309,0.018228,0.1018,0.011902
0.020043,0.026218,0.094054,0.1434,0.10666,0.11555,0.19245,0.097237,0.068495,0.13588
0.0071523,0.056959,0.034373,0.13323,0.13866,0.21893,0.15687,0.13155,0.060288,0.061984
0.071545,0.037255,0.079729,0.096265,0.20061,0.25834,0.19628,0.023987,0.021425,0.014568
0.018919,0.069667,0.026117,0.12021,0.20642,0.1465,0.17112,0.051248,0.050241,0.13955
0.089016,0.040607,0.060454,0.08505,0.12411,0.17915,0.090012,0.14341,0.045687,0.14251
0.66832,0.12433,0.028934,0.023652,0.031637,0.049344,0.03886,0.029789,0.0042854,0.00084583
0.02448,0.096179,0.021268,0.014495,0.047444,0.060651,0.081513,0.20409,0.19861,0.25127
0.0071432,0.032931,0.0050465,0.0054103,0.0020352,0.0026615,0.053862,0.65032,0.13195,0.10864
0.010842,0.00059196,0.10807,0.11297,0.0077357,0.019195,0.0036735,0.014657,0.39942,0.32284
0.020566,0.011616,0.024835,0.016244,0.018061,0.10765,0.19306,0.13478,0.15334,0.31985
0.0091621,0.069102,0.12558,0.1638,0.18015,0.20828,0.11578,0.017298,0.022464,0.088378
0.1949,0.24796,0.11029,0.099711,0.10427,0.089038,0.042071,0.051122,0.034834,0.025807
0.06113,0.1708,0.19463,0.11465,0.12699,0.10653,0.089034,0.079262,0.027703,0.029266
0.0052205,0.02121,0.0045512,0.028957,0.035798,0.036437,0.068644,0.49071,0.19911,0.10936
0.22514,0.14465,0.26945,0.14746,0.068605,0.046589,0.015925,0.012691,0.041332,0.028158
0.00685,0.009607,0.060127,0.011267,0.090399,0.12528,0.024152,0.22282,0.22799,0.2215
0.67417,0.16828,0.05016,0.044394,0.0087172,0.0054944,0.044412,0.00021829,0,0.0041602
0.15564,0.2456,0.32667,0.19516,0.029929,0.034468,0.0073396,0.0017583,0.0016305,0.0017995
0.14865,0.27741,0.3053,0.065887,0.11137,0.027527,0.0045985,0.0158,0.036394,0.0070672
0.080144,0.10509,0.3408,0.1559,0.038486,0.13762,0.048368,0.039536,0.027305,0.026757
0.013707,0.014865,0.016202,0.016736,0.13827,0.37557,0.32064,0.033601,0.03497,0.035435
0.093539,0.10419,0.25587,0.4551,0.062414,0.0094571,0,0.014919,0.0045066,0
0.086489,0.049018,0.091096,0.18487,0.043418,0.18417,0.095454,0.18418,0.042998,0.038309
0,0.036458,0.13824,0.1489,0.099991,0.12289,0.16813,0.21404,0.04914,0.022202
0.48389,0.2401,0.031676,0.021484,0.067924,0.0018661,0.0423,0.037208,0.058798,0.014752
0.06696,0.045438,0.10463,0.048169,0.056683,0.21246,0.26302,0.074744,0.053853,0.074041
0.0059667,0.0060333,0.032892,0.0017772,0.027865,0.061194,0.01807,0.11292,0.43014,0.30314
0.023454,0.043267,0.0062951,0.0089641,0.067476,0.042397,0.059644,0.050228,0.10856,0.58971
0,0.002118,0,0.0015448,0.004326,0.016419,0.063895,0.29924,0.37664,0.23582
0.05135,0.12123,0.0026046,0.0019334,0.013274,0.0092331,0.020699,0.063995,0.50174,0.21394
0.0043608,0.018579,0.073033,0.0061516,0.052679,0.0074868,0.02895,0.071209,0.17179,0.56576
0.07289,0.025299,0.13126,0.15347,0.19454,0.088659,0.08373,0.036405,0.19496,0.018782
0.054979,0.089827,0.11253,0.11025,0.46426,0.13782,0.01329,0.0085771,0.0068539,0.0016126
0.14754,0.0093313,0.0059922,0.0052867,0.025033,0.02975,0.061445,0.25506,0.29706,0.1635
0.25251,0.60642,0.067179,0.011675,0.024096,0.0043305,0.016974,0.003001,0.013819,0
0.018361,0.016434,0.0038129,0.07648,0.11431,0.2286,0.13753,0.16796,0.11978,0.11675
