0.078717,0.058869,0.032875,0.088143,0.33513,0.18239,0.1504,0.052758,0.016108,0.0046146
0.00061557,0.0026478,0,0.0011113,0.018503,0.0099673,0.022662,0.056621,0.36341,0.52446
0,0.004671,0.0055385,0.0075176,0.01299,0.039672,0.044071,0.14138,0.42344,0.32072
0.080127,0.087908,0.16502,0.081454,0.049952,0.049366,0.21432,0.20917,0.023823,0.038851
0.059514,0.015634,0.062966,0.2707,0.15996,0.063678,0.041933,0.038814,0.1615,0.12531
0.042758,0.38739,0.23953,0.11696,0.070121,0.07257,0.02332,0.022335,0.014024,0.010995
0.35765,0.1819,0.086042,0.12569,0.047534,0.032015,0.021999,0.0084658,0.12183,0.01688
0.14906,0.2766,0.12467,0.13805,0.088416,0.076665,0.030828,0.044656,0.048047,0.022996
0.096178,0.085858,0.12029,0.10519,0.14233,0.14835,0.085588,0.10246,0.069277,0.044472
0.027546,0.043569,0.089219,0.23734,0.16953,0.30667,0.083919,0.014962,0.018609,0.0086296
0.0523,0.059759,0.05007,0.14071,0.29305,0.21781,0.10575,0.043452,0.028955,0.0081466
0.064805,0.099811,0.10591,0.018569,0.14326,0.188,0.090768,0.066338,0.086361,0.13617
0.015861,0.039478,0.08156,0.066562,0.1027,0.15695,0.14615,0.18436,0.089536,0.11685
0.026381,0.088113,0.046819,0.16255,0.23915,0.19432,0.14021,0.020023,0.055489,0.026943
0.043883,0.068118,0.13693,0.058572,0.12134,0.18119,0.21633,0.15102,0.017535,0.0050768
0.019145,0.081025,0.014604,0.073905,0.11502,0.16207,0.13051,0.15637,0.13265,0.11471
0.080736,0.091751,0.072786,0.12877,0.070803,0.08967,0.19408,0.20386,0.038674,0.028866
0.043735,0.10584,0.1101,0.18989,0.27392,0.053864,0.032905,0.048493,0.082622,0.05864
0.045542,0.044601,0.033807,0.10832,0.15194,0.14986,0.10614,0.14928,0.098743,0.11178
0.035933,0.086886,0.057613,0.072899,0.1111,0.13254,0.10321,0.14926,0.061314,0.18924
0.017474,0.025945,0.07118,0.058107,0.14237,0.17662,0.16675,0.10124,0.21832,0.021983
0.055829,0.21695,0.14632,0.081587,0.10581,0.074378,0.20001,0.095827,0.012323,0.010958
0.0095259,0.02376,0.19166,0.17095,0.25711,0.066429,0.043087,0.13603,0.068158,0.03329
0.039182,0.21184,0.40892,0.17906,0.029055,0.015958,0.018535,0.028651,0.020951,0.047851
0.069253,0.048573,0.076052,0.11034,0.16723,0.30634,0.055492,0.10214,0.027389,0.0372
0.0106,0.077314,0.013687,0.041176,0.099579,0.55486,0.060881,0.085807,0.042438,0.013658
0.01893,0.0012232,0.11978,0.15645,0.13821,0.14495,0.16516,0.0942,0.075507,0.085599
0,0.0152,0.026839,0.023532,0.078418,0.14432,0.19196,0.30169,0.153,0.065041
0.035299,0.082962,0.083221,0.053148,0.050022,0.078684,0.11876,0.2701,0.15335,0.074446
0.046208,0.1406,0.1823,0.035182,0.070648,0.043701,0.085864,0.22907,0.098559,0.067866
0.0019049,0.0016174,0.013684,0.025012,0.065417,0.074876,0.086582,0.16913,0.42569,0.13608
0,0,0,0.0042367,0.043653,0.026659,0.15562,0.11375,0.28591,0.37017
0,0,0.058446,0.27529,0.16933,0.31264,0.17672,0.0036856,0.0011901,0.0026939
0.10442,0.41174,0.11957,0.020341,0.017087,0.0085756,0.0038635,0.076613,0.12838,0.10941
0.41267,0.27199,0.1878,0.032053,0.037367,0.030559,0.022314,0.00076511,0.0015776,0.0029105
0.059389,0.15363,0.092509,0.011448,0.03013,0.038796,0.067039,0.039526,0.16186,0.34567
0.012545,0.0072222,0.025555,0.0090102,0.031976,0.013959,0.014979,0.036667,0.79721,0.050877
0.024567,0.0015731,0.0036313,0.0080988,0.16522,0.5625,0.209,0.017899,0.0070852,0.00042257
0.40775,0.20311,0.13734,0.025806,0.032893,0.049099,0.067885,0.049665,0.012313,0.014138
0.013063,0,0.001788,0,0.022426,0.014723,0.0054948,0.0053769,0.24074,0.69639
0.19937,0.12339,0.070917,0.095933,0.12402,0.17098,0.10346,0.048378,0.039045,0.024509
0.049984,0.030913,0.019513,0.027204,0.13101,0.090921,0.085613,0.19191,0.20404,0.16889
0.11863,0.021727,0.026645,0.3821,0.22049,0.10504,0.050211,0.031971,0.027644,0.015537
0.18297,0.033685,0.0028694,0.065266,0.14533,0.27085,0.058102,0.050991,0.18284,0.0070993
0.00082697,0.0086573,0.0097307,0.029668,0.092239,0.13394,0.25577,0.1889,0.076815,0.20345
0.03565,0.43127,0.26566,0.07071,0.11539,0.02248,0.036524,0.0070548,0,0.015268
0.14937,0.091554,0.10258,0.18022,0.17067,0.09574,0.082104,0.055987,0.035019,0.036762
0.2118,0.66262,0.096406,0,0.0071358,0.012401,0,0,0.0030713,0.006571
0.025186,0.050569,0.11886,0.060851,0.21175,0.18449,0.24154,0.069312,0.026577,0.010865
0.0030901,0,0,0.0068653,0.19712,0.10482,0.45854,0.22264,0.0069272,0
0.030788,0.27477,0.60935,0.053363,0.022063,0.0014831,0.0013898,0.0041124,0,0.002679
0.15735,0.16248,0.14095,0.12114,0.077267,0.042115,0.064757,0.092418,0.11948,0.022045
0.24385,0.097135,0.1032,0.1871,0.13705,0.078375,0.095126,0.038791,0.012645,0.0067303
0.14591,0.00097986,0.011399,0.13873,0.4014,0.17166,0.054311,0.025543,0.028274,0.02179
0.10346,0.0096958,0.089264,0.21765,0.060318,0.15634,0.11463,0.17406,0.0075874,0.066996
0.0043592,0.0084866,0.077209,0.21651,0.29827,0.27477,0.094253,0.020808,0.0044382,0.00090327
0.21433,0.11885,0.05137,0.080736,0.072139,0.027448,0.063788,0.20287,0.094781,0.073697
0.54379,0.13016,0.05618,0.033514,0.096315,0.022872,0.013467,0.076148,0.022341,0.0052183
0.19887,0.22506,0.15007,0.071031,0.14452,0.10295,0.019931,0.035074,0.037813,0.014674
0.11518,0.11561,0.094308,0.22814,0.12976,0.053614,0.041358,0.04921,0.11358,0.059252
0.032361,0.072928,0.067764,0.15215,0.2055,0.13427,0.083369,0.10215,0.047181,0.10232
0.11842,0.18515,0.057666,0.16214,0.15644,0.14401,0.082383,0.017063,0.014177,0.062554
0.024107,0.017569,0.085448,0.056605,0.22024,0.11227,0.065562,0.053668,0.18126,0.18327
0.11542,0.31417,0.049534,0.06656,0.07463,0.060178,0.034613,0.042878,0.12072,0.12129
0.013196,0.028478,0.092363,0.20376,0.10466,0.10135,0.13365,0.18075,0.10693,0.034873
0.035823,0.056476,0.037554,0.083734,0.096203,0.1231,0.31924,0.15588,0.036375,0.055614
0.047716,0.035541,0.069595,0.12558,0.077053,0.057527,0.10993,0.19322,0.093511,0.19032
0.045399,0.053841,0.052226,0.062834,0.13449,0.064983,0.084914,0.14206,0.13472,0.22453
0.23473,0.094018,0.052932,0.065216,0.15785,0.089985,0.061224,0.17059,0.045637,0.027819
0.020017,0.086447,0.39936,0.25612,0.04169,0.021547,0.068543,0.044358,0.038518,0.023406
0.25866,0.22489,0.14298,0.06002,0.091843,0.086741,0.092833,0.028918,0.010245,0.0028705
0.29665,0.17242,0.21005,0.097359,0.083493,0.056918,0.026571,0.014418,0.0019697,0.040151
0.021173,0.03395,0.15466,0.023804,0.089125,0.035098,0.065448,0.11248,0.15488,0.30938
0.003913,0.0091401,0.024858,0.1765,0.19853,0.15658,0.16821,0.029798,0.024693,0.20777
0.0096296,0.011094,0.05904,0.066261,0.028447,0.038804,0.2583,0.23727,0.27305,0.018107
0.14525,0.093509,0.13318,0.057483,0.061259,0.058282,0.070381,0.054527,0.072377,0.25375
0,0.00029041,0,0.0022919,0.014551,0.014274,0.054269,0.13102,0.2326,0.55071
0.075582,0.089353,0.13379,0.068435,0.10095,0.04112,0.12934,0.19354,0.1271,0.040793
0,0,0.00026356,0,0.0050612,0.0060195,0,0.091358,0.31187,0.58543
0,0,0.00028368,0.0014208,0.00046039,0.0049946,0.056433,0.42658,0.38326,0.12657
0,0,0,0.00345,0.0026241,0.012482,0.10311,0.6742,0.16996,0.034173
0.21629,0.067699,0.12799,0.14854,0.086195,0.05357,0.28461,0.0018566,0.0053664,0.0078871
0.09741,0.10931,0.058103,0.099659,0.45072,0.13718,0.010368,0.024359,0.004555,0.0083283
0,0,0,0.0076324,0.0003313,0.0023911,0.012593,0.063835,0.4353,0.47792
0.011639,0.014586,0.011459,0.022233,0.074006,0.13237,0.34155,0.24332,0.061416,0.087418
0.5196,0.23096,0.090607,0.03254,0.029709,0.039789,0.015022,0.013835,0.0046983,0.023235
0.074576,0.044333,0.082471,0.23534,0.10445,0.066777,0.14427,0.076077,0.084054,0.087661
0.15724,0.066921,0.16764,0.15475,0.048269,0.15331,0.033757,0.046361,0.058262,0.11349
0,0,0,0,0.0096147,0.0054574,0.042925,0.13775,0.1579,0.64635
0.072534,0.11301,0.084743,0.081221,0.17348,0.26071,0.034102,0.01619,0.045879,0.11813
0.00042973,0.0018996,0.0092043,0.0010483,0.017013,0.026393,0.091807,0.21726,0.12706,0.50789
0.0013569,0.0084053,0.022116,0.026532,0.023346,0.013065,0.014043,0.030419,0.10765,0.75307
0.39518,0.31845,0.10597,0.020684,0.023805,0.041936,0.032715,0.035959,0.0085654,0.016737
0.43457,0.28768,0.011871,0.012127,0.024449,0.01703,0.058101,0.044423,0.02761,0.082143
0.48199,0.29309,0.032855,0.047372,0.027751,0.038037,0.035261,0.011769,0.023198,0.0086724
0.077547,0.043476,0.11755,0.057731,0.35064,0.33255,0.0032234,0.011877,0.0046294,0.00077287
0.19475,0.47577,0.039643,0.027102,0.076261,0.088396,0.041413,0.035202,0.0073498,0.014118
0.42325,0.15592,0.024448,0.042076,0.067666,0.109,0.063814,0.067508,0.028751,0.017563
0.10875,0.12814,0.085931,0.23598,0.17311,0.12648,0.058059,0.03923,0.014098,0.03022
0.34703,0.23954,0.12243,0.086832,0.023083,0.064174,0.016099,0.016714,0.048521,0.035566
0.055373,0.15924,0.22042,0.042757,0.052387,0.1437,0.080533,0.091657,0.11725,0.036688
0.043259,0.10111,0.10689,0.15085,0.12055,0.11836,0.10066,0.044253,0.095554,0.11851
0.098468,0.044907,0.11464,0.14359,0.20065,0.20366,0.033262,0.055011,0.027501,0.078319
0.074969,0.15017,0.11811,0.078251,0.084177,0.14241,0.03873,0.033952,0.046092,0.23314
0.022904,0.06765,0.085815,0.24826,0.22321,0.097761,0.054668,0.096247,0.05541,0.048083
0.065792,0.15542,0.11287,0.086311,0.074302,0.049889,0.065554,0.12308,0.15982,0.10696
0.1317,0.095997,0.075363,0.064396,0.25507,0.075228,0.072953,0.10702,0.032416,0.089855
