0.049684,0.023902,0.010358,0.00055204,0.14499,0.16713,0.1333,0.23576,0.17716,0.057167
0.0067245,0.032098,0.0058201,0.029511,0.033133,0.029947,0.027031,0.36226,0.25179,0.22168
0.19467,0.16906,0.33092,0.070609,0.053147,0.02931,0.022448,0.046034,0.03189,0.051917
0.12813,0.33016,0.13219,0.10369,0.075431,0.051463,0.026298,0.073667,0.046878,0.032098
0.011932,0.060483,0.029917,0.18595,0.17778,0.17868,0.1745,0.095468,0.040674,0.04462
0.05675,0.014084,0.091061,0.14834,0.29442,0.18432,0.12109,0.07333,0.0071977,0.009411
0.021056,0.020748,0.045763,0.096845,0.11021,0.17004,0.071056,0.17894,0.13956,0.14578
0.051823,0.052557,0.060808,0.066798,0.22,0.16433,0.084241,0.082469,0.094748,0.12223
0.054666,0.10798,0.17825,0.11889,0.1411,0.086315,0.12675,0.066212,0.10259,0.017243
0.11946,0.15009,0.086907,0.05589,0.12139,0.1773,0.050776,0.075885,0.0528,0.1095
0.039775,0.16686,0.025394,0.091918,0.066299,0.14582,0.083555,0.15339,0.056431,0.17055
0.011243,0.075303,0.11731,0.22882,0.076153,0.16253,0.050709,0.11882,0.11231,0.046812
0.038672,0.10753,0.11579,0.084903,0.13312,0.27614,0.13547,0.086308,0.017102,0.004963
0.022531,0.023895,0.046415,0.032065,0.095101,0.065398,0.051482,0.084749,0.13683,0.44154
0.036718,0.072447,0.043413,0.084569,0.065196,0.11759,0.11003,0.24446,0.16978,0.0558
0.0072085,0.015982,0.043836,0.0172,0.046936,0.037248,0.084987,0.18798,0.38918,0.16944
0.024081,0.11659,0.43107,0.10731,0.04342,0.0050708,0.032411,0.13285,0.066009,0.041193
0.074,0.29983,0.055449,0.09194,0.091367,0.051215,0.1379,0.068339,0.028216,0.10174
0.0077709,0.0040603,0.035056,0.013563,0.033561,0.029295,0.0034776,0.028471,0.23758,0.60717
0.058216,0.0036818,0.0027263,0.0088373,0.070502,0.046568,0.043312,0.30287,0.26186,0.20144
0.13177,0.084319,0.016043,0.060967,0.19285,0.05519,0.1754,0.17499,0.079365,0.029108
0.082202,0.013509,0.019463,0.11401,0.1408,0.34715,0.038468,0.10857,0.10197,0.033855
0.0013457,0.017165,0.074855,0.09267,0.19232,0.1523,0.082632,0.17888,0.026228,0.1816
0.24551,0.2224,0.333,0.1388,0.034817,0.0085489,0.0013078,0,0.0096589,0.0059644
0,0,0,0.011783,0.15528,0.062699,0.43758,0.32014,0.012516,0
0.15887,0.69265,0.077112,0.021694,0.030265,0.0093045,0.00076414,0,0,0.009348
0.15563,0.0010637,0.025623,0.30949,0.28542,0.1282,0.040071,0.013696,0.021529,0.019274
0.037833,0.13469,0.035955,0.017062,0.36468,0.20602,0.093659,0.030663,0.02075,0.058686
0.49973,0.091663,0.050839,0.041821,0.043083,0.082236,0.02363,0.048008,0.092726,0.026266
0.074179,0.23622,0.10388,0.24826,0.073855,0.068573,0.037737,0.03805,0.052755,0.066488
0.020585,0.038475,0.11875,0.10476,0.24601,0.15926,0.04665,0.060901,0.17194,0.032676
0.033427,0.059369,0.20155,0.17483,0.1286,0.11289,0.077828,0.035809,0.069162,0.10654
0.018174,0.033804,0.12545,0.14178,0.16885,0.20562,0.13977,0.099214,0.046417,0.020917
0.059325,0.037245,0.07185,0.055188,0.13374,0.10748,0.041451,0.25891,0.15315,0.081655
0.06109,0.10353,0.19503,0.19193,0.084568,0.042317,0.056125,0.1499,0.072406,0.043102
0.23739,0.11543,0.097737,0.081333,0.10534,0.14006,0.11307,0.053648,0.042313,0.013674
0.0025056,0.029765,0.11856,0.018812,0.073522,0.1739,0.073287,0.16849,0.21572,0.12543
0.013682,0.040709,0.043202,0.09237,0.13307,0.050714,0.13361,0.22513,0.15765,0.10986
0.013921,0.0188,0.0077429,0.03392,0.097186,0.069743,0.047383,0.17949,0.22862,0.30319
0,0,0.00027001,0.0023072,0.00047863,0.0079259,0.0032903,0.23582,0.50697,0.24294
0.05836,0.075107,0.058741,0.041474,0.067042,0.099655,0.2069,0.24142,0.04928,0.10202
0.01584,0.022042,0.018164,0.0030732,0.028333,0.33921,0.24177,0.06661,0.14978,0.11518
0.30777,0.16071,0.053492,0.058473,0.038941,0.069691,0.13667,0.11501,0.013332,0.04591
0.14081,0.044251,0.028195,0.09296,0.29772,0.099788,0.069894,0.10634,0.069723,0.050309
0,0,0.00031889,0.00077672,0.0057307,0.094277,0.18274,0.046504,0.27321,0.39644
0.00080301,0,0.00011007,0.0034149,0.0070605,0.0049498,0.033848,0.14854,0.12057,0.68071
0.39583,0.38813,0.087394,0.086942,0.019518,0.010861,0.0090224,0,0,0.0023078
0.1456,0.058704,0.086137,0.33917,0.31132,0.042338,0.007565,0.0020377,0.00531,0.0018161
0.47383,0.11781,0.048368,0.025534,0.064115,0.10905,0.056137,0.055181,0.021112,0.02886
0.14745,0.19453,0.15061,0.12781,0.063164,0.089425,0.027251,0.020184,0.01882,0.16075
0.082403,0.022043,0.09748,0.10651,0.11815,0.16038,0.1991,0.058632,0.051804,0.10351
0.11315,0.037363,0.062374,0.081482,0.23486,0.18118,0.096497,0.03889,0.092769,0.061431
0.07519,0.061687,0.094161,0.18565,0.19284,0.035764,0.052097,0.1035,0.11306,0.086046
