0.026145,0.0093858,0.033553,0.028281,0.022851,0.075693,0.046587,0.12353,0.30192,0.33205
0.035789,0.062745,0.07563,0.19798,0.10405,0.098499,0.057618,0.080779,0.14635,0.14057
0.10044,0.11511,0.21312,0.071705,0.11383,0.1655,0.10623,0.079998,0.021477,0.012596
0.065245,0.056923,0.27384,0.10831,0.12929,0.083772,0.11165,0.055848,0.058433,0.05669
0.064061,0.12093,0.12837,0.069522,0.13315,0.10636,0.16516,0.086309,0.095915,0.030221
0.069084,0.18187,0.14987,0.06776,0.17368,0.078735,0.077214,0.15731,0.027802,0.016676
0.17463,0.07983,0.1981,0.0701,0.040187,0.16016,0.086768,0.10944,0.059418,0.021369
0.031907,0.026815,0.079426,0.13473,0.097792,0.41178,0.13335,0.03094,0.045778,0.0074809
0.0081374,0.012474,0.033332,0.026222,0.059906,0.18773,0.32014,0.13611,0.077827,0.13812
0.033883,0.052896,0.031918,0.09957,0.099986,0.086243,0.32528,0.16765,0.065491,0.037085
0.035068,0.05,0.084485,0.10035,0.16122,0.1725,0.15078,0.13679,0.085363,0.02344
0.031973,0.03551,0.039264,0.045695,0.17063,0.14897,0.28808,0.10895,0.093898,0.037039
0.030398,0.014287,0.0367,0.14134,0.09554,0.21906,0.19069,0.13073,0.089983,0.05127
0.12451,0.065188,0.12622,0.13653,0.12041,0.12375,0.099588,0.094586,0.080489,0.028737
0.12622,0.071778,0.27616,0.20821,0.077506,0.12595,0.039269,0.043136,0.031774,0
0.20933,0.37862,0.076023,0.072342,0.058082,0.096867,0.049875,0.030974,0.01956,0.0083307
0.17669,0.30091,0.038224,0.043183,0.10236,0.062572,0.10494,0.036634,0.071715,0.062772
0.031879,0.1256,0.088274,0.061213,0.17016,0.10911,0.17104,0.030907,0.051174,0.16064
0.054214,0.042567,0.15925,0.13207,0.24244,0.10882,0.064534,0.087031,0.050076,0.05899
0.037566,0.039515,0.11826,0.14793,0.24914,0.17013,0.12474,0.05966,0.043702,0.0093681
0.12301,0.10885,0.064977,0.10562,0.11657,0.18604,0.16044,0.038525,0.04982,0.04614
0.063912,0.054694,0.20371,0.22743,0.13914,0.086422,0.056184,0.061105,0.060443,0.046966
0.28451,0.1127,0.080622,0.022225,0.083354,0.16121,0.11306,0.047549,0.040786,0.053985
0.079396,0.019383,0.022696,0.034557,0.021827,0.022129,0.021268,0.065966,0.3819,0.33088
0.086545,0.028449,0.038713,0.079983,0.023557,0.11434,0.15489,0.087825,0.30298,0.082723
0.00064274,0.056294,0.1101,0.39675,0.09071,0.28084,0.031506,0.022813,0.00058018,0.0097765
0.29366,0.65725,0.024917,0.0066984,0.011093,0.0033324,0.0014653,0,0,0.0015875
0.42086,0.32278,0.10864,0.039852,0.011569,0.075145,0.0096525,0.0017921,0.0097111,0
0.23376,0.38022,0.070355,0.15792,0.071877,0.047545,0.016005,0.0094763,0,0.012841
0.15345,0.31662,0.20507,0.073756,0.10481,0.049223,0.019427,0.027513,0.029071,0.021059
0.24628,0.084398,0.13646,0.1258,0.19131,0.098138,0.048967,0.015967,0.027593,0.025081
0.093494,0.052793,0.14205,0.23086,0.17206,0.22425,0.025075,0.032618,0.021987,0.00481
0,0.0068246,0.0030609,0.03175,0.13805,0.34434,0.21282,0.12197,0.10349,0.037702
0.5772,0.28462,0.051249,0.023667,0.046752,0.0071736,0.0039681,0,0,0.0053656
0.24135,0.53148,0.020355,0.032043,0.14253,0.002664,0.012385,0,0,0.017185
0.024742,0.017248,0.0092134,0.059785,0.19026,0.13151,0.043025,0.12756,0.34183,0.05482
0.018539,0.0049132,0.0029622,0.004827,0.0053343,0.054918,0.25159,0.11604,0.16858,0.37229
0.069712,0.027857,0.0067605,0.057005,0.35757,0.35572,0.033242,0.030945,0.052612,0.008578
0,0,0,0.0088437,0.049712,0.081288,0.063684,0.040005,0.73822,0.018252
0.014085,0.29713,0.13343,0.049098,0.17541,0.19461,0.10303,0.010485,0.0076357,0.015091
0.023301,0.011487,0.039544,0.026345,0.25123,0.34498,0.2649,0.024316,0.010794,0.0030954
0.002931,0.012428,0.03489,0.094676,0.47694,0.34735,0.018855,0.0062593,0,0.0056691
0.75954,0.069485,0.020869,0.039545,0.078334,0.00011412,0.0011562,0.010291,0.0018308,0.018835
0.014023,0.016484,0.0024916,0.012975,0.019966,0.16502,0.57222,0.15857,0.036714,0.0015346
0.47215,0.048875,0.016817,0.048239,0.020289,0.036952,0.080233,0.029085,0.093395,0.15396
0.00022317,0.01155,0.0068564,0.052078,0.33033,0.14572,0.23813,0.16879,0.028088,0.018234
0.085628,0.048388,0.17974,0.50599,0.08469,0.013346,0.011306,0.014145,0.054503,0.0022602
0.030321,0.0090876,0.025745,0.070377,0.35404,0.3299,0.10742,0.040279,0.027085,0.0057444
0.012348,0.0080667,0.068579,0.32491,0.040619,0.14546,0.30033,0.050363,0.035486,0.013843
0.17943,0.037801,0.032666,0.034601,0.041898,0.10103,0.16012,0.23492,0.11474,0.062786
0.29569,0.21731,0.16871,0.10573,0.063159,0.017134,0.0075249,0.017063,0.036341,0.071333
