0.1311,0.09675,0.10438,0.13493,0.16537,0.1128,0.063953,0.043883,0.09778,0.049052
0.10018,0.10326,0.12496,0.11234,0.20625,0.12813,0.057664,0.060221,0.05857,0.048422
0.099096,0.045455,0.059842,0.069388,0.13481,0.17802,0.20383,0.13787,0.042096,0.029601
0.12753,0.089196,0.28025,0.055405,0.079118,0.11319,0.078797,0.074701,0.06292,0.038884
0.042792,0.028958,0.042531,0.091632,0.08792,0.27067,0.23129,0.11569,0.069798,0.018715
0.01624,0.056267,0.077894,0.08862,0.21137,0.075243,0.16234,0.10427,0.11035,0.097417
0.020839,0.07756,0.032534,0.041572,0.23946,0.23159,0.12508,0.09388,0.1142,0.023294
0.096965,0.23643,0.19384,0.053221,0.12426,0.09256,0.070552,0.042215,0.071983,0.017974
0.044767,0.27359,0.10285,0.12097,0.097851,0.059353,0.025175,0.044323,0.059455,0.17166
0.04122,0.11533,0.14018,0.28207,0.035434,0.066463,0.05267,0.052122,0.090536,0.12398
0.1051,0.077285,0.050612,0.20157,0.17447,0.10689,0.071155,0.047755,0.08198,0.083182
0.11093,0.09331,0.057932,0.067731,0.10087,0.065269,0.10322,0.11313,0.19105,0.096559
0.11554,0.039562,0.065636,0.075522,0.079879,0.20861,0.09625,0.1784,0.11299,0.027611
0.79225,0.096413,0.031242,0.0084826,0.012168,0.029102,0.011196,0.0067444,0.0098114,0.0025885
0.24151,0.25258,0.15059,0.12452,0.1304,0.040269,0.03531,0.012667,0.010345,0.0018077
0.066405,0.17511,0.056841,0.081511,0.28261,0.16886,0.044712,0.066561,0.024944,0.032438
0.020972,0.032876,0.12658,0.41306,0.17535,0.12134,0.039048,0.032526,0.023323,0.014931
0.098066,0.052374,0.11638,0.232,0.20314,0.15533,0.10099,0.0088382,0.0095949,0.023299
0.066431,0.010129,0.0233,0.031733,0.018206,0.16185,0.43597,0.13002,0.084097,0.03827
0.020042,0.00094248,0.013162,0,0.077852,0.042466,0.039168,0.060991,0.14091,0.60447
0.010878,0.0012516,0.0053053,0.036089,0.44749,0.43827,0.044883,0.015831,0,0
0.042348,0.16816,0.31575,0.15349,0.11116,0.14718,0.0088283,0.027749,0.025336,0
0.0060523,0.042809,0.16652,0.20165,0.036855,0.072577,0.080605,0.17333,0.14044,0.079161
0.0035742,0.023959,0.11963,0.37454,0.42632,0.032583,0.016417,0.0029789,0,0
0.0059253,0.029148,0.11919,0.24318,0.024354,0.11089,0.33552,0.11358,0.013301,0.0049236
