0.040639,0.038624,0.52257,0.20832,0.052429,0.040436,0.037713,0.037982,0.015323,0.0059677
0.010037,0.03858,0.22423,0.52427,0.16182,0.01207,0.0089683,0.013155,0.0058314,0.0010416
0.044649,0.02882,0.035528,0.00604,0.035944,0.086365,0.059942,0.090801,0.24562,0.36629
0.02002,0.02724,0.064874,0.23286,0.24768,0.10329,0.18501,0.087911,0.019613,0.0115
0.028825,0.017812,0.021013,0.48519,0.39609,0.034443,0.015922,0.00071009,0,0
0.0088708,0.023763,0.037691,0.29727,0.23942,0.36016,0.027165,0.0056565,0,0
0,0.0031993,0.020603,0.62978,0.2844,0.038219,0.0088003,0.0058994,0.0024743,0.0066291
0.042449,0.097739,0.30241,0.11145,0.2713,0.047619,0.049759,0.0073692,0.029291,0.040618
0.088962,0.023815,0.040572,0.051983,0.11193,0.096971,0.040474,0.041529,0.35138,0.15239
0.21829,0.70412,0.040754,0.01766,0.0079412,0,0,0.0031228,0.0037357,0.0043735
0.0050185,0.0078616,0.011199,0.00099076,0.014455,0.10384,0.56431,0.22035,0.056131,0.015852
0.36846,0.45668,0.057677,0.037686,0.028568,0.030659,0.0058521,0.0030811,0.0028585,0.0084789
0.010905,0.0035104,0.0034649,0.0038264,0.024055,0.084848,0.28377,0.19858,0.34731,0.039724
0.11855,0.10201,0.2746,0.2825,0.13202,0.016417,0.0081622,0.01813,0.015663,0.031949
0.019607,0.007303,0.0065587,0.0070111,0.044117,0.13032,0.18056,0.13712,0.42405,0.043345
0,0.010788,0.018899,0.080553,0.46146,0.22662,0.063903,0.063074,0.024632,0.05007
0.0051783,0,0.002864,0.0066506,0.063322,0.47431,0.41761,0.012699,0.0030825,0.014291
0.1162,0.069314,0.12748,0.17333,0.22817,0.1665,0.04734,0.06213,0.0080031,0.0015316
0.047682,0.22163,0.23931,0.086728,0.10301,0.18055,0.01397,0.0016858,0.023551,0.081881
0.0012318,0.035896,0.42296,0.11026,0.22063,0.17384,0.0082464,0.0097097,0.015892,0.0013268
0.0068991,0.036558,0.31896,0.22631,0.29767,0.097979,0.001777,0,0.013849,0
0.040071,0.13043,0.58827,0.085834,0.055336,0.069029,0.0038109,0.0016165,0.025599,0
0.036424,0.20924,0.097561,0.035632,0.29398,0.14021,0.076797,0.031524,0.02431,0.05432
0.20992,0.1811,0.025213,0.02167,0.18984,0.19574,0.02096,0.063281,0.034424,0.057848
0.022134,0.01667,0.077469,0.075865,0.22782,0.48852,0.020483,0.029368,0.030144,0.01152
0.24192,0.33651,0.18975,0.049343,0.0084464,0.021324,0.075495,0.06751,0.0022091,0.0074943
0.018779,0.03277,0.070949,0.26408,0.14337,0.27449,0.099958,0.054973,0.025163,0.015466
0.071573,0.084653,0.11072,0.18605,0.068867,0.21596,0.083967,0.069587,0.065656,0.042967
0.076061,0.093029,0.047282,0.062811,0.20775,0.21205,0.078033,0.092131,0.076792,0.054056
0.041409,0.088707,0.038711,0.10217,0.19055,0.12213,0.16712,0.093011,0.047219,0.10897
0.028016,0.019549,0.12923,0.15248,0.14467,0.15562,0.12598,0.088216,0.074782,0.081465
0.0053653,0,0.0083864,0.0076095,0.062403,0.093238,0.06997,0.21514,0.26271,0.27518
0.091627,0.078473,0.13337,0.12859,0.15515,0.16995,0.10336,0.048589,0.042071,0.04882
0.14152,0.21545,0.081182,0.12377,0.16633,0.088598,0.053582,0.055121,0.040068,0.034385
0.088846,0.09614,0.098672,0.17021,0.09455,0.089296,0.13878,0.11696,0.059785,0.046772
0.046178,0.07083,0.053214,0.10709,0.14399,0.15806,0.055241,0.18713,0.13792,0.040344
0.008842,0.017743,0.025373,0.17747,0.36878,0.21852,0.13532,0.027627,0.019887,0.00044287
0.0089238,0.011837,0.010443,0.023211,0.060038,0.13569,0.11907,0.11202,0.094934,0.42384
0.068293,0.065308,0.039399,0.04518,0.038692,0.061918,0.18791,0.072025,0.15226,0.26902
