0.084979,0.17352,0.053675,0.12389,0.13084,0.092969,0.17825,0.11615,0.041819,0.0039018
0.0073847,0.044024,0.074123,0.1027,0.27531,0.16711,0.12222,0.11992,0.041599,0.045611
0.015441,0.061061,0.17153,0.038542,0.1045,0.21553,0.025025,0.017963,0.088303,0.26209
0.038395,0.050255,0.032895,0.046716,0.07501,0.12235,0.03592,0.22029,0.22305,0.15512
0.031502,0.053942,0.13603,0.20992,0.13803,0.22933,0.086632,0.030685,0.036153,0.047771
0.042348,0.086042,0.095315,0.27902,0.25765,0.028092,0.052814,0.049207,0.045454,0.064055
0.0488,0.067017,0.040845,0.019209,0.077211,0.12465,0.10655,0.07118,0.21237,0.23217
0.083091,0.054594,0.037546,0.11065,0.10338,0.026681,0.11165,0.17081,0.1687,0.13289
0.084033,0.054152,0.21229,0.050171,0.18222,0.23597,0.090889,0.057635,0.025165,0.0074792
0.032554,0.080518,0.049575,0.030947,0.1388,0.35248,0.13534,0.12405,0.044687,0.011048
0.069915,0.067277,0.064324,0.062871,0.091485,0.051565,0.080687,0.10647,0.15626,0.24915
0.018861,0.11812,0.121,0.24531,0.15246,0.14155,0.11851,0.033332,0.034088,0.016776
0.058325,0.064253,0.11813,0.17138,0.20158,0.094386,0.078314,0.066449,0.050762,0.096429
0.039932,0.030103,0.11981,0.15131,0.28575,0.24184,0.082561,0.021858,0.0017136,0.025122
0.066608,0.20573,0.21298,0.10126,0.19343,0.047337,0.06042,0.049451,0.022605,0.040184
0.01299,0.02256,0.016614,0.092156,0.22386,0.23862,0.1369,0.072558,0.061107,0.12264
0.037509,0.076495,0.052588,0.031455,0.12584,0.19478,0.2523,0.066529,0.11105,0.051456
0.015166,0.054377,0.070102,0.065221,0.1542,0.14525,0.23416,0.21504,0.031208,0.015281
0.042527,0.049492,0.016593,0.082662,0.13058,0.12516,0.096371,0.10853,0.079442,0.26865
0.067631,0.017937,0.02838,0.0029987,0.0036796,0.091815,0.027765,0.037686,0.40738,0.31473
0.047406,0.030457,0.053991,0.05277,0.0092258,0.034369,0.046596,0.16335,0.30601,0.25583
0.43073,0.28043,0.085849,0.078936,0.058566,0.03089,0.017811,0.011074,0.0014907,0.0042253
0.060621,0.056375,0.0067232,0.063371,0.084934,0.073179,0.043521,0.056289,0.25927,0.29571
0.0039479,0.0010676,0.019195,0.059243,0.020893,0.65769,0.1199,0.10481,0.0083628,0.004892
0.012546,0.032155,0.10293,0.018558,0.0040033,0.076079,0.063644,0.14363,0.35343,0.19303
0.0020242,0.061857,0.030771,0.057373,0.1547,0.23231,0.22396,0.010423,0.21209,0.014501
0.6087,0.12198,0.065728,0.039214,0.028559,0.011665,0.018507,0.0081903,0.075969,0.021485
0.18986,0.54075,0.092613,0.034689,0.012733,0.025932,0.045997,0.011825,0.019565,0.026033
0.010009,0.020009,0.055821,0.059551,0.073104,0.05131,0.037696,0.096444,0.43685,0.15921
0.13499,0.41569,0.068167,0.15285,0.097926,0.036326,0.034125,0.025171,0.0067687,0.02798
0.015207,0.096339,0.064121,0.042046,0.043981,0.070954,0.093231,0.091744,0.30601,0.17637
0.81882,0.12096,0.0022025,0.036711,0.015399,0.003794,0.0012878,0.00060388,0,0.00022523
0.013156,0.032463,0.099686,0.12035,0.11255,0.12499,0.050499,0.16313,0.081936,0.20124
0.0043492,0.006799,0.014717,0.0084221,0.040033,0.046952,0.061376,0.32022,0.46019,0.036941
0.22468,0.035329,0.1307,0.085765,0.11829,0.072226,0.13013,0.11659,0.055262,0.031023
0,0.0033334,0.039241,0.070097,0.78507,0.055162,0.020542,0,0.026554,0
0.023765,0.082125,0.10638,0.069203,0.024041,0.015657,0.042069,0.083264,0.3422,0.21129
0.05634,0.034397,0.01486,0.091761,0.024709,0.054527,0.084949,0.16289,0.20963,0.26593
0.14097,0.050754,0.056666,0.10961,0.10894,0.070572,0.13945,0.075011,0.16788,0.080149
0,0.0047393,0.0086054,0.027837,0.12465,0.13494,0.13448,0.16058,0.23558,0.1686
0.028519,0.25909,0.024488,0.014492,0.0026026,0.017848,0.0092348,0.049684,0.087146,0.5069
0.33214,0.20242,0.16035,0.10184,0.027989,0.057223,0.024453,0.028834,0.064761,0
0.13928,0.45518,0.12598,0.052556,0.05507,0.00043851,0.042567,0.086695,0.02931,0.01292
0.084548,0.082994,0.049555,0.028947,0.0058038,0.016442,0.020077,0.0065899,0.073765,0.63128
0.71039,0.13035,0.015676,0.0091227,0.054052,0.024327,0.028315,0.011355,0.015922,0.00049435
0.01812,0.0015987,0.023349,0.16956,0.18763,0.085314,0.097816,0.1561,0.25836,0.0021617
0.73029,0.13715,0.0095515,0.046796,0.034688,0.015059,0.021601,0.0048636,0,0
0,0.0031344,0.00079927,0.0078597,0.027778,0.020688,0.015714,0.041692,0.29811,0.58423
0.33572,0.23503,0.2015,0.083448,0.070602,0.019207,0.0055169,0.0069211,0.0095513,0.032505
0.035625,0.14937,0.005436,0.016555,0.018511,0.077815,0.11881,0.51345,0.051581,0.012847
0.03086,0.12359,0.22554,0.049154,0.17878,0.18268,0.027039,0.025357,0.1237,0.033298
0.056363,0.25369,0.045218,0.014875,0.022881,0.048929,0.09237,0.043542,0.17296,0.24917
0.041452,0,0.015885,0,0.077747,0.060427,0.0085349,0.061362,0.19178,0.54281
0.015557,0.012932,0.061607,0.022202,0.053394,0.12213,0.082584,0.021796,0.11677,0.49103
0.025892,0,0.0066192,0.26552,0.20037,0.21873,0.15075,0.0394,0.053262,0.039447
0.023413,0.087953,0.039159,0.0085022,0.10014,0.2499,0.12127,0.30819,0.060568,0.00089887
0.40087,0.25332,0.0043254,0.026006,0.03993,0.04221,0.11454,0.028207,0.071305,0.019287
0.088697,0.26558,0.098114,0.12964,0.099669,0.036487,0.064396,0.014065,0.19336,0.0099892
0.53213,0.2326,0.04105,0.0058324,0.052362,0.037526,0.029701,0.024536,0.023682,0.02058
0.090873,0.019317,0.019772,0.015181,0.019796,0.030127,0.035546,0.0081602,0.24416,0.51707
0.0618,0.39012,0.17006,0.11322,0.030451,0.11295,0.014559,0.0060162,0.037917,0.062912
0.034257,0.096232,0.10411,0.067385,0.0327,0.0056943,0.050983,0.086703,0.44928,0.07265
0.0060125,0.025974,0.046992,0.42146,0.26447,0.20482,0.013534,0.0055635,0.0066424,0.004525
0.16594,0.20927,0.08992,0.15556,0.086403,0.076397,0.050103,0.073537,0.092868,0
0.031695,0.070362,0.00075051,0.049185,0.11892,0.0018363,0.039813,0.0073314,0.024494,0.65562
0,0.012078,0,0.010194,0.0028883,0.13607,0.010105,0.17799,0.49482,0.15585
0.0024531,0.0076158,0,0.012231,0.0050292,0.015503,0.031102,0.00912,0.22025,0.6967
0.0040098,0.036655,0.00051321,0.018173,0.091042,0.066519,0.068775,0.0020281,0.25996,0.45233
0.09214,0.10747,0.043146,0.059103,0.18194,0.23319,0.03344,0.062847,0.13441,0.052314
0.35772,0.1558,0.14382,0.18076,0.090373,0.06195,0.0057661,0.0033599,0.00045028,0
0.33412,0.34149,0.071857,0.029073,0.020838,0.071383,0.03874,0.030273,0.044041,0.018182
0.11963,0.11249,0.069868,0.0907,0.061805,0.066421,0.11845,0.053927,0.29929,0.0074302
0.94842,0.035728,0.0022151,0.0088219,0,0.0034909,0,0,0,0.0013214
0.14138,0.31467,0.036466,0.098249,0.13913,0.064218,0.01835,0.059486,0.062495,0.065554
0.84815,0.10995,0.0077161,0.016443,0.013421,0,0,0.0043147,0,0
0.012012,0.01064,0.020514,0.13991,0.18993,0.056306,0.17375,0.27785,0.10086,0.018234
0.0043804,0.013584,0.072668,0.18984,0.17494,0.072512,0.23812,0.052668,0.15414,0.027139
0.0027481,0.035752,0,0.017233,0.012623,0.017671,0.014398,0.24531,0.40304,0.25123
0,0.0070013,0.0027321,0.025318,0.022481,0.016211,0.027925,0.12585,0.47957,0.29292
0.0021312,0.013238,0.015003,0.040499,0.048991,0.11381,0.34134,0.27739,0.14185,0.0057459
0.022243,0.0094257,0.13673,0.67813,0.062086,0.023764,0.036483,0.0028426,0.027586,0.00071114
0.0046345,0,0,0.0015428,0.005245,0.041839,0.014383,0.43075,0.28459,0.21702
0.012266,0.014804,0.051233,0.013119,0.018696,0.044977,0.19781,0.47204,0.14087,0.034186
0.40086,0.29605,0.12578,0.050602,0.046133,0.0052579,0.0071979,0.030846,0.017939,0.019332
0.081699,0.28623,0.28345,0.17219,0.1217,0.029371,0.025366,0,0,0
0.0064312,0.035385,0.030864,0.009867,0.059027,0.15381,0.26765,0.13843,0.27716,0.021387
0.084917,0.52665,0.035496,0.103,0.16375,0.019315,0.020916,0.033354,0.0059031,0.0067062
0.012441,0.012579,0.00074809,0.0072909,0.031093,0.020795,0.017964,0.37498,0.35629,0.16582
0.14652,0.31594,0.089135,0.10148,0.13862,0.060712,0.029372,0.035358,0.032643,0.050212
0.0024409,0.020063,0.0029417,0.064062,0.036321,0.031711,0.026857,0.21789,0.56799,0.029715
0.0066231,0.0013002,0.00077393,0.010104,0.37843,0.25277,0.073626,0.25368,0.0098147,0.012889
