0.025407,0.051262,0.08062,0.11167,0.21184,0.27898,0.053556,0.022135,0.036727,0.1278
0.022154,0.013494,0.088847,0.31696,0.24117,0.1153,0.10651,0.02478,0.04762,0.023164
0.049113,0.034966,0.10071,0.20462,0.12068,0.19956,0.17608,0.03412,0.040241,0.039911
0.064817,0.090351,0.29053,0.11709,0.092314,0.1692,0.063253,0.027058,0.060649,0.024746
0.040871,0.077957,0.11812,0.086217,0.13834,0.18865,0.09517,0.085405,0.072179,0.09709
0.044564,0.038254,0.064261,0.11127,0.097946,0.24372,0.22305,0.077959,0.055464,0.043524
0.03673,0.061057,0.023425,0.10803,0.33028,0.1284,0.11856,0.049455,0.12273,0.021331
0.10099,0.088066,0.071917,0.15987,0.26269,0.11258,0.11044,0.026581,0.048747,0.018125
0.0033299,0.0051808,0.012097,0.034315,0.12903,0.23246,0.23272,0.26904,0.066441,0.015387
0.070025,0.065835,0.10604,0.12851,0.11709,0.11252,0.11161,0.15834,0.094404,0.03563
0.071582,0.031508,0.089347,0.15843,0.31419,0.13195,0.077409,0.053414,0.046402,0.025762
0.19557,0.30384,0.075694,0.1287,0.18819,0.055811,0.015146,0.013666,0.016907,0.0064774
0.099686,0.14944,0.10502,0.18828,0.10859,0.13117,0.076659,0.04141,0.068758,0.030987
