0.17461,0.088872,0.092997,0.096664,0.21793,0.088581,0.13648,0.021751,0.02564,0.056473
0.02217,0.044282,0.10132,0.096904,0.25954,0.28826,0.073199,0.052567,0.057476,0.0042793
0.027214,0.036148,0.071778,0.1121,0.14699,0.18447,0.17281,0.09759,0.11387,0.037024
0.013937,0.062941,0.016138,0.045719,0.097585,0.10996,0.26905,0.21547,0.10303,0.066158
0.051545,0.078925,0.06325,0.074763,0.22986,0.24975,0.18241,0.027279,0.014657,0.027559
0,0,0.023592,0.054746,0.28895,0.17038,0.21629,0.10017,0.1124,0.033463
0.26439,0.27042,0.25436,0.090513,0.078719,0.021862,0,0.0040302,0.015712,0
0.057991,0.057856,0.014895,0.077496,0.052217,0.13657,0.09204,0.12382,0.21114,0.17597
0.14115,0.06601,0.039059,0.20409,0.1736,0.1129,0.1185,0.12054,0.01582,0.0083269
0.029155,0.048421,0.048256,0.059276,0.094541,0.12513,0.086587,0.2092,0.1369,0.16254
0.1098,0.066195,0.14497,0.15986,0.108,0.11646,0.039648,0.051667,0.039183,0.16422
0.037386,0.02145,0.12353,0.097882,0.18748,0.084851,0.10213,0.15454,0.12037,0.070377
0.0023721,0.017137,0.03356,0.052358,0.049642,0.059786,0.040795,0.123,0.32054,0.3008
0,0.00021877,0.0042665,0.029164,0.0026052,0.073575,0.13617,0.060214,0.056193,0.6376
0.0086958,0,0.0078694,0.034962,0.14338,0.094504,0.027236,0.071986,0.13364,0.47773
0.013826,0.0077967,0.027012,0.019798,0.034202,0.033047,0.035217,0.029034,0.027595,0.77247
0,0,0.011932,0,0.00071509,0.012851,0.0106,0.041154,0.16908,0.75367
0.02945,0,0.063229,0,0.0089178,0.0028834,0.0016365,0.016544,0.12829,0.74905
0.038851,0.031196,0.05566,0.010841,0.036773,0.12322,0.068981,0.39618,0.20009,0.038202
0.51386,0.37802,0.086527,0.0073208,0.0094734,0.0048068,0,0,0,0
0.16928,0.36088,0.10565,0.21552,0.070723,0.067807,0.005672,0.0042718,6.004e-05,0.00012886
0.033096,0.026567,0.10667,0.014781,0.16081,0.13215,0.20134,0.027163,0.068844,0.22859
0.044675,0.02959,0.047245,0.12417,0.09982,0.070821,0.082996,0.10644,0.10834,0.28591
0.058505,0.036594,0.011572,0.037514,0.080856,0.014345,0.077313,0.12205,0.18223,0.37902
0.063944,0.011559,0.030545,0.020408,0.043583,0.04295,0.069326,0.1432,0.36267,0.21181
0.026538,0.050833,0.071832,0.068541,0.107,0.12097,0.055895,0.092917,0.36219,0.043284
0.028422,0.053257,0.1294,0.18692,0.20746,0.17031,0.042812,0.065936,0.080072,0.035413
0.13165,0.089744,0.10121,0.15378,0.1761,0.099956,0.031204,0.10017,0.059506,0.056671
0,0.0010557,0.014254,0.050643,0.043811,0.15653,0.2868,0.20922,0.17464,0.063043
0.025668,0.084525,0.057437,0.59523,0.15234,0.071959,0.012393,0.0004475,0,0
0.047197,0.014258,0.12422,0.29665,0.069878,0.34861,0.04831,0.04595,0.0046024,0.00031991
0.12499,0.51529,0.25056,0.051822,0.012725,0.033645,0.0063613,0.0041814,0.00042862,0
0.076147,0.12248,0.40136,0.18807,0.016115,0.066344,0.045771,0.062086,0.019659,0.0019621
0.0095702,0.049621,0.056478,0.074168,0.11413,0.17568,0.14307,0.2802,0.015417,0.081668
0.016147,0.058816,0.046697,0.016021,0.06623,0.051826,0.072087,0.11208,0.31422,0.24587
0.066748,0.098021,0.053203,0.098212,0.11589,0.20991,0.10173,0.052402,0.13016,0.073726
0.015343,0.021438,0.056851,0.0701,0.10493,0.13867,0.19546,0.094523,0.17578,0.1269
0.35228,0.16281,0.070025,0.045823,0.16575,0.081241,0.079323,0.031926,0.010816,0
0.11267,0.1485,0.069395,0.22966,0.082553,0.04842,0.052803,0.088461,0.099626,0.06791
0.050651,0.097557,0.1077,0.035462,0.26763,0.2376,0.12889,0.032244,0.028333,0.013937
0.0058768,0.0083096,0.011963,0.12928,0.25109,0.26228,0.17844,0.11235,0.020589,0.019817
0.073729,0.029547,0.084956,0.10051,0.14635,0.18245,0.12643,0.11659,0.10686,0.032578
0.15433,0.27789,0.092606,0.11114,0.12446,0.1652,0.051441,0,0,0.022935
