0.010648,0.019917,0.023241,0.042374,0.20311,0.42173,0.1936,0.06997,0.0091121,0.0062919
0.041172,0.059144,0.064841,0.099402,0.13633,0.44349,0.081215,0.036552,0.024923,0.012929
0.0017751,0.023041,0.026487,0.023408,0.20666,0.35562,0.13092,0.098591,0.11739,0.016117
0.0081668,0.024961,0.032636,0.012499,0.023666,0.066897,0.38591,0.10952,0.18698,0.14876
0.023513,0.14855,0.11343,0.070469,0.082542,0.065216,0.24251,0.10028,0.055836,0.097655
0.065095,0.055213,0.058936,0.14539,0.11096,0.14647,0.20284,0.055034,0.076499,0.083572
0.064242,0.015618,0.035004,0.038439,0.243,0.17561,0.29036,0.086534,0.020653,0.030543
0.0036634,0.033898,0.10248,0.23194,0.14644,0.095564,0.059029,0.13497,0.12875,0.063258
0.10227,0.059593,0.036373,0.094715,0.25531,0.15498,0.064022,0.12257,0.07647,0.033699
0.050946,0.10452,0.17237,0.12325,0.10736,0.19204,0.11466,0.052696,0.03909,0.04307
0.076133,0.051142,0.039344,0.069156,0.19642,0.3241,0.10433,0.062368,0.036103,0.040896
0.41176,0.070033,0.046082,0.019072,0.05191,0.11222,0.14026,0.092215,0.029648,0.026797
0.5645,0.025816,0.036589,0.022207,0.013989,0.064929,0.075921,0.050191,0.06793,0.07793
0.54812,0.045628,0.034298,0.022622,0.015847,0.011873,0.021582,0.2783,0.005761,0.015966
0.47545,0.071605,0.012872,0.019743,0.066078,0.2194,0.089212,0.0087074,0.0088633,0.028069
0.29874,0.33647,0.010536,0.0004113,0.012973,0.017466,0.040221,0.03097,0.048661,0.20356
0.075756,0.16602,0.17653,0.1814,0.10449,0.082167,0.15984,0.042355,0.011042,0.00041397
0,0.0077533,0.0072996,0.021226,0.029118,0.090939,0.18848,0.29458,0.14343,0.21718
0.056069,0.023212,0.03214,0.02877,0.058278,0.11814,0.16271,0.18565,0.10702,0.22802
0.13024,0.10761,0.10382,0.1186,0.12899,0.066754,0.15983,0.080934,0.077731,0.025488
0.028987,0.10093,0.090002,0.21351,0.15846,0.12925,0.052101,0.069931,0.071485,0.085346
0.067321,0.021896,0.048634,0.14417,0.15177,0.070958,0.075763,0.10835,0.07955,0.23159
0.0019409,0.0045044,0.0029503,0.028311,0.051607,0.13975,0.092141,0.075563,0.075931,0.5273
0.071797,0.10732,0.28929,0.15048,0.10479,0.032163,0.02403,0,0.076205,0.14393
0.10894,0.54958,0.19869,0.0089635,0.086478,0.047348,0,0,0,0
0.046895,0.85938,0.033836,0.016559,0.03623,0.0071016,0,0,0,0
0.60215,0.25356,0.013801,0.054386,0.0044466,0.034718,0,0.01993,0,0.017005
0.0083417,0,0,0.0042159,0,0.0010752,0.0060705,0,0.008342,0.97195
0.019297,0.083565,0.097321,0.037908,0.11373,0.091571,0.14519,0.1897,0.16494,0.056772
0.034875,0.014644,0.12014,0,0.0052872,0.014194,0.022648,0.092481,0.22456,0.47117
0,0,0.0022011,0.0017385,0.013022,0.091577,0.37342,0.43949,0.070031,0.0085182
0.18463,0.085741,0.048832,0.098381,0.064948,0.06871,0.023197,0.057547,0.24125,0.12676
0.19502,0.13036,0.060167,0.066326,0.061375,0.11003,0.04082,0.038656,0.11304,0.1842
0.29186,0.10928,0.061293,0.048641,0.066382,0.097756,0.022914,0.067299,0.094446,0.14013
0.076189,0.032413,0.041881,0.043928,0.030916,0.075674,0.13611,0.25377,0.13457,0.17454
0.05249,0.088971,0.064853,0.15249,0.42446,0.12476,0.048076,0.022122,0.0056027,0.016173
0.0098133,0.02018,0.028799,0.017262,0.12652,0.066274,0.11419,0.13596,0.29624,0.18477
0.19331,0.26459,0.25791,0.12098,0.066478,0.054752,0.0075768,0.0070923,0.014991,0.012323
0.4358,0.2521,0.0815,0.051478,0.049103,0.090985,0.027193,0.0090909,0,0.0027546
0.2276,0.10121,0.18705,0.14829,0.12735,0.12006,0.074535,0.0054981,0.0052146,0.0031843
0.19262,0.30581,0.17739,0.051537,0.063243,0.079463,0.046091,0.044104,0.027167,0.012572
0.00088346,0.0053908,0.029586,0.086035,0.55424,0.2408,0.076304,0.0067645,0,0
0.1928,0.31411,0.075401,0.019737,0.16525,0.0438,0.022537,0.11495,0.041376,0.010041
0.12461,0.097775,0.12378,0.12882,0.29899,0.10833,0.029025,0.0087935,0.034585,0.045288
0.091254,0.088063,0.12622,0.14795,0.096804,0.055165,0.039185,0.10696,0.13246,0.11594
0.055004,0.13845,0.026156,0.088005,0.16413,0.16511,0.1028,0.12077,0.09686,0.042714
0.01045,0.020411,0.064458,0.21497,0.10238,0.084724,0.19227,0.082705,0.11804,0.10959
