0.06716,0.033997,0.020377,0.095044,0.18391,0.19066,0.1717,0.14267,0.050031,0.044458
0.16623,0.1364,0.059769,0.12327,0.23771,0.12272,0.032627,0.033366,0.053096,0.034804
0.60076,0.18218,0.087357,0.017054,0.047797,0.013248,0.014513,0.0046473,0.0099061,0.02254
0.040831,0.059807,0.02846,0.056356,0.054557,0.15653,0.26714,0.22445,0.063846,0.048019
0.087231,0.016927,0.09846,0.0136,0.054734,0.08003,0.10614,0.069686,0.17082,0.30237
0.041123,0.13008,0.065042,0.1259,0.11359,0.044334,0.10267,0.069826,0.15095,0.15648
0.14938,0.14805,0.38892,0.16042,0.057304,0.048818,0.021665,0.0037191,0.018417,0.0033092
0.11679,0.31143,0.20076,0.09039,0.066673,0.10494,0.023387,0.027321,0.034883,0.02343
0.019836,0,0.00912,0.0097546,0.10728,0.027053,0.081091,0.20069,0.23316,0.31202
0,0.0050991,0.030853,0.0089172,0.02962,0.087802,0.29151,0.42499,0.099195,0.02202
0.04392,0.0038446,0.00033183,0.055552,0.05216,0.062668,0.032701,0.048995,0.18971,0.51012
0.10705,0.15521,0.13011,0.089047,0.11012,0.10674,0.13889,0.030291,0.027491,0.10506
0.13403,0.073103,0.034987,0.027514,0.075206,0.12726,0.061159,0.053693,0.095643,0.31741
0.043652,0.10024,0.02423,0.0096822,0.03867,0.042992,0.030168,0.10271,0.17703,0.43062
0.038477,0.29464,0.14263,0.023174,0.051913,0.12243,0.068663,0.073494,0.088121,0.096456
0.052338,0.061668,0.10524,0.42902,0.13852,0.058072,0.032938,0.055025,0.03968,0.027491
0.029302,0.078832,0.1322,0.075473,0.11815,0.13554,0.11608,0.20447,0.078028,0.031922
