0.0016914,0.026695,0,0.063859,0.017079,0.053724,0.047052,0.067339,0.40815,0.31442
0.092611,0.076317,0.24769,0.32292,0.10288,0.090987,0.032463,0.0040418,0.0051219,0.024976
0.11854,0.04782,0.057799,0.15442,0.25199,0.1097,0.091304,0.006553,0.062895,0.098977
0.042552,0.14218,0.213,0.11504,0.22678,0.095589,0.089305,0.048196,0.018206,0.0091466
0.68562,0.10319,0.035578,0.016664,0.058853,0.014749,0.049888,0.011438,0.0055065,0.018512
0.022127,0.081103,0.15,0.21225,0.097989,0.1663,0.045473,0.063612,0.032422,0.12872
0.016173,0.023004,0.082132,0.1349,0.26108,0.13897,0.097987,0.052995,0.11779,0.074972
0.099263,0.038046,0.005207,0.0025898,0.033079,0.047071,0.041133,0.080758,0.1192,0.53366
0.067079,0.016309,0.024421,0.030154,0.01854,0.11008,0.065564,0.065686,0.17675,0.42541
0.12718,0.088793,0.02278,0.12507,0.22629,0.22408,0.045927,0.072102,0.031746,0.036027
0.030577,0.10161,0.10762,0.084654,0.12453,0.14364,0.068789,0.087109,0.068408,0.18307
0.061499,0.030458,0.0097332,0.026549,0.11572,0.31157,0.1251,0.035488,0.10083,0.18306
0.041675,0.076078,0.10968,0.45352,0.18913,0.032175,0.054876,0.010752,0.013284,0.018837
0.21871,0.19051,0.10785,0.20408,0.11864,0.117,0.040015,0.00023755,0.001723,0.0012342
0.34289,0.3477,0.038397,0.046387,0.10254,0.058573,0.022029,0.026645,0.0059117,0.0089304
0.075399,0.085099,0.077441,0.037755,0.052358,0.16661,0.093135,0.19995,0.096627,0.11563
0.0013021,0.00096642,0.01683,0,0.033503,0.045955,0.078754,0.10058,0.25133,0.47078
0.027966,0.067693,0.095889,0.08281,0.16989,0.21496,0.17087,0.10096,0.030537,0.038414
0.018636,0.040681,0.060498,0.018059,0.041447,0.093011,0.32582,0.33257,0.057285,0.011993
0.012989,0.040667,0.023705,0.0037278,0.037553,0.28468,0.12357,0.28197,0.15685,0.034281
0.063944,0.035323,0.017166,0.12001,0.0468,0.13128,0.02829,0.05411,0.21843,0.28464
0.030317,0.0096801,0.041358,0.074853,0.15622,0.084277,0.025821,0.024364,0.086965,0.46615
0.063671,0.096575,0.075901,0.073553,0.079924,0.095045,0.19421,0.25615,0.035962,0.029005
0.046087,0.095791,0.085824,0.080304,0.12498,0.15684,0.21312,0.095197,0.050183,0.051672
0.090763,0.084741,0.097405,0.1184,0.032723,0.038075,0.061344,0.054585,0.10069,0.32127
0.16678,0.14614,0.013868,0.015076,0.010603,0.064931,0.14099,0.087178,0.12538,0.22906
0.067449,0.029891,0.017834,0.0042364,0.032511,0.040931,0.023594,0.086115,0.17827,0.51917
0.0043993,0.0047901,0.079713,0.027489,0.033221,0.083528,0.2045,0.21802,0.28392,0.060416
0.50801,0.16475,0.030452,0.013942,0.080043,0.026412,0.018955,0.021671,0.031282,0.10448
0.026902,0.089864,0.39672,0.028135,0.042005,0.030626,0.050655,0.093905,0.11512,0.12607
0.1413,0.053262,0.12428,0.32232,0.076094,0.031309,0.022237,0.070972,0.037555,0.12067
0.072442,0.063845,0.07079,0.37308,0.099855,0.054047,0.029557,0.09965,0.015205,0.12153
0.0062334,0.028597,0.033222,0.067385,0.064109,0.17556,0.44521,0.12861,0.038546,0.01253
0.044038,0.026797,0.031591,0.038162,0.020547,0.026501,0.10531,0.44103,0.22458,0.041444
0.089551,0.077709,0.062523,0.0098906,0.029358,0.022711,0.043724,0.097946,0.14006,0.42653
