0.02739,0.020966,0.041026,0.056081,0.10992,0.25864,0.34917,0.05009,0.042597,0.044117
0.079056,0.05999,0.077001,0.040434,0.069886,0.48998,0.050537,0.051564,0.060218,0.021337
0.035513,0.1236,0.10649,0.092537,0.3587,0.13855,0.055955,0.014229,0.022302,0.052127
0.020724,0.015081,0.027257,0.015085,0.14568,0.27175,0.31242,0.088938,0.084547,0.018516
0.008873,0.0089832,0.016997,0.016811,0.066814,0.075525,0.067166,0.10123,0.54601,0.091595
0.016802,0.090613,0.10405,0.11153,0.13622,0.24347,0.038329,0.10407,0.11134,0.043574
0.058797,0.12736,0.18792,0.058086,0.18038,0.18537,0.083545,0.058295,0.021755,0.038494
0.029938,0.066682,0.10052,0.037347,0.12777,0.13113,0.083877,0.11646,0.16979,0.13649
0.012848,0.10159,0.067755,0.038706,0.0077185,0.024403,0.075553,0.3136,0.28676,0.071072
0.028006,0.055966,0.045657,0.040302,0.04725,0.039522,0.11176,0.12425,0.28796,0.21934
0.14345,0.19135,0.20269,0.052115,0.10023,0.036281,0.040107,0.13324,0.033995,0.066531
0.040036,0.057249,0.047546,0.042956,0.099912,0.10615,0.081922,0.063108,0.20777,0.25334
0.060177,0.035385,0.099882,0.042168,0.056996,0.15603,0.087667,0.11758,0.092907,0.2512
0.0070916,0.017041,0.0091441,0.12337,0.17131,0.14243,0.073161,0.074315,0.11688,0.26524
0.0087797,0.013861,0.041638,0.21328,0.37698,0.14039,0.14649,0.013709,0.015637,0.029239
0.03919,0.025732,0.020164,0.09132,0.16974,0.37622,0.15973,0.066295,0.027733,0.023874
0.0023724,0.018951,0.074005,0.17937,0.16493,0.17023,0.2906,0.036213,0.055545,0.0077771
0.028951,0.068686,0.11285,0.060026,0.13168,0.0796,0.057812,0.12472,0.22736,0.10832
0.10601,0.058075,0.098629,0.10588,0.13301,0.10022,0.029065,0.063917,0.1062,0.199
0.0037578,0.0056554,0.0056372,0.05652,0.15312,0.27271,0.21396,0.21116,0.036819,0.040659
0.031356,0.021018,0.017902,0.019524,0.029907,0.31539,0.33659,0.085986,0.075875,0.066446
0.30041,0.35166,0.13696,0.04575,0.024205,0.02146,0.010156,0.063948,0.021135,0.024311
0.006274,0,0.010367,0.073992,0.071976,0.49207,0.29957,0.027647,0.015275,0.0028263
0.21368,0.31386,0.26337,0.11449,0.024123,0.0013376,0.014793,0.028956,0.0082725,0.017125
0.2437,0.034986,0.020516,0.019724,0.069296,0.16061,0.14608,0.257,0.033049,0.015039
0.46112,0.12502,0.11646,0.12168,0.055971,0.043057,0.017034,0.024967,0.0093292,0.02536
0.22789,0.12953,0.022864,0.019553,0.11834,0.20734,0.22281,0.018715,0.019311,0.013645
0.14913,0.031604,0.09487,0.081985,0.12677,0.041735,0.10802,0.12099,0.12663,0.11826
0,0.0031246,0,0,0.002021,0.0054024,0.013764,0.013428,0.13092,0.83134
0.070063,0.012499,0.031662,0.046845,0.030148,0.0433,0.030365,0.061196,0.23819,0.43573
0.0058246,0.0027981,0.049521,0.025913,0.011156,0.02011,0.03962,0.051963,0.2868,0.50629
0.13539,0.066879,0.064692,0.12363,0.16589,0.18639,0.082307,0.021389,0.13209,0.021347
0.0013879,0.00037939,0.014516,0.017951,0.082054,0.39116,0.17905,0.12128,0.146,0.046214
0.005837,0.027412,0,0.023386,0.049485,0.32879,0.26904,0.20432,0.058732,0.033004
0.41317,0.18414,0.059067,0.022003,0.050038,0.1117,0.07225,0.0097574,0.055763,0.022104
0,0.00087192,0.0075426,0.013314,0.022955,0.3269,0.32358,0.26912,0.023168,0.012551
0.02116,0.04023,0.063934,0.0087597,0.018478,0.021801,0.024115,0.025302,0.22906,0.54716
0.04614,0.060435,0.089122,0.27475,0.39126,0.10035,0.011611,0.01209,0.014238,0
0.0066834,0.0019259,0.025589,0.05779,0.47069,0.33408,0.056759,0.023973,0.012587,0.0099239
0.048047,0.076435,0.048463,0.15528,0.21879,0.33585,0.041943,0.018807,0.045122,0.011257
0.13123,0.085528,0.18784,0.2583,0.23386,0.038157,0.00804,0.015044,0.010231,0.031771
0.10968,0.091652,0.017693,0.093412,0.1165,0.30287,0.098446,0.041495,0.022143,0.10611
0.24709,0.28015,0.16485,0.10136,0.041923,0.015738,0.031457,0.00073353,0.020603,0.096086
0.0018666,0.039469,0.033369,0.026086,0.40127,0.38888,0.057888,0.026693,0.013437,0.011048
0,0.01959,0.016924,0.004112,0.013699,0.059713,0.45565,0.38103,0.028017,0.02126
0.02135,0.011212,0.015829,0.041031,0.020502,0.063996,0.069466,0.42205,0.25605,0.078511
0,0.019348,0.027346,0.043309,0.15218,0.31028,0.2126,0.062467,0.14814,0.024316
0.014782,0.0063724,0.0070492,0.018829,0.055344,0.046515,0.10719,0.11272,0.16075,0.47044
0,0,0.037778,0.065046,0.21706,0.42707,0.097855,0.12858,0.01297,0.013639
0.033244,0.022387,0.24439,0.39327,0.27113,0.024866,0.00035799,0.0065473,0.0024107,0.0013927
0.073764,0.12621,0.20306,0.13263,0.12196,0.12418,0.089452,0.054183,0.061184,0.013368
0.10814,0.37291,0.44821,0.010898,0.0086,0.0083269,0.027594,0.015315,0,0
0.59412,0.20083,0.017662,0.0092454,0.026069,0.0023973,0.079966,0.04429,0.017922,0.0074958
0.01058,0.052942,0.039663,0.0053569,0.023064,0.034853,0.01642,0.071811,0.13664,0.60867
0.53573,0.20736,0.16785,0.037157,0.01548,0.01249,0.006169,0,0.014084,0.0036722
0.1004,0.47111,0.33776,0.03446,0.040394,0.0084155,0.0029429,0.0045152,0,0
0.010187,0.023977,0.0030389,0,0.0024695,0.027167,0.016031,0.078227,0.56052,0.27838
0.11898,0.03916,0.084001,0.056781,0.08574,0.060642,0.22195,0.12455,0.13033,0.077863
0.63325,0.050897,0.018737,0.13519,0.013664,0.016632,0.00033549,0.023886,0.070638,0.036771
