0.033068,0.093246,0.08001,0.087463,0.10322,0.23552,0.19347,0.075923,0.060283,0.037795
0.0075015,0.027144,0.052908,0.30535,0.17165,0.13565,0.19073,0.039878,0.03295,0.036245
0.032029,0.016279,0.013136,0.15078,0.11859,0.18289,0.22046,0.050193,0.10749,0.10815
0.13918,0.086961,0.0065115,0.012351,0.1487,0.058626,0.24495,0.16404,0.080299,0.058381
0.061396,0.017673,0.020065,0.039325,0.02458,0.050055,0.094062,0.15573,0.41942,0.1177
0.079669,0.02029,0.028589,0.016184,0.078851,0.15464,0.14913,0.074482,0.10018,0.29798
0.038229,0.040455,0.034978,0.029401,0.14614,0.18127,0.10209,0.24719,0.13707,0.043174
0.018505,0.032892,0.089844,0.12398,0.12039,0.19413,0.27055,0.085868,0.038328,0.025517
0.05783,0.031309,0.14609,0.091208,0.20386,0.081722,0.2575,0.070225,0.033957,0.026294
0.0078395,0.015196,0.019724,0.24197,0.25887,0.28381,0.04678,0.093606,0.023169,0.009034
0.01064,0.024784,0.058859,0.25488,0.36728,0.19227,0.053041,0.017562,0.020027,0.00066169
0.013939,0.004512,0.05204,0.043572,0.134,0.21077,0.19043,0.10663,0.13975,0.10436
0.12856,0.095105,0.15483,0.07755,0.072449,0.092201,0.079666,0.079014,0.18877,0.031859
0.26197,0.26114,0.26257,0.06364,0.07636,0.043712,0.0079534,0.0063783,0.010009,0.0062638
0.0042919,0.023365,0.023519,0.076558,0.1998,0.137,0.051577,0.098476,0.19519,0.19022
0.026227,0.053015,0.13123,0.082064,0.046645,0.10887,0.15417,0.13335,0.11743,0.147
0.14169,0.12014,0.10603,0.048575,0.018213,0.066143,0.067891,0.24417,0.13982,0.047337
0.11741,0.015271,0.072949,0.15966,0.16344,0.061705,0.12694,0.13245,0.095202,0.054972
0.035813,0.049513,0.055093,0.030318,0.081017,0.26617,0.13513,0.091715,0.070613,0.18462
0.019291,0.024499,0.054787,0.082583,0.29189,0.27064,0.070133,0.050779,0.032401,0.10299
0,0,0.010847,0.0079939,0.019972,0.074858,0.10109,0.40135,0.12136,0.26253
0.11637,0.031956,0.017539,0.039146,0.024817,0.11377,0.047178,0.11462,0.16065,0.33396
0.055713,0.10338,0.25954,0.13916,0.074559,0.017219,0.025886,0.012759,0.046721,0.26506
0.49847,0.12613,0.042107,0.018078,0.012167,0.022985,0.077055,0.031711,0.084584,0.086709
0.022818,0.032292,0.01375,0.010543,0.011436,0.091599,0.13126,0.39831,0.16137,0.12663
0.072928,0.025056,0.014255,0.015329,0.031167,0.0022927,0.066824,0.12705,0.42289,0.22221
0.065299,0.038634,0.070762,0.12804,0.13117,0.095565,0.077559,0.13267,0.20494,0.055365
0.017259,0.012492,0.017797,0.035085,0.021497,0.06432,0.087816,0.11402,0.1463,0.48341
0.0018477,0,0.074598,0.31222,0.12513,0.19863,0.26726,0.0078702,0,0.012439
0.048713,0.067369,0.33027,0.098687,0.061789,0.20914,0.16657,0.004646,0.010757,0.002056
0.04283,0.23624,0.10894,0.10456,0.27326,0.15684,0.046943,0.020092,0.010076,0.00020914
0.34925,0.099354,0.10188,0.10898,0.12283,0.044422,0.085903,0.035321,0.014756,0.037304
0.050071,0.15366,0.55391,0.14438,0.035857,0.012628,0.025557,0.0034765,0.010067,0.010389
0.0011396,0.022877,0.028538,0.2271,0.3466,0.10628,0.10569,0.069178,0.028554,0.064048
0.0054687,0,0.0096864,0.016247,0.30963,0.22583,0.34226,0.059813,0.0245,0.0065627
0.020637,0.05239,0.17725,0.17147,0.309,0.07787,0.078242,0.025005,0.023739,0.064397
0.074194,0.0099188,0.074264,0.17215,0.35474,0.034348,0.10687,0.089447,0.042468,0.041604
0.026273,0.0081111,0.022604,0.20483,0.16312,0.20028,0.12289,0.048675,0.084202,0.11901
0.039588,0.17901,0.057225,0.36393,0.12156,0.078233,0.069742,0.031198,0.042501,0.017021
0.0047561,0.073083,0.11716,0.010766,0.047145,0.17781,0.21845,0.082953,0.1394,0.12847
0.0080304,0,0.0020571,0.016785,0.15933,0.40948,0.15491,0.22961,0.018435,0.0013638
0.14573,0.026641,0.028698,0.063881,0.42926,0.062599,0.098124,0.079107,0.038751,0.02721
0.055819,0.28145,0.28804,0.11489,0.033274,0.021477,0.0082958,0.06693,0.036129,0.093695
0.30539,0.08709,0.048249,0.16541,0.14444,0.049157,0.061565,0.059618,0.012926,0.066162
0.015483,0.014108,0.094685,0.23627,0.15052,0.14679,0.20614,0.054436,0.056205,0.025365
0.22143,0.32118,0.05336,0.024679,0.038838,0.1626,0.047245,0.026026,0.033165,0.071489
0.048635,0.022768,0.16981,0.11176,0.061871,0.15529,0.14094,0.061633,0.17152,0.055773
0.041592,0.021205,0.041493,0.16202,0.19903,0.30292,0.039739,0.10418,0.045325,0.042504
0.29102,0.03193,0.079507,0.32927,0.082982,0.082397,0.025516,0.017585,0.025012,0.034781
0.0024181,0,0.0054416,0.025818,0.36711,0.44886,0.11954,0.012423,0.014838,0.0035536
0.27481,0.039618,0.29232,0.31627,0.055501,0.0084188,0.0025902,0,0.010474,0
0.0032843,0,0.011348,0.085239,0.19478,0.02791,0.023647,0.24232,0.31209,0.099383
0.2278,0.29476,0.31601,0.029587,0.066574,0.020682,0.011965,0.01013,0.012887,0.0096031
0.0024284,0.011571,0.016858,0.03467,0.047275,0.79215,0.029297,0.040952,0.016307,0.0084925
0.021245,0.19431,0.076365,0.067532,0.12019,0.12179,0.050176,0.12384,0.14319,0.081359
0.020613,0.055387,0.15827,0.10103,0.13384,0.10979,0.06729,0.12001,0.14592,0.087853
0.028859,0.061374,0.028925,0.16406,0.18337,0.05031,0.059083,0.095374,0.20495,0.1237
0.077077,0.085398,0.056256,0.11803,0.28202,0.1318,0.069525,0.072078,0.043018,0.064803
0.031975,0.027548,0.05351,0.10561,0.14471,0.15631,0.17326,0.11044,0.1042,0.092435
0.031242,0.032504,0.086276,0.14977,0.10524,0.36999,0.11464,0.075999,0.033416,0.00091505
0.14813,0.15474,0.039498,0.14757,0.072198,0.051203,0.17016,0.17765,0.024377,0.014474
0.18916,0.18238,0.20869,0.069627,0.15634,0.088597,0.042693,0.023503,0.02289,0.016113
0.087818,0.095892,0.045741,0.15558,0.098782,0.19172,0.24246,0.026286,0.050999,0.0047253
