0.0062276,0.046457,0.079111,0.03233,0.073033,0.076917,0.4393,0.1704,0.047814,0.028412
0.042094,0.034694,0.10162,0.065901,0.1204,0.036761,0.21814,0.17664,0.12515,0.078603
0.020363,0.10368,0.089595,0.12771,0.078501,0.14946,0.17631,0.11355,0.056066,0.084758
0.040535,0.045958,0.027737,0.19446,0.13996,0.24089,0.096655,0.06501,0.066143,0.082647
0.046391,0.037752,0.099157,0.14503,0.32608,0.15054,0.14376,0.016908,0.034385,0
0.0040659,0.0019512,0.0015915,0.006419,0.14552,0.6413,0.087463,0.062837,0.03158,0.017274
0.18045,0.1836,0.0084876,0.08163,0.029747,0.16784,0.26812,0.071435,0.0067976,0.0018884
0.064552,0.07154,0.081074,0.094408,0.080471,0.14595,0.15853,0.12571,0.074638,0.10312
0.010258,0.015705,0.0041957,0.10443,0.1929,0.14448,0.034028,0.2109,0.2831,0
0.14031,0.15672,0.026921,0.093624,0.12438,0.11542,0.15542,0.12029,0.041701,0.02522
0.16548,0.094167,0.053833,0.17971,0.11816,0.08881,0.076783,0.17983,0.034853,0.0083779
0.10424,0.14106,0.088585,0.088184,0.1227,0.1297,0.12727,0.05243,0.093717,0.052111
0.40154,0.090378,0.023594,0.079781,0.038279,0.052225,0.071657,0.087958,0.11917,0.035421
0.13244,0.36043,0.073345,0.030499,0.055803,0.038575,0.046011,0.16417,0.079857,0.018871
0.24223,0.11588,0.096607,0.052314,0.051294,0.069455,0.105,0.19791,0.059396,0.0099175
0.10212,0.2022,0.1735,0.082196,0.092626,0.063174,0.050836,0.046563,0.062095,0.12469
0.19108,0.13585,0.12422,0.064778,0.097469,0.12929,0.071719,0.051182,0.11434,0.020075
0.082815,0.13838,0.15776,0.070365,0.1324,0.087885,0.045175,0.044193,0.11459,0.12644
0.10945,0.16237,0.15492,0.10915,0.13615,0.10754,0.078474,0.036689,0.086067,0.019193
0.022741,0.078088,0.099784,0.11364,0.13666,0.083623,0.043426,0.11914,0.11864,0.18425
0.0082843,0.051293,0.060628,0.038838,0.073712,0.17703,0.37139,0.1496,0.046003,0.023225
0.069393,0.0038805,0.017176,0.12343,0.095548,0.18272,0.21927,0.10855,0.10186,0.078158
0.21975,0.24371,0.13143,0.10521,0.056895,0.039455,0.053632,0.050985,0.059555,0.039383
0.049464,0.058693,0.047977,0.026451,0.0088662,0.0225,0.041542,0.051804,0.23096,0.46175
0.023844,0.10795,0.08004,0.020947,0.0050163,0.098821,0.025441,0.026757,0.24666,0.36452
0.093088,0.11104,0.033803,0.019065,0.12123,0.045616,0.029581,0.0175,0.054405,0.47468
0.35698,0.31923,0.085813,0.0061535,0.056517,0.022087,0.005001,0.042196,0.070718,0.035308
