0.01264,0.011668,0.032027,0.065733,0.20176,0.21845,0.12847,0.18771,0.12458,0.016962
0.034751,0.050589,0.11715,0.10848,0.14143,0.16629,0.16043,0.081415,0.085082,0.054375
0.045644,0.034724,0.026886,0.15673,0.19291,0.25811,0.13609,0.056821,0.061963,0.030122
0.055922,0.086614,0.097284,0.094042,0.089869,0.21005,0.15935,0.072146,0.050685,0.084035
0,0.14401,0.047942,0.19016,0.057095,0,0.046292,0,0.48741,0.027086
0.075689,0.1126,0.10953,0.17434,0.21462,0.17107,0.09269,0.038391,0.0044749,0.0065943
0.29276,0.20196,0.18607,0.057817,0.064047,0.047584,0.055724,0.055208,0.03011,0.0087267
0.18645,0.1312,0.095224,0.048146,0.07827,0.048547,0.16381,0.12262,0.074725,0.051003
0.1004,0.18643,0.08112,0.089157,0.080677,0.11019,0.052781,0.06849,0.097782,0.13296
0.090578,0.14562,0.16998,0.10401,0.12574,0.06793,0.079269,0.046611,0.074162,0.096091
0.056373,0.033506,0.048578,0.06031,0.05835,0.19812,0.29891,0.13022,0.075177,0.040459
0.096808,0.072372,0.057344,0.020561,0.03343,0.056286,0.086969,0.11205,0.2182,0.24598
0.049502,0.14269,0.041622,0.078479,0.08543,0.058291,0.071011,0.051236,0.10811,0.31363
