0.10777,0.096911,0.10784,0.069131,0.054571,0.11438,0.1524,0.080197,0.095324,0.12147
0.037016,0.10067,0.07839,0.11752,0.080663,0.12109,0.11997,0.10674,0.18518,0.052757
0.083157,0.075146,0.091025,0.061432,0.090869,0.14899,0.10686,0.13701,0.095244,0.11027
0.55684,0.25552,0.03573,0.05558,0.026736,0.016842,0.0072283,0.0012484,0.013994,0.030279
0.21409,0.086442,0.053138,0.060456,0.15766,0.085858,0.048215,0.037641,0.14194,0.11456
0.063667,0.025425,0.029178,0.015742,0.0398,0.023118,0.036848,0.10726,0.30646,0.35251
0.30678,0.14588,0.048179,0.058109,0.079916,0.090917,0.072149,0.033583,0.078006,0.086482
0.38531,0.10461,0.077755,0.050915,0.10415,0.070605,0.057877,0.053356,0.026626,0.068796
0.23053,0.098927,0.070601,0.053884,0.13246,0.10485,0.08273,0.064988,0.079012,0.082014
0.19128,0.037189,0.039683,0.011155,0.010917,0.0159,0.029426,0.10106,0.26731,0.29608
0.07002,0.050634,0.13748,0.1338,0.10123,0.030382,0.041907,0.087021,0.23111,0.11641
0.015348,0.010965,0.036788,0.060666,0.038185,0.11428,0.11586,0.10715,0.16837,0.33238
0.049867,0.045327,0.08923,0.067364,0.085024,0.18639,0.24038,0.088908,0.10565,0.041861
0.17708,0.23368,0.16895,0.089549,0.0308,0.030585,0.059263,0.035685,0.022181,0.15223
0.26446,0.33198,0.057897,0.064389,0.045539,0.053875,0.0248,0.035848,0.072598,0.048612
0.44766,0.11561,0.042251,0.1355,0.073503,0.073982,0.020829,0.022649,0.0046122,0.063399
0.10888,0.03906,0.034532,0.0070775,0.071103,0.14606,0.133,0.15877,0.10343,0.19808
0.04263,0.013006,0.024949,0.013383,0.049475,0.25853,0.21459,0.084568,0.10243,0.19644
0.052402,0.01647,0.033465,0.022,0.0064614,0.013849,0.021613,0.058937,0.19567,0.57913
0.23645,0.19669,0.066373,0.036687,0.021283,0.037131,0.04635,0.087241,0.1248,0.14699
0.047312,0.060725,0.031168,0.025647,0.046143,0.066917,0.042885,0.09111,0.19799,0.3901
0.10363,0.079719,0.11316,0.10017,0.12524,0.16468,0.1026,0.11133,0.052956,0.046522
0.054017,0.025491,0.077764,0.11833,0.11883,0.16858,0.086343,0.074455,0.11392,0.16227
0.036158,0.050543,0.15791,0.089614,0.16179,0.11351,0.10721,0.098861,0.11243,0.071981
0.026385,0.087548,0.052603,0.05844,0.067621,0.1351,0.091744,0.11054,0.18595,0.18407
0.065652,0.053657,0.077695,0.21903,0.14853,0.1423,0.1625,0.0601,0.037778,0.032752
0.062174,0.13506,0.1762,0.1566,0.11603,0.096088,0.13422,0.073519,0.027067,0.023045
