0.024437,0.067602,0.050307,0.15597,0.18991,0.14406,0.097524,0.097787,0.085031,0.087374
0.013176,0.016519,0.024095,0.072746,0.19033,0.26279,0.17491,0.18251,0.023248,0.039683
0.01131,0.0073445,0.18222,0.21638,0.10989,0.13576,0.049865,0.030368,0.13765,0.1192
0.090879,0.061393,0.032322,0.21522,0.18607,0.10511,0.23984,0.030881,0.018258,0.020024
0.0093605,0.066046,0.052229,0.049857,0.18749,0.15526,0.2739,0.11432,0.065574,0.025959
0.041641,0.068087,0.011558,0.079842,0.03797,0.16418,0.10336,0.080832,0.17379,0.23874
0.0383,0.065243,0.16069,0.1483,0.17498,0.20302,0.082084,0.036763,0.039232,0.051385
0.085038,0.10278,0.30026,0.14241,0.098277,0.11109,0.079304,0.034342,0.031199,0.015301
0.13627,0.078238,0.098985,0.06033,0.047331,0.26053,0.12136,0.046993,0.035306,0.11466
0.032464,0.016342,0.07074,0.22058,0.14278,0.1545,0.15078,0.096446,0.069185,0.046185
0.014221,0.082202,0.13154,0.03919,0.18166,0.089869,0.18314,0.10374,0.11739,0.057052
0.083595,0.095077,0.14419,0.099132,0.099618,0.18991,0.15183,0.012015,0.059982,0.064648
0.51107,0.34219,0.12612,0.013928,0.0066912,0,0,0,0,0
0.0025369,0.50955,0.3305,0.14183,0.0091399,0.005047,0,0.0014048,0,0
0.76408,0.12493,0.017994,0.01273,0.063493,0.016209,0,0,0,0.00056639
0.19914,0.283,0.36831,0.12461,0.0050924,0.018256,0.00087044,0,0,0.00071698
0,0.001366,0.00098569,0.044096,0.064357,0.038635,0.31378,0.15533,0.088157,0.29329
0.54795,0.41055,0.015205,0.0071304,0.0024913,0.0020593,0.014588,0,0,2.7015e-05
0.8433,0.029865,0.11763,0.0071666,0.0020411,0,0,0,0,0
0.68124,0.22648,0.0048201,0.042589,0.0115,0.0022957,0.015551,0.015519,0,0
0.81919,0.037294,0.038805,0.0034098,0.086222,0.011285,0,0.0018492,0.0019447,0
0,0.0016558,0,0,0,0.0028351,0.01462,0.013319,0.24326,0.72431
0.2135,0.12131,0.074871,0.016152,0.0042078,0.048023,0.49268,0.015601,0.010258,0.0033951
0.1116,0.46142,0.20081,0.035244,0.15349,0.006204,0.00454,0.0034067,0.01027,0.013027
0.0050277,0.0093175,0.11932,0.60549,0.23386,0.020516,0.00092077,0,0.0022798,0.0032704
0.0027434,0.00037043,0,0.0030919,0.0040621,0.014145,0.88297,0.081188,0.0075604,0.003868
0,0.006156,0.020512,0.01674,0.0035998,0.011921,0.031123,0.83042,0.023796,0.055728
0,0,0,0,0,0,0.12236,0.018151,0.029032,0.83046
0.099412,0.18821,0.6514,0.044334,0.0010003,0.012046,0.00013763,0.0034602,0,0
0,0,0,0,0.0011964,0.0013417,0.01347,0.032479,0.19241,0.75911
0,0,0,0.0063365,0.016951,0.052636,0.11001,0.1201,0.21241,0.48156
0.00061477,0,0.0025103,0.0038894,0.012215,0.31244,0.24437,0.21246,0.18521,0.026285
0.12592,0.019337,0.019283,0.0021944,0.0083898,0.2268,0.22517,0.20014,0.13504,0.037739
0.3142,0.27905,0.027948,0.025228,0.055981,0.11736,0.072673,0.02592,0.032814,0.048828
0.30316,0.23415,0.029593,0.025812,0.079412,0.15327,0.067901,0.029762,0.034608,0.042332
0.26302,0.26821,0.089412,0.28426,0.084726,5.613e-05,0.00085857,0.0073568,0,0.0020948
0.0058057,0.0010722,0.0044223,0.0016653,0.0078001,0.018951,0.02502,0.17314,0.045125,0.717
0.64656,0.25275,0.08398,0.012124,0.00014853,0,0.0044375,0,0,0
0.0072057,0.082082,0.00044052,0.0034767,0,0.019859,0.16178,0.032713,0.21757,0.47487
0,0,0,0.00045511,0.001178,0.0011793,0.0063313,0.065598,0.14358,0.78168
0,0,0,0,0.0047516,0,0,0.12635,0.31434,0.55456
0,0,0,0,0.003173,0,0.0044523,0.016245,0.043232,0.9329
0.61116,0.13162,0.22245,0.020242,0,0.014532,0,0,0,0
0.027585,0.01639,0.074968,0.053192,0.10371,0.41139,0.15921,0.085856,0.049847,0.017848
0.19392,0.15217,0.071004,0.23755,0.19549,0.12422,0.018035,0.0021457,0.0054752,0
0,0.00033855,0,0,0,0.00064877,0.018394,0.57884,0.39397,0.0078163
0,0,0,0.0017473,0.0019721,0.0018016,0.38017,0.16677,0.22055,0.22699
0.041002,0.041935,0.0011718,0.04033,0.15607,0.067084,0.066281,0.035018,0.054071,0.49704
0.0068802,0.0034678,0.018724,0.0099502,0.0077824,0.035907,0.064379,0.1836,0.48058,0.18873
0.51607,0.43332,0.04925,0.0013661,0,0,0,0,0,0
0.91336,0.042349,0.0060206,0.015173,0.023093,0,0,0,0,0
0.61935,0.29149,0.023178,0.011663,0.0079057,0.004799,0.00088864,0.00036459,0.040359,0
0.15701,0.56748,0.064656,0.030931,0.11992,0.04975,0.0061607,0,0.0013782,0.0027122
