0.062444,0.031877,0.037225,0.045115,0.16087,0.24616,0.17871,0.090244,0.098355,0.049
0.0091847,0.018348,0.053037,0.14352,0.23293,0.25727,0.20251,0.038406,0.035375,0.009426
0.0034256,0.016147,0.0054352,0.093742,0.22566,0.13699,0.14698,0.23133,0.09054,0.049748
0.043412,0.017441,0.090881,0.22264,0.15099,0.073436,0.057514,0.11587,0.16159,0.066223
0.0057217,0.015309,0.08957,0.25183,0.11556,0.14722,0.056637,0.12611,0.15453,0.037516
0.018382,0.060128,0.13914,0.12209,0.19405,0.20878,0.10289,0.056987,0.046098,0.051451
0.013355,0.069904,0.13835,0.15975,0.17227,0.11842,0.10419,0.19206,0.01866,0.013044
0.040327,0.12386,0.036458,0.15481,0.15819,0.32516,0.08585,0.022596,0.034411,0.018331
0.042029,0.065304,0.1,0.069732,0.14553,0.18493,0.24471,0.06635,0.033161,0.048258
0.021769,0.018566,0.0084347,0.012973,0.10243,0.24241,0.14706,0.27308,0.1163,0.056979
0.025424,0.007725,0.0074196,0.022733,0.084566,0.18242,0.14308,0.039286,0.18749,0.29985
0.065915,0.047793,0.17176,0.40742,0.13562,0.15359,0.011336,0.0017005,0.0021315,0.0027268
0.0096206,0.069109,0.15197,0.082418,0.065705,0.075113,0.11298,0.061597,0.072,0.29948
0.13199,0.066328,0.37793,0.16107,0.10826,0.036238,0.015175,0.030871,0.038447,0.033691
0.062602,0.19277,0.29482,0.071773,0.11705,0.1546,0.044594,0.019492,0.015566,0.026732
0.023165,0.010215,0.088046,0.47582,0.37512,0.020571,0.0018041,0,0,0.0052538
0.18997,0.15829,0.16512,0.086482,0.15021,0.19522,0.0096876,0.0094794,0.017565,0.017975
0.013823,0.15298,0.11718,0.057764,0.067074,0.12108,0.27199,0.080717,0.026027,0.091364
0.0034996,0.0061442,0.014917,0.11611,0.29761,0.16967,0.14309,0.12888,0.039555,0.080529
0.0016662,0.027183,0.23727,0.07405,0.16952,0.10187,0.1862,0.11524,0.065538,0.021469
0,0.13189,0.18318,0.025274,0.14028,0.10259,0.19334,0.14022,0.070923,0.012303
0.031567,0.063899,0.1754,0.095346,0.21979,0.083939,0.2148,0.096895,0.0082986,0.010063
0.26453,0.13559,0.094812,0.005868,0.16975,0.16546,0.020304,0.017936,0.065048,0.060707
0.0043398,0.019108,0.0086573,0.28253,0.16711,0.23206,0.25904,0.015546,0.0027434,0.0088589
0.61191,0.33399,0.027857,0,0,0.0021697,0.0071372,0.0065085,0.0082817,0.0021455
0.019167,0.30187,0.24853,0.24989,0.16478,0.013771,0,0,0.001984,0
0.50248,0.41216,0.047196,0.011585,0.012451,0.0035034,0.00047159,0,0.0058444,0.004304
0.0047442,0.0757,0.49406,0.23038,0.1663,0.022923,0.0032332,0.002663,0,0
0.013505,0.012999,0.010382,0.016843,0.098812,0.7598,0.061979,0.0082897,0.0082938,0.0091014
0.0079046,0.22092,0.57102,0.16442,0.024764,0.0067051,0,0.0024119,0.001855,0
0.15367,0.57746,0.18654,0.015627,0.023164,0,0.0075873,0,0.033421,0.0025343
0.15255,0.080687,0.22638,0.21777,0.18311,0.080121,0.042448,0.014794,0,0.0021407
0.0053571,0.013253,0.0065282,0.028153,0.2399,0.37511,0.033172,0.0035217,0.15486,0.14015
0.0035953,0.0012651,0.01752,0.016026,0.039057,0.016873,0.018553,0.024819,0.058321,0.80397
0.85739,0.036645,0.0084149,0.074764,0.021503,0.0012856,0,0,0,0
0.21338,0.11546,0.21148,0.088207,0.28002,0.029019,0.010935,0.029942,0.0048123,0.016739
0.85017,0.083093,0.020851,0.028259,0.0065389,0,0.011084,0,0,0
0.72113,0.24092,0.028166,0,0,0.0037536,0.0010555,0,0.0016758,0.0032956
0.043518,0.73863,0.17443,0.010137,0.0032829,0.0031444,0.023332,0,0.00067844,0.0028386
0.024533,0.34296,0.42234,0.1027,0.035748,0.058331,0.010517,0,0.0028601,0
0.5146,0.26379,0.0025168,0.053172,0.019715,0.02175,0.1193,0,0.0051641,0
0.87848,0.083617,0.018587,0.0053495,0.0040251,0.0017842,0.0038081,0.0043483,0,0
0,0.0063841,0.010745,0.0071342,0.039555,0.088405,0.086364,0.10899,0.27836,0.37406
0,0,0,0.0006045,0,0.015744,0.013572,0.024189,0.16681,0.77908
0.22917,0.054976,0.024366,0.05394,0.24739,0.30541,0.071265,0.0042688,0.0034981,0.0057155
0.017126,0.0029963,0.057863,0.0075595,0.022684,0.11111,0.10035,0.22945,0.4029,0.047944
0.0092178,0.004046,0.019018,0.010315,0.017476,0.30436,0.041973,0.20404,0.31799,0.071558
0.74417,0.22009,0.017011,0.01345,0.0030025,0.0022808,0,0,0,0
0.00097476,0.073851,0.0070497,0,0.050109,0.12853,0.021734,0.079353,0.20572,0.43267
0.040128,0.043944,0.62956,0.27198,0.0091477,0,0.0048571,0.0003844,0,0
0,0.025713,0,0.010013,0.14447,0.57237,0.17506,0.019315,0.042386,0.010666
0.012011,0.012527,0.0035601,0.021885,0.033499,0.091062,0.17817,0.0615,0.27392,0.31187
0.058404,0.036619,0.0079638,0.0041643,0.036654,0.31238,0.40356,0.12875,0.0050557,0.0064501
0,0.025019,0,0.018071,0.0079972,0.02215,0.042807,0.007709,0.15547,0.72077
0,0,0,0,0.0035057,0.021646,0.031124,0.24422,0.33705,0.36245
0.006508,0,0,0,0.000638,0.005503,0.11293,0.0099284,0.17329,0.6912
0.098627,0.30567,0.23662,0.32878,0.02061,0.0035213,0,0,0.0061686,0
0.48305,0.15479,0.1168,0.19238,0.034012,0.009375,0.0025373,0.003941,0,0.0031128
0.0053802,0.0032224,0.007512,0.0037517,0.019746,0.016073,0.0081942,0.053089,0.20988,0.67315
0.00047414,0.0046421,0,0.0019056,0.0021093,0.0015591,0.0086983,0.0433,0.3828,0.55451
0,0.0015819,0,0,0.0019078,0.0021694,0.093086,0.042849,0.18782,0.67058
0,0,0,0,0.037023,0.10494,0.16082,0.15098,0.11677,0.42946
0.0076816,0,0.0023875,0,0,0,0.0039605,0.058169,0.22657,0.70123
0,0,0.075414,0.19665,0.26843,0.18413,0.25313,0.017996,0.0042445,0
0.0029257,0.025145,0.030709,0.03148,0.032721,0.070638,0.074602,0.22607,0.22859,0.27712
0.017282,0.15547,0.12375,0.021656,0.29883,0.24146,0.11324,0.010135,0.0085225,0.0096549
0.054569,0.23461,0.33552,0.34342,0.0088357,0.0046548,0.0030917,0.0077279,0,0.0075664
0.61823,0.33048,0.036721,0.0020623,0.0025022,0,0.0011764,0,0.0031282,0.0056953
0.29017,0.44327,0.11382,0.076361,0.020354,0.001576,0.011127,0.0026918,0.013072,0.027561
0.65276,0.15142,0.02179,0.08423,0.0044377,0.011596,0.032322,0.021029,0.013127,0.0072878
0.23682,0.34781,0.25586,0.11413,0.0090712,0.017746,0,0.0017142,0,0.016856
0.059354,0.16302,0.011607,0.13242,0.14625,0.37943,0.075098,0.010823,0.0028511,0.019144
0,0.0010216,0,0,0,0,0.0060142,0.014111,0.060395,0.91846
0.013286,0.010775,0.0053673,0.01204,0.044952,0.027109,0.17058,0.092231,0.12884,0.49482
0.63977,0.069986,0.053812,0.1943,0.011932,0.0096449,0.0053407,0.0072221,0.0045278,0.0034595
0.51247,0.39072,0.053015,0.015028,0.0069264,0.0023582,0.0038408,0.014872,0.0007661,0
0.019548,0.067178,0.026233,0.01667,0.0039384,0.019145,0.049578,0.034212,0.22059,0.54291
0.17555,0.15143,0.03862,0.076742,0.21533,0.055046,0.094432,0.070381,0.032814,0.089654
0,0.0028491,0,0.0032963,0,0,0.003791,0.077294,0.12564,0.78713
0.0058306,0.031769,0.003438,0.0055658,0.029472,0.13423,0.14801,0.4758,0.11118,0.05471
0,0.00033219,0.0024548,0.00053798,0,0,0.04073,0.070369,0.35027,0.5353
0,0,0,0,0.0014587,0,0,0.01767,0.43688,0.54399
0.003496,0.0036963,0,0.0018598,0,0.0079779,0.0041803,0.076846,0.455,0.44695
0,0,0,0.0098432,0,0.012618,0.013535,0.016112,0.024797,0.9231
0.06838,0.14133,0.14147,0.12375,0.40704,0.076325,0.027589,0.014125,0,0
0.29035,0.37437,0.030798,0.022862,0.2429,0.013896,0.017068,0.0077589,0,0
0.060699,0.14245,0.074841,0.104,0.32419,0.07689,0.058345,0.0052906,0.13263,0.020667
0.026478,0.044612,0.025992,0.023718,0.057861,0.4277,0.065087,0.14388,0.16206,0.022604
0.11652,0.12025,0.077076,0.1182,0.31986,0.14561,0.07108,0.0025643,0.017752,0.011085
0.031769,0.073854,0.099296,0.19484,0.14642,0.29908,0.019483,0.015488,0.035922,0.083845
0.01447,0.013585,0.052085,0.067846,0.12872,0.16908,0.19933,0.32233,0.0098269,0.022723
0,0.0067881,0,0,0,0.0019403,0.0088721,0.47611,0.28123,0.22506
0,0,0,0,0.0032231,0.0034859,0.010026,0.13708,0.40768,0.4385
0,0.015584,0.0445,0.23703,0.19203,0.25738,0.10882,0.012407,0.11158,0.020675
0.00095476,0.024835,0.00075842,0.037053,0.019659,0.079273,0.014494,0.046108,0.22254,0.55433
0.29369,0.16419,0.079766,0.030664,0.033541,0.04316,0.072009,0.053116,0.087543,0.14232
0.0016036,0.0057684,0.020669,0.0079289,0.0097244,0.015032,0.29049,0.051263,0.26366,0.33386
0.49179,0.16824,0.048472,0.058383,0.10933,0.020534,0.0045523,0.042305,0.035406,0.020989
0.20604,0.21093,0.20533,0.2656,0.067927,0.015271,0.011653,0.0026179,0.0078877,0.0067418
0.71439,0.27982,0.0057838,0,0,0,0,0,0,0
0.52218,0.38207,0.051292,0.015087,0.0092193,0.0018797,0,0,0.018273,0
0.61223,0.27471,0.021619,0.030035,0.013391,0.018341,0.0020056,0.0028923,0.00018743,0.024582
0.19436,0.0053486,0.085892,0.25128,0.15317,0.13472,0.023296,0.093479,0.039018,0.019429
0.96654,0.017891,0.01281,0.0011688,0,0.00064534,0,0,0.00094224,0
0.021461,0.0047136,0.012211,0.0029048,0.0054343,0,0.038632,0.60814,0.28638,0.020115
0.90959,0.069185,0.01721,0.0029215,0,0,0,0,0,0.0010932
0.0017435,0,0.0078071,0.11239,0.32747,0.17217,0.18247,0.18053,0.013372,0.0020451
