0.011297,0.0020119,0.014853,0.0056692,0.01697,0.05549,0.66078,0.20486,0.020511,0.0075591
0.070668,0.29013,0.29979,0.26871,0.054112,0.0045828,0,0.0067609,0,0.0052475
0.52025,0.10127,0.11678,0.0743,0.033441,0.056519,0.0039775,0.0071205,0.024645,0.061693
0.47414,0.13585,0.012089,0.030666,0.041205,0.083655,0.020323,0.045361,0.0779,0.078813
0.54807,0.27004,0.12154,0.045712,0.0063243,0.0060065,0,0,0.0014377,0.00086979
0.34185,0.13703,0.043643,0.083278,0.35035,0.042624,0.0012183,0,0,0
0.92507,0.046179,0.0054092,0.00042181,0.0011454,0.0011676,0.0027025,0.0040979,0.011318,0.0024934
0.010044,0.23388,0.68036,0.067284,0.00534,0.0010288,0,0,0,0.0020561
0.048672,0.0068293,0.018449,0.059182,0.039322,0.022826,0.0053073,0.040089,0.17269,0.58664
0.012021,0.0069015,0.080299,0.11427,0.10836,0.25416,0.18631,0.093485,0.044994,0.099203
0.33276,0.12027,0.16458,0.038308,0.10436,0.078465,0.023288,0.06501,0.063214,0.0097463
0.27638,0.38647,0.16114,0.11252,0.011835,0.013491,0.0083967,0.0079823,0.016332,0.005448
0.043723,0.22398,0.1944,0.19159,0.14773,0.069147,0.068392,0.043717,0.014127,0.0031892
0.1088,0.028679,0.0495,0.080933,0.29566,0.26301,0.048422,0.033508,0.028582,0.062904
0.010173,0.020939,0.024825,0.014585,0,0.1103,0.058124,0.22257,0.35679,0.1817
0.019536,0.034703,0.011979,0.027416,0.10617,0.45933,0.07497,0.079373,0.11986,0.066664
0.027355,0.014412,0.017456,0.054929,0.094865,0.15839,0.081219,0.12206,0.22938,0.19994
0.01067,0.0069318,0.025301,0.032606,0.17802,0.10643,0.2133,0.11296,0.10271,0.21106
0.17522,0.078936,0.036894,0.054914,0.031126,0.095427,0.15636,0.095488,0.1166,0.15903
0.033017,0.024663,0.069587,0.1256,0.11379,0.15021,0.16716,0.15408,0.089881,0.072012
0.0037343,0.055844,0.010669,0.10025,0.14419,0.43574,0.15455,0.045408,0.046624,0.0029966
0.0048057,0.01635,0.037897,0.033761,0.17798,0.23556,0.21643,0.14206,0.038617,0.096545
0.018768,0.041903,0.060189,0.16002,0.16131,0.2101,0.26096,0.077108,0.0073485,0.0022981
0.24469,0.13675,0.10052,0.11473,0.23117,0.049039,0.052121,0.036163,0.028136,0.0066852
0.011065,0,0.022641,0.079216,0.12142,0.39234,0.15434,0.10184,0.020881,0.096259
0.096723,0.25606,0.13622,0.065184,0.13268,0.22975,0.033043,0.0047134,0.031949,0.013679
0.096782,0.050349,0.13107,0.14821,0.078373,0.28777,0.19364,0.0090141,0.003691,0.0011113
0.015634,0.0014279,0,0.012871,0.047481,0.1626,0.27739,0.255,0.17846,0.04913
0.00058998,0.0071472,0.024956,0.068733,0.057109,0.10207,0.42974,0.12333,0.13312,0.053205
0.17793,0.038361,0.025036,0.023108,0.097574,0.12954,0.099154,0.055719,0.16705,0.18653
0.17273,0.038609,0.41223,0.14508,0.10755,0.0040381,0.034698,0.036853,0.014471,0.033742
0.020276,0.14762,0.01133,0.1071,0.3371,0.18084,0.14534,0.017769,0.030389,0.0022412
0.0029976,0.0026055,0.0058393,0.0054947,0.1731,0.164,0.23334,0.14028,0.1212,0.15114
0.0076852,0.034893,0.14124,0.06929,0.090725,0.013655,0.023316,0.020076,0.04926,0.54986
0.027029,0.091766,0.42883,0.43373,0.0098727,0.0082658,0,0.00051106,0,0
