0.029611,0.0078809,0,0.0038013,0.024899,0.045184,0.48162,0.34355,0.0352,0.028249
0.069811,0.0078007,0.051027,0.0077999,0.02571,0.21782,0.35595,0.2563,0.0066452,0.0011322
0,0.010392,0,0.010207,0.079279,0.20433,0.25035,0.41241,0.010117,0.022913
0.48926,0.4395,0.045047,0.016643,0,0.0012095,0,0,0,0.008339
0.28531,0.28206,0.011403,0.092057,0.053342,0.041477,0.020648,0.011348,0.06326,0.13909
0.57226,0.18129,0.091355,0.052307,0.02841,0.04515,0.0025203,0.0036939,0.0093116,0.013705
0.040117,0.13713,0.0092139,0.023241,0.046289,0.060775,0.22052,0.36569,0.086129,0.010893
0.26784,0.32055,0.042808,0.083316,0.088758,0.044954,0.0087647,0.025871,0.073751,0.043391
0.50315,0.065843,0.080886,0.12433,0.098609,0.07167,0.034934,0.016018,0.004559,0
0.54821,0.30916,0.125,0.0068423,0.001611,0.0079739,0,0,0.0012079,0
0.26287,0.074223,0.12005,0.077441,0.042334,0.40561,0.017473,0,0,0
0.51911,0.31394,0.066145,0.060466,0.018198,0.01972,0,0,0.0024165,0
0.012711,0.36184,0.1428,0.048563,0.29764,0.050935,0.021388,0.041145,0.010419,0.012559
0.67886,0.3032,0.012431,0.00033999,0.0015737,0.0017893,0.00038199,0.0014295,0,0
0.37377,0.58978,0.029844,0.0031206,0.0017084,0,0.00050524,0.00059512,0.0006725,0
0,0.0018013,0.14776,0.0049069,0.0043151,0.039701,0.29214,0.45283,0.035526,0.021023
0,0.032954,0.0011657,0.0026247,0.013563,0.0072492,0.046321,0.26313,0.61516,0.017833
0.046559,0.041203,0.026365,0.20769,0.17212,0.14048,0.25509,0.096407,0.0076919,0.0063924
0,0,0.0039132,0,0,0.0016816,0.005313,0.018125,0.074181,0.89679
0.051598,0.55377,0.18296,0.0099562,0.00073377,0.0005961,0.022506,0.085005,0.067807,0.025075
0.39266,0.38889,0.12394,0.014575,0.0584,0.0037816,0.0027145,0.0037426,0.0035969,0.007704
0.020096,0.17911,0.046013,0.14335,0.094775,0.24764,0.1598,0.039409,0.059653,0.01015
0.29676,0.23906,0.030813,0.29127,0.067485,0.014126,0.011584,0.0010939,0.025011,0.022798
0.031438,0.29366,0.21391,0.10253,0.16331,0.077831,0.023865,0.017676,0.0030688,0.072706
0.013632,0.13201,0.060611,0.1525,0.17271,0.09912,0.14678,0.046031,0.16175,0.014862
0.7511,0.054085,0.067909,0.058675,0.020522,0.0022571,0.016317,0,0.020736,0.0083971
0.11697,0.053945,0.085338,0.30551,0.27334,0.052634,0.039882,0.0070502,0.0088126,0.056521
0.12437,0.058873,0.034424,0.090297,0.17992,0.18564,0.19821,0.03766,0.070395,0.020224
0.030409,0.036456,0.12091,0.047266,0.042272,0.10949,0.048399,0.14124,0.38924,0.034315
0,0.029691,0.12511,0.010283,0.023667,0.0032755,0.014675,0.27063,0.43582,0.086852
0.019644,0.0017106,0.0043703,0.049818,0.28491,0.45953,0.058741,0.079122,0.035509,0.0066455
0.010339,0.012827,0.026877,0.072999,0.22288,0.14392,0.18922,0.20024,0.078196,0.042499
0.095048,0.10328,0.097203,0.1101,0.3001,0.11034,0.074544,0.093132,0.012134,0.0041214
0.0023631,0.014448,0.043527,0.10053,0.12733,0.11366,0.11477,0.11561,0.10666,0.2611
0.0079503,0,0.0207,0.03475,0.20302,0.13997,0.29169,0.18009,0.049045,0.072786
0.031102,0.011732,0.034778,0.047162,0.047655,0.068411,0.048954,0.06459,0.4672,0.17841
0.0009923,0.014077,0.041312,0.13242,0.32848,0.15251,0.23534,0.07462,0.018093,0.002161
0.045864,0.080765,0.04364,0.029267,0.23403,0.20958,0.12752,0.06965,0.10903,0.050664
0.034915,0.050694,0.049231,0.1778,0.15044,0.11372,0.20435,0.086411,0.073475,0.058968
0.054539,0.031677,0.12996,0.20611,0.10167,0.21396,0.093947,0.061974,0.061159,0.045006
0.012074,0.037752,0.042856,0.13028,0.078848,0.31245,0.18654,0.1175,0.029149,0.052546
0.010607,0.019373,0.021295,0.31086,0.08013,0.070225,0.072382,0.28548,0.053445,0.076201
0.030079,0.071848,0.094964,0.066026,0.12343,0.10428,0.31348,0.11337,0.0084404,0.074078
0.046978,0.030909,0.065446,0.13487,0.080122,0.29878,0.17873,0.043124,0.058943,0.062097
0.020911,0.024685,0.043391,0.11805,0.19517,0.19784,0.27535,0.097774,0.0059037,0.02093
0.069778,0.046018,0.014161,0.031702,0.2351,0.19453,0.21187,0.088101,0.073146,0.0356
0.36348,0.14222,0.076118,0.15989,0.13757,0.023657,0.038522,0.024732,0.025779,0.0080443
0.146,0.072916,0.11871,0.042051,0.12954,0.10213,0.12039,0.1133,0.058748,0.096205
0.011315,0.0071067,0.0085844,0.035996,0.058614,0.083272,0.084137,0.10329,0.38583,0.22185
0.019505,0.023921,0.14064,0.19208,0.15001,0.18168,0.20118,0.031216,0.0169,0.04287
0.04057,0.17505,0.21553,0.053657,0.083888,0.21605,0.11807,0.038332,0.024719,0.034139
0.23194,0.1356,0.084586,0.16039,0.15697,0.10046,0.037471,0.028385,0.040117,0.024086
0.25691,0.10428,0.037562,0.057885,0.097426,0.050031,0.20522,0.16871,0.018628,0.003346
0.060132,0.056254,0.17897,0.11458,0.42191,0.16235,0.0058112,0,0,0
0,0.0066064,0.012712,0.026984,0.13747,0.15922,0.3616,0.19396,0.079457,0.021988
0,0.0037412,0.0048452,0.016432,0.00096557,0.026076,0.071599,0.30423,0.19154,0.38057
0,0,0.021454,0.10223,0.081769,0.32604,0.32609,0.094945,0.046101,0.0013759
0,0.0039748,0.017338,0.04344,0.040604,0.096374,0.1405,0.13892,0.35887,0.15998
0.074436,0.078075,0.22721,0.07851,0.078367,0.017774,0.11516,0.023075,0.11188,0.19551
0.0055864,0.00049873,0.031935,0.27682,0.14546,0.15077,0.0626,0.035231,0.053045,0.23806
0.15527,0.5286,0.099169,0.089443,0.083372,0.017179,0.0053996,0.010537,0.0016801,0.0093444
0.10115,0.10703,0.02889,0.056754,0.28065,0.24253,0.050125,0.021576,0.02572,0.085568
0.055271,0.07658,0.021273,0.036478,0.72565,0.051002,0.0044045,0.0082021,0.018688,0.0024511
0,0.025704,0,0.071399,0.15612,0.1947,0.38382,0.063158,0.033075,0.072031
0,0.0065325,0.0019738,0.0050178,0.0088826,0.011646,0.049769,0.70009,0.14768,0.068411
0.43181,0.1713,0.052183,0.012987,0.1877,0.017985,0.014737,0.0065578,0.089586,0.015152
0.0047723,0.0075263,0.029841,0.0029837,0.012198,0.011751,0.037387,0.19957,0.65527,0.038694
0.29742,0.051101,0.1394,0.14847,0.18149,0.035901,0.027652,0.001856,0.09272,0.024
0.069746,0.050011,0.63014,0.12725,0.0094123,0.11344,0,0,0,0
0.029158,0.026243,0.59681,0.33077,0.016058,0,0,0,0,0.00095638
0.0097801,0.014404,0.011198,0.13366,0.50283,0.22893,0.037948,0.030745,0.0079834,0.022515
