0,0.022977,0.012429,0.0071518,0,0.0044925,0.0065323,0.044725,0.56708,0.33461
0,0,0,0,0.0016189,0,0.0039731,0.025744,0.081878,0.88679
0.0054115,0.30392,0.26795,0.27587,0.086262,0.0087411,0.024909,0.022681,0.0042528,0
0.13664,0.80239,0.055631,0.0043653,0.0009689,0,0,0,0,0
0.012088,0.28697,0.037259,0.0040004,0.068519,0.14755,0.1016,0.034101,0.13201,0.17591
0.46802,0.46954,0.022812,0.010137,0,0,0.00055532,0,0,0.028931
0.023613,0,0.005919,0.32566,0.55443,0.072359,0.0026271,0.0058097,0.0017646,0.0078162
0.0041932,0.01444,0.024015,0.035628,0.20468,0.16994,0.41167,0.11487,0.0074143,0.013147
0,0.017742,0.0046467,0.014599,0.069411,0.11831,0.18443,0.42991,0.042119,0.11883
0.67892,0.23496,0.02378,0.026589,0.0099577,0.0094141,0.0018699,0.0017232,0,0.012786
0.0039826,0.056687,0.012432,0.0023299,0.024455,0.14935,0.14653,0.22599,0.24033,0.13792
0.033725,0.019793,0.009195,0.0014463,0.0090434,0.014517,0.050928,0.16377,0.13052,0.56707
0,0.002496,0.001239,0,0,0,0,0.019499,0.17985,0.79692
0,0,0,0,0,0,0,0.0025477,0.051421,0.94603
0.83305,0.14853,0,0,0.0038752,0.0081558,0.0063897,0,0,0
0.9909,0.0039953,0.0047747,0,0,0.00032548,0,0,0,0
0.99505,0.0017222,0.0014564,0,0,0.00088863,0.00087898,0,0,0
0.74076,0.18983,0.021218,0.036346,0.0086632,0,0,0.0025942,0,0.00058756
0.0062747,0.28261,0.7102,0.00091294,0,0,0,0,0,0
0.40142,0.47246,0.065168,0.037636,0.012079,0,0,0.01059,0,0.00064567
0.009682,0.0056483,0.0096626,0.0081428,0.048453,0.036969,0.036006,0.41277,0.42695,0.0057204
0.0047621,0.0081042,0.010933,0.0313,0.025006,0.017893,0.0078587,0.066462,0.35056,0.47712
0.0023515,0,0.0012558,0.000979,0,0.0026467,0.0039718,0.58093,0.40787,0
0,0,0,0.003895,0,0,0.00080378,0.0095414,0.0052545,0.98051
0.024137,0.0014456,0.0026267,0.003729,0.0014752,0.01295,0.0098278,0.015533,0.13446,0.79382
0.80157,0.10806,0.0093785,0.044364,0.030355,0.0040544,0.00078602,0,0.0014338,0
0,0,0.00058209,0.00032674,0,0.0013232,0.0019565,0.027765,0.12977,0.83827
0.28002,0.1211,0.016122,0.032504,0.12412,0.044392,0.018984,0.14625,0.098422,0.11808
0.089611,0.095769,0.062859,0.20172,0.047662,0.14137,0.065922,0.07676,0.098134,0.12019
0.021448,0.041369,0.011183,0.0071124,0.020716,0.075942,0.10181,0.24205,0.37606,0.10231
0,0,0.0078545,0.0086921,0.058275,0.046104,0.070263,0.49282,0.28128,0.034719
0,0,0,0,0.00098018,0.003221,0.029114,0.076569,0.72461,0.16551
0.015941,0.01655,0,0.0057287,0.0069332,0.044752,0.071288,0.14935,0.51244,0.17702
0.0087218,0.012526,0.047762,0.030839,0.060027,0.032059,0.052448,0.099187,0.48664,0.16979
0.069805,0.0038012,0.0037252,0.014303,0,0.02139,0.030031,0.15503,0.27782,0.4241
0.074643,0.13475,0.13594,0.03995,0.052583,0.19088,0.065981,0.097518,0.044057,0.1637
0.037364,0.039109,0.076688,0.099829,0.1438,0.16433,0.056138,0.13608,0.22389,0.022769
0.00037281,0.0055019,0,0.0027873,0.059836,0.10375,0.20345,0.42411,0.18053,0.019662
0,0,0,0.0032481,0.0048293,0.22108,0.43262,0.16309,0.15595,0.019193
0.096366,0.018927,0.23844,0.35779,0.13957,0.061067,0.030775,0.036762,0.014864,0.0054452
0.20876,0.09328,0.21005,0.20222,0.064637,0.043742,0.061336,0.049844,0.014772,0.051353
0.094188,0.30005,0.091312,0.021952,0.25745,0.067726,0.0056255,0.024059,0.058388,0.079249
0.2112,0.20556,0.057231,0.091519,0.24148,0.17701,0.013791,0.0022073,0,0
0.18966,0.61025,0.19851,0.0015787,0,0,0,0,0,0
0.039005,0.43108,0.23104,0.040515,0.051824,0.043243,0.036458,0.012454,0.088964,0.025422
0,0,0.0022652,0.0010083,0.02622,0.23427,0.39328,0.27426,0.059227,0.0094773
0.18132,0.68817,0.078245,0.011533,0.0038405,0.0054637,0.018294,0.013128,0,0
0.0034561,0.0059033,0.14296,0.75196,0.07377,0.010945,0.0033397,0.0012375,0.0064308,0
0.93743,0.056011,0,0,0,0.0027041,0,0.0038594,0,0
0.67018,0.27606,0.024891,0.013101,0.015769,0,0,0,0,0
0.14808,0.35426,0.40451,0.032462,0.035942,0.0094605,0,0.0031815,0.0047786,0.0073232
0.051882,0.6663,0.21632,0.0072933,0.040364,0.013743,0.0011795,0,0.0029153,0
0,0,0.0016968,0.0010994,0.0033273,0.024788,0.34317,0.55113,0.074785,0
0.0078471,0.0030717,0.0032081,0.0069301,0.0049189,0.044662,0.15896,0.45052,0.25716,0.062726
0.18324,0.61778,0.17517,0.019445,0.0028424,0.0015277,0,0,0,0
0.014358,0.2216,0.56773,0.12314,0.066104,0.004778,0.0022908,0,0,0
0.0069167,0.0038966,0.010542,0.10642,0.55504,0.25261,0.050593,0.013986,0,0
0.80634,0.14236,0.028519,0.012461,0,0.010326,0,0,0,0
0.89167,0.099953,0.0020114,0.0016137,0,0.0045535,0.00011534,0,0,8.6431e-05
0.50192,0.44268,0.053792,0.0016035,0,0,0,0,0,0
0.0024601,0.069863,0.05479,0.050534,0.08771,0.057293,0.068994,0.13966,0.19929,0.2694
0,0,0.00093339,0,0.0023008,0.0055918,0.0064884,0.00072521,0.17518,0.80878
0.05528,0.085796,0.29246,0.24721,0.10939,0.13306,0.061047,0.011392,0.0015924,0.0027643
0.191,0.38806,0.25732,0.040545,0.022754,0.027999,0.01502,0.053538,0.0037702,0
0.13542,0.51823,0.18372,0.027605,0.094789,0.0043792,0.00027437,0.012772,0.016832,0.0059771
0.46199,0.18645,0.1547,0.10927,0.02369,0.010017,0.043895,0.00062906,0.0076843,0.0016882
0.039064,0.12799,0.14125,0.072332,0.073782,0.090554,0.15951,0.057024,0.070673,0.16782
0.060065,0.043076,0.076267,0.057632,0.058423,0.11999,0.18456,0.1743,0.12907,0.096617
0.032718,0.069312,0.053874,0.078075,0.079051,0.034817,0.071166,0.15479,0.088348,0.33785
0.021014,0.021393,0.023107,0.036833,0.077961,0.075955,0.17418,0.10419,0.23749,0.22787
0.006641,0.0097039,0.012997,0.073626,0.035017,0.098732,0.12076,0.12819,0.21531,0.29902
0.059857,0.042845,0.074491,0.11284,0.083136,0.059282,0.10632,0.086296,0.16473,0.21021
0.046501,0.13508,0.10736,0.046593,0.25579,0.090079,0.080607,0.011963,0.072928,0.15309
0.029833,0.023777,0.066821,0.032748,0.064528,0.097167,0.33029,0.073485,0.19352,0.087825
0.0016051,0.05762,0.22182,0.36685,0.14809,0.17972,0.0068028,0.015396,0.0020953,0
0.17643,0.37371,0.027774,0.0068171,0.00092389,0.0022002,0.0012497,0.022708,0.10406,0.28414
0.074723,0.034609,0.12659,0.058393,0.010157,0.052984,0.085661,0.11302,0.29031,0.15355
0.012548,0.031432,0.11739,0.23951,0.17414,0.092322,0.099793,0.085167,0.077938,0.069754
0.017072,0.035366,0.066071,0.124,0.1189,0.041749,0.3728,0.19485,0.026486,0.0027097
0.045644,0.032815,0.075446,0.14437,0.060186,0.076219,0.036226,0.040279,0.22545,0.26336
0.018273,0.048699,0.14761,0.077052,0.1077,0.15289,0.23514,0.066181,0.060414,0.086049
0.052778,0.055267,0.2606,0.10371,0.12393,0.094543,0.04969,0.075765,0.10176,0.081959
0.064752,0.15367,0.16401,0.26517,0.068355,0.070183,0.1206,0.055572,0.018055,0.019623
0.023298,0.041201,0.16554,0.19026,0.11224,0.058394,0.16915,0.20053,0.023496,0.015886
0.028497,0.04288,0.1144,0.18315,0.16116,0.1268,0.18443,0.06134,0.074462,0.022894
0.036603,0.051559,0.078471,0.084155,0.09481,0.23524,0.33459,0.052577,0.026918,0.0050737
0.003152,0.0068382,0.0082831,0.031015,0.15869,0.29829,0.371,0.10966,0.0073846,0.005688
0.057225,0.01623,0.06634,0.068143,0.15143,0.29683,0.062759,0.20698,0.032397,0.041665
0.061829,0.026828,0.13442,0.28423,0.1357,0.081014,0.16817,0.022412,0.045798,0.039598
0.1274,0.23164,0.34415,0.098922,0.059397,0.061031,0.025101,0.0027883,0.024531,0.025044
0.0055165,0.01727,0.038531,0.12282,0.14152,0.25981,0.31375,0.063872,0.025912,0.011002
0.0089651,0.022734,0.035559,0.065412,0.11975,0.30715,0.36333,0.052851,0.019322,0.004933
0.064817,0.028084,0.043952,0.088967,0.13516,0.16395,0.23176,0.098747,0.10748,0.037087
0.049261,0.055917,0.093931,0.10413,0.096677,0.24921,0.088254,0.1251,0.096223,0.041293
0.058415,0.039697,0.058615,0.074022,0.053497,0.199,0.18709,0.1758,0.0752,0.078658
0.049709,0.034115,0.058,0.032871,0.063634,0.20312,0.11797,0.19763,0.10267,0.14028
0.10135,0.066696,0.033753,0.12531,0.14091,0.11178,0.13511,0.10175,0.052083,0.13127
0.13255,0.15853,0.15978,0.12004,0.10753,0.14799,0.070978,0.074912,0.01758,0.010122
0.3933,0.26484,0.10574,0.11942,0.053936,0.025478,0.036067,0,0,0.0012238
0.50881,0.19472,0.066924,0.033628,0.037221,0.035145,0.013735,0.022245,0.036479,0.051093
0.036128,0.096724,0.15293,0.050207,0.11547,0.116,0.14312,0.13556,0.10577,0.048102
0.029255,0.10906,0.023648,0.022261,0.080271,0.073565,0.050897,0.057212,0.15198,0.40185
0.092423,0.063672,0.066551,0.078587,0.12513,0.094695,0.11008,0.017925,0.028035,0.3229
0.045801,0.025645,0.047103,0.017217,0.053485,0.17055,0.11671,0.098406,0.20473,0.22035
0.048605,0.022902,0.065403,0.061136,0.13685,0.16476,0.095807,0.16172,0.17854,0.064277
0.0042825,0.047658,0.1904,0.17089,0.21909,0.1545,0.14301,0.058606,0.0024025,0.009161
0,0.0048976,0.00066079,0.029029,0.10247,0.26913,0.052627,0.21042,0.25559,0.075176
