0.091222,0.18678,0.19429,0.1111,0.094502,0.075734,0.14622,0.066766,0.012365,0.021019
0.093585,0.030321,0.019283,0.025426,0.10503,0.13177,0.33447,0.097257,0.13108,0.031765
0.044873,0.26343,0.044295,0.05713,0.082629,0.059051,0.040997,0.081139,0.23813,0.088321
0.26432,0.14522,0.074777,0.12232,0.14523,0.035421,0.050618,0.064571,0.02867,0.068848
0.027897,0.11741,0.37035,0.3797,0.056383,0.027323,0.0080005,0.0047042,0.0082211,0
0.12559,0.15893,0.091439,0.24302,0.258,0.1005,0.013201,0.0034842,0.0017743,0.0040642
0.24084,0.097402,0.091261,0.16498,0.187,0.13753,0.042467,0.028043,0.0034776,0.0070037
0.13021,0.35172,0.28832,0.091366,0.043168,0.068937,0.0073092,0.01645,0.0025212,0
0.0081177,0.0067552,0.040862,0.43314,0.21987,0.12748,0.065253,0.028824,0.025446,0.044247
0.19673,0.38189,0.31364,0.065656,0.032938,0.0060077,0.0017962,0,0.0013442,0
0.32792,0.45853,0.15269,0.025949,0.015398,0.015511,0.0040097,0,0,0
0.29079,0.4058,0.24535,0.040088,0.012579,0.0033588,0.00091289,0,0.0011164,0
0.16305,0.18981,0.32585,0.23479,0.066934,0.012634,0.0066166,0.00032041,0,0
0.00061707,0.00020089,0.022819,0.060339,0.10831,0.1844,0.17658,0.12072,0.064329,0.26169
0,0,0,0.0043827,0.023078,0.0069414,0.042626,0.11013,0.40464,0.4082
0.039558,0.17569,0.31882,0.15441,0.068007,0.15949,0.055199,0.012141,0.0092921,0.0073851
0.02251,0.015825,0.0012626,0.017085,0.055263,0.026751,0.044684,0.18911,0.40136,0.22615
0.26494,0.30684,0.28388,0.016581,0.070335,0.039901,0.0084795,0.0020218,0.0023338,0.0046858
0.0047937,0.0038238,0.00065135,0,0.020503,0.033827,0.3023,0.54118,0.078292,0.014631
0.0022731,0.040361,0.043527,0.21087,0.62597,0.076602,0,0,0.00039586,0
0.28887,0.29633,0.16207,0.058237,0.062403,0.048936,0.024041,0.017853,0.034276,0.0069829
0.081724,0.18465,0.24922,0.020494,0.048424,0.069291,0.05699,0.1189,0.11513,0.055183
0.017327,0.0039896,0.0088674,0.017145,0.064404,0.0959,0.71307,0.071937,0.0073635,0
0.18145,0.60747,0.14839,0.020744,0.012802,0.020356,0.0079853,0.00079964,0,0
0.52058,0.16521,0.064271,0.088743,0.11328,0.032323,0.010927,0.0040957,0.00057175,0
0.76746,0.091492,0.051575,0.019903,0.03838,0.023416,0.0030621,0.0047134,0,0
0,0,0.011426,0.017981,0.019084,0.048319,0.061232,0.029327,0.23593,0.5767
0.34977,0.19591,0.14521,0.03732,0.055815,0.026147,0.033493,0.047468,0.094452,0.014414
0.026387,0.01069,0.011919,0.054029,0.14306,0.37961,0.28287,0.066721,0.012107,0.012606
0.060963,0.26561,0.34077,0.16333,0.078812,0.049712,0.00087427,0.00013091,0.016786,0.023013
0.092466,0.30835,0.236,0.071876,0.060857,0.026528,0.07059,0.11838,0,0.01496
0.14363,0.31427,0.08862,0.064011,0.041353,0.1403,0.16773,0.011226,0.014347,0.014509
0.022823,0.24011,0.094133,0.086601,0.057486,0.07082,0.17109,0.052384,0.044976,0.15958
0.022076,0.031221,0.017328,0.10786,0.11886,0.067862,0.062125,0.14175,0.14522,0.28569
0.040442,0.034529,0.059187,0.034345,0.027741,0.029456,0.087313,0.098504,0.33593,0.25255
0.15192,0.15443,0.098044,0.042197,0.088626,0.14687,0.15999,0.11852,0.02726,0.012143
0.25657,0.20289,0.26491,0.082632,0.10667,0.020526,0.010861,0.025589,0.023061,0.0062936
0.083272,0.22046,0.10991,0.066429,0.075767,0.16446,0.041687,0.063946,0.011412,0.16266
0.0003442,0,0.031452,0.031758,0.085304,0.1046,0.33912,0.096325,0.16097,0.15013
0.004029,0.014676,0.10435,0.4751,0.040962,0.13725,0.01571,0.0094466,0.10674,0.091742
0.050993,0.012823,0.076011,0.11244,0.097869,0.11729,0.15583,0.27729,0.083932,0.015525
0,0,0.0028502,0.20231,0.29898,0.37678,0.09897,0.01693,0.0031781,0
0.050871,0.287,0.16611,0.077784,0.097475,0.077574,0.062777,0.042245,0.07015,0.068011
0.1769,0.11545,0.17529,0.090952,0.070008,0.02544,0.1309,0.081035,0.10857,0.02545
0.042483,0.12176,0.11614,0.09465,0.10148,0.018963,0.11463,0.15263,0.0090649,0.2282
0.32396,0.061088,0.053227,0.037483,0.078935,0.11948,0.077082,0.0050341,0.1321,0.11162
0.12477,0.034124,0.099345,0.33769,0.32138,0.07972,0.0022482,0,0.00039873,0.00032381
0.79989,0.082106,0.0366,0.039474,0.031526,0,0.010406,0,0,0
0.0071655,0.053663,0.68783,0.19203,0.050574,0.008739,0,0,0,0
0,0.014144,0.01418,0.72466,0.18564,0.030533,0.016644,0.0063223,0.0023861,0.0054931
0.84186,0.099757,0.014111,0.0019473,0.02291,0.017695,0.0017198,0,0,0
0.91501,0.035978,0.024094,0.0033971,0.021522,0,0,0,0,0
0.00012903,0.0023086,0.0078087,0.061744,0.072585,0.046317,0.032241,0.18338,0.4855,0.10799
0.62323,0.148,0.026091,0.016424,0.014064,0.049022,0.056805,0.0088067,0.034504,0.023048
0,0.051915,0.20048,0.3157,0.23176,0.1442,0.020838,0.011297,0.0060821,0.017722
