0.0039838,0,0.011052,0.084792,0.097129,0.054192,0.21157,0.5099,0.018425,0.0089533
0.0090375,0.054957,0.04117,0.040611,0.066419,0.054436,0.034677,0.22156,0.19534,0.28179
0.76868,0.061285,0.029712,0.040412,0.0275,0.044319,0.018591,0.001669,0.0036657,0.004161
0.20628,0.14059,0.16133,0.11455,0.1371,0.13255,0.045773,0.044844,0.0047405,0.012253
0,0,0.29626,0.032905,0.042231,0.049672,0.085204,0.14949,0.2184,0.12584
0.065495,0.10792,0.18887,0.012043,0.057947,0.11686,0.097568,0.12155,0.22449,0.0072588
0.84431,0.081925,0.024236,0.0061011,0.0079729,0.0029621,0.0070263,0,0,0.025469
0.0038476,0.042549,0.013086,0.021967,0.051715,0.049136,0.16483,0.10269,0.22488,0.3253
0.011348,0.071943,0.088949,0.10986,0.077367,0.1187,0.076709,0.048963,0.25133,0.14483
0.020754,0.038916,0.033773,0.046306,0.18857,0.13142,0.12245,0.11497,0.08876,0.21409
0.15876,0.30289,0.24539,0.13349,0.0070291,0.025081,0.022537,0.032182,0.0198,0.052838
0.066016,0.075498,0.10369,0.047007,0.073191,0.16715,0.29904,0.084175,0.068579,0.015647
0.23501,0.1222,0.062616,0.05119,0.065285,0.076748,0.18128,0.057917,0.044639,0.10312
0.029002,0.011377,0.0084154,0.025871,0.010765,0.097175,0.16542,0.42336,0.18154,0.047079
0.0035617,0.0024272,0.01868,0.028231,0.080664,0.089935,0.083782,0.12747,0.22641,0.33884
0.0024801,0.0036535,0.0082128,0.030254,0.27632,0.16547,0.092574,0.15336,0.23207,0.035597
0.013214,0.035023,0.06316,0.17128,0.28105,0.16522,0.080766,0.051222,0.038699,0.10037
