0.001822,0.009657,0.11271,0.028562,0.11386,0.039185,0.056201,0.41966,0.20015,0.018182
0,0,0,0.010319,0.084614,0.11102,0.59996,0.15083,0.036215,0.0070403
0,0,0.0054091,0.0039409,0.026032,0.089644,0.11824,0.64578,0.068208,0.04275
0.017489,0.16908,0.18584,0.30819,0.092487,0.12223,0.040689,0.035476,0.0073306,0.021176
0.0024077,0.073166,0.64535,0.074993,0.097649,0.064675,0.014728,0.0086317,0.0044692,0.013932
0.38716,0.42694,0.038497,0.036141,0.04222,0.055702,0.0049267,0.0084088,0,0
0.029849,0.027143,0.48606,0.20337,0.062824,0.12802,0.018095,0.044636,0,0
0.0056637,0.030585,0.078823,0.045972,0.10384,0.38538,0.24712,0.086594,0.012303,0.0037149
0.16246,0.1041,0.0792,0.17186,0.091684,0.092399,0.017684,0.15477,0.044738,0.081092
0,0,0.25385,0.04865,0.024415,0.059942,0.13841,0.11923,0.12273,0.23277
0.0086582,0.033283,0.055892,0.0048001,0.07091,0.17229,0.4255,0.14105,0.076221,0.011399
0.27161,0.0066975,0.15837,0.063187,0.11568,0.035981,0.01358,0.11985,0.1708,0.044248
0.38614,0.43914,0.11338,0.018129,0.043214,0,0,0,0,0
0.82116,0.14864,0.01878,0.0063766,0.0032767,0.0015628,0,0,0,0.00020814
0.0067114,0.023939,0.16319,0.24434,0.17059,0.077498,0.085389,0.091886,0.11848,0.017974
0.0047296,0.019782,0.045621,0.0083623,0.0031556,0.036124,0.054261,0.14003,0.22121,0.46673
0.019419,0.0032999,0.026785,0.07871,0.10678,0.098974,0.043244,0.033645,0.35396,0.23518
0.08085,0.16508,0.1004,0.11954,0.26157,0.081783,0.04858,0.045628,0.064741,0.031832
0.015618,0.082606,0.039646,0.046358,0.25611,0.12417,0.12539,0.04524,0.071728,0.19313
0.028858,0.052291,0.021688,0.17814,0.1734,0.066626,0.018296,0.036245,0.36452,0.05993
0.73617,0.16645,0.012786,0.0046203,0.0013084,0.025322,0.0057672,0.026736,0.0011245,0.01972
0.019845,0.0089698,0.23612,0.086024,0.4214,0.12324,0.072137,0.014025,0.014397,0.003835
0.042952,0.087339,0.11284,0.062804,0.13649,0.05592,0.1489,0.30512,0.021239,0.026399
0.08292,0.10102,0.077691,0.079002,0.14009,0.1006,0.32297,0.013633,0.029928,0.052149
0.20161,0.074954,0.050542,0.042887,0.070648,0.072371,0.15539,0.058866,0.067923,0.20482
0.1641,0.30029,0.2083,0.014832,0.017418,0.049342,0.089079,0.089029,0.0366,0.03101
0.049981,0.023104,0.0079935,0.0019839,0.011436,0.28736,0.34144,0.21005,0.045887,0.020762
0.0049116,0.0027542,0.0068194,0.0020066,0.0039102,0.03407,0.036327,0.21467,0.46147,0.23306
0.025705,0.0036608,0.0059325,0.013087,0.0027546,0.020765,0.088392,0.14987,0.2163,0.47353
0.034596,0.13185,0.040152,0.086851,0.10559,0.15291,0.099373,0.094767,0.12634,0.12757
0.0031965,0.0033481,0.025227,0.0022985,0.0051488,0.082996,0.17503,0.10043,0.087838,0.51449
0.0045051,0.0019289,0.046193,0.54187,0.33224,0.048076,0.02519,0,0,0
0.0064219,0.05999,0.025976,0.38405,0.28847,0.12147,0.082784,0.017787,0.011763,0.0012979
0.0053692,0.058011,0.092523,0.10965,0.17438,0.14159,0.091539,0.082811,0.10389,0.14024
0.013545,0.036599,0.096906,0.083898,0.072198,0.30278,0.22308,0.047585,0.037445,0.085965
