0.0078562,0.029813,0.098894,0.19059,0.41812,0.034065,0.038306,0.031371,0.073244,0.077733
0.16467,0.61949,0.065754,0.063093,0.041955,0.021961,0.0026369,0.0043131,0.0045535,0.011574
0.0018937,0.0034995,0.0017035,0.023267,0.0014298,0.030099,0.091508,0.077936,0.35607,0.4126
0.08217,0.040822,0.0083824,0.089651,0.18331,0.033177,0.026139,0.049487,0.27385,0.21301
0.035999,0.29901,0.17535,0.029905,0.040291,0.036913,0.018095,0.084353,0.21655,0.063524
0.065016,0.08775,0.46557,0.090153,0.030734,0.036414,0.022816,0.029901,0.078907,0.092734
0.69125,0.17824,0.068119,0.022832,0.020102,0.0029798,0.0063648,0.0084165,0,0.0016991
0.17468,0.26718,0.45184,0.070223,0.028618,0,0.0074505,0,0,0
0.0016153,0.031013,0.0084238,0.040977,0.16844,0.075793,0.039574,0.045902,0.33945,0.2488
0.023112,0.0020083,0.0027074,0.001607,0.0063322,0.009057,0.00078681,0.0042852,0.18592,0.76418
0.076311,0.043416,0.040105,0.1608,0.042348,0.077919,0.063735,0.11272,0.08806,0.29459
0.24457,0.14448,0.046843,0.09102,0.066492,0.13966,0.0579,0.081771,0.083959,0.0433
0.048008,0.050852,0.058782,0.082948,0.28027,0.16825,0.12335,0.083622,0.040982,0.062934
0.013652,0.099276,0.043524,0.26893,0.2294,0.25145,0.044986,0.0003053,0.031336,0.017143
0.15666,0.14891,0.20127,0.15443,0.15693,0.063216,0.057941,0.03626,0.014631,0.0097537
0.0060703,0.019516,0.031195,0.14723,0.11966,0.16118,0.052805,0.24175,0.18267,0.037926
0.010009,0.026644,0.032903,0.065027,0.16413,0.17494,0.37052,0.047601,0.050609,0.057617
0.014669,0.025329,0.017135,0.027977,0.054595,0.10327,0.09763,0.35398,0.21731,0.088097
0.008447,0.018563,0.021764,0.038277,0.073239,0.10388,0.31701,0.28749,0.056814,0.074516
