0.018303,0.037043,0.046146,0.047065,0.05736,0.070493,0.34808,0.13723,0.17888,0.059402
0,0.0013141,0.006506,0.21705,0.56694,0.13105,0.067304,0.0049545,0.0048819,0
0.060639,0.029958,0.072117,0.080804,0.03294,0.057831,0.1305,0.1417,0.15674,0.23677
0.018933,0.081358,0.094824,0.12342,0.22469,0.060881,0.043592,0.14635,0.11212,0.093833
0.026536,0.0202,0.033196,0.05726,0.24859,0.19872,0.03107,0.094272,0.16544,0.12472
0.010872,0.054556,0.092594,0.23261,0.35859,0.16915,0.073742,0.00528,0.0026164,0
0.32552,0.18162,0.070319,0.080735,0.11459,0.070941,0.012751,0.054562,0.052072,0.036889
0.47093,0.17376,0.11429,0.091926,0.039299,0.032707,0.034784,0.022608,0.010168,0.0095226
0.515,0.19118,0.067161,0.095213,0.022267,0.041449,0.01729,0.039511,0.010432,0.00050159
0.0020687,0.0092852,0.015715,0,0.0045174,0.050989,0.080307,0.17885,0.32268,0.33559
0.45788,0.086848,0.020528,0.065286,0.18796,0.066332,0.035891,0.057059,0.016722,0.0054946
0,0.011733,0.0023035,0.0037128,0.0034678,0.1122,0.098708,0.042984,0.31548,0.40941
0,0,0.0035727,0.00090597,0.00014397,0,0,0.021648,0.18647,0.78726
0,0.0022617,0.0029102,0.014834,0.022094,0.024967,0.041685,0.044755,0.080057,0.76644
0.0077241,0.015216,0,0.042551,0.045419,0.037639,0.054554,0.053286,0.10846,0.63515
0.20722,0.20539,0.15359,0.070256,0.059733,0.12875,0.030524,0.066948,0.040661,0.036929
0.25494,0.2325,0.12332,0.084078,0.054653,0.077837,0.096881,0.053642,0.021232,0.0009191
0,0.022938,0.014622,0.024982,0.16414,0.51189,0.24714,0,0.0094675,0.0048218
0,0.0044491,0.020886,0.099914,0.032158,0.087174,0.14674,0.42902,0.14669,0.032962
0.10928,0.00046342,0.0050803,0.0010777,0.0056577,0.0078974,0.2704,0.40398,0.091261,0.10489
0.19391,0.26663,0.40181,0.016465,0.07304,0.039243,0.0025388,0,0.0014527,0.0049131
0.0084521,0.0095477,0.18042,0.20883,0.12995,0.090733,0.090052,0.071951,0.14319,0.066875
0.63072,0.045936,0.037457,0.041102,0.010514,0.054477,0.0116,0.09321,0.071444,0.0035365
0.14159,0.17813,0.053052,0.084114,0.092959,0.090473,0.1259,0.13237,0.035723,0.065693
0.052946,0.0086778,0.10792,0.089424,0.063952,0.061107,0.050483,0.051004,0.11869,0.39579
0.026699,0.20636,0.19319,0.12673,0.25123,0.091535,0.0276,0.017999,0.01558,0.043072
0.30019,0.11469,0.15064,0.12752,0.08182,0.011737,0,0.0068779,0.026777,0.17975
0.13988,0.0039726,0.0047707,0.007171,0.014601,0.14821,0.55362,0.080681,0.040967,0.0061242
0.032836,0.01732,0.055863,0.019013,0.002387,0.022366,0.050103,0.10979,0.59347,0.096856
0.52178,0.11124,0.18153,0.061694,0.11741,0.0019042,0.00097245,0,0.003473,0
0.35149,0.22284,0.15742,0.13633,0.033333,0.012992,0.030703,0.00082815,0.0034919,0.050574
0.036128,0.040044,0.068294,0.1229,0.2161,0.21252,0.14688,0.059684,0.03197,0.065483
0.066631,0.068125,0.08097,0.40622,0.050488,0.16543,0.1037,0.032233,0.019477,0.0067309
