0.074536,0.041674,0.026109,0.077203,0.085703,0.049046,0.060306,0.043485,0.15606,0.38588
0.062199,0.067308,0.086333,0.091121,0.12295,0.2515,0.19815,0.078606,0.026267,0.015567
0.025136,0.050959,0.065137,0.10308,0.098037,0.285,0.18979,0.090561,0.081975,0.010325
0.041426,0.029669,0.052713,0.04541,0.26397,0.12472,0.10941,0.071628,0.13497,0.12608
0.10636,0.18807,0.20974,0.14667,0.076226,0.047119,0.056697,0.063245,0.067416,0.038459
0.11717,0.10569,0.16053,0.11853,0.11841,0.041239,0.047199,0.19651,0.06093,0.033796
0.18496,0.31261,0.024255,0.050822,0.044832,0.040952,0.025615,0.16186,0.052576,0.10152
0.12815,0.078064,0.1707,0.078176,0.12239,0.083064,0.05026,0.11026,0.12581,0.053116
0.25816,0.28838,0.1454,0.06229,0.053131,0.022514,0.089885,0.0483,0.018953,0.012991
0.079204,0.12798,0.045544,0.058246,0.10254,0.11098,0.072601,0.11732,0.083805,0.20179
0.047844,0.018617,0.045747,0.0373,0.019997,0.016975,0.081551,0.16965,0.42327,0.13905
0,0.0018147,0,0.032685,0.1603,0.71713,0.064273,0.019616,0.0041813,0
0.026617,0.01827,0.18962,0.46966,0.13246,0.047506,0.0099829,0.044785,0.0075602,0.053551
0.065483,0.37618,0.28521,0.015622,0.012221,0.017889,0.0051861,0.0078402,0.062451,0.15192
0.0059091,0.044095,0.16152,0.11588,0.50153,0.1255,0.029687,0.0097749,0.0059766,0.00013112
0.099808,0.11785,0.10448,0.03936,0.10276,0.25292,0.11384,0.070875,0.093007,0.0050913
0.38953,0.19761,0.10455,0.15412,0.0028073,0.00017411,0.0098104,0.095519,0.012269,0.033609
0,0,0,0.0014264,0.0022957,0.023333,0.01658,0.093115,0.34494,0.51831
0.86689,0.087133,0.0036194,0.0007139,0.020027,0,0,0.021615,0,0
0.071656,0.027744,0.28952,0.33376,0.13297,0.04379,0.02099,0.030099,0.021623,0.027848
0.63379,0.16607,0.042043,0.019043,0,0.024812,0.017942,0.0032175,0.051704,0.041378
0.67277,0.13277,0.10312,0.035667,0.0090861,0.02204,0.0099839,0.0041395,0.00074909,0.0096834
0.005285,0.0018457,0.00562,0.00042006,0.0015164,0.0037307,0.0058945,0.058475,0.23396,0.68326
0.015961,0,0.0027182,0.031602,0.10388,0.010758,0.083944,0.043065,0.17987,0.52819
0.11755,0.065702,0.11524,0.11496,0.20049,0.079136,0.028214,0.027337,0.10569,0.14568
0.0056953,0.03742,0.0012174,0.002379,0.0043074,0.0093514,0.064938,0.073191,0.10845,0.69305
0.21595,0.35721,0.21848,0.074715,0.094176,0.03844,0.0010251,0,0,0
0.5877,0.042491,0.012932,0.02953,0.043649,0.061279,0.071067,0.031124,0.060095,0.060132
0.25437,0.48037,0.13926,0.036329,0.033648,0.019921,0.0055301,0.015477,0.0074913,0.0076032
0.1031,0.010433,0.03696,0.054871,0.05919,0.16125,0.22869,0.06267,0.22448,0.058352
0.044853,0,0.00058087,0.0058577,0.02719,0.03126,0.021361,0.021407,0.013039,0.83445
0.0027447,0.010306,0.021787,0.018805,0.0060885,0.009076,0.047225,0.070167,0.30942,0.50438
0.063991,0.03035,0.010069,0.047002,0.11499,0.10767,0.072376,0.18658,0.10293,0.26405
0.012643,0.0053712,0.024902,0.036891,0.029685,0.064973,0.038237,0.093959,0.31963,0.37371
0.011758,0.013476,0.0047737,0.047073,0.14693,0.085182,0.17754,0.095328,0.14954,0.26841
0.059155,0.043624,0.018634,0.028106,0.092466,0.070132,0.10784,0.11444,0.19508,0.27053
0.067217,0.071956,0.04859,0.127,0.095247,0.11655,0.11319,0.075312,0.12264,0.16229
0.1137,0.09063,0.079136,0.072322,0.055833,0.076114,0.066723,0.060518,0.20946,0.17556
0.20406,0.19439,0.050909,0.019114,0.10503,0.065499,0.043747,0.20134,0.051263,0.064653
0.20915,0.33503,0.066949,0.11721,0.027034,0.0050412,0.14997,0.038696,0.0053157,0.045612
0.043686,0.097694,0.11698,0.041442,0.19526,0.094126,0.034615,0.019571,0.23039,0.12624
0.063707,0.091462,0.33067,0.11333,0.087294,0.0080144,0.015809,0.17384,0.06717,0.048717
0.037291,0.059345,0.14695,0.053829,0.1051,0.097056,0.016905,0.067383,0.16958,0.24656
0.0086214,0.00092964,0.020824,0.0043017,0.031969,0.045178,0.071768,0.085537,0.44409,0.28678
0.069542,0.023295,0.025926,0.021057,0.051175,0.53483,0.17541,0.067727,0.013858,0.017188
0.2457,0.15477,0.0634,0.081211,0.081937,0.061542,0.028202,0.1721,0.089686,0.021454
0.38903,0.16202,0.11336,0.061715,0.089582,0.058397,0.048945,0.036593,0.019506,0.020851
0.26433,0.18806,0.2302,0.08865,0.089511,0.12281,0.0039703,0.002361,0.0013201,0.0087928
0.009249,0.0045328,0.021995,0.030604,0.035698,0.14313,0.1093,0.03627,0.11664,0.49258
0.20094,0.35204,0.1673,0.073878,0.1026,0.064646,0.0032048,0.010964,0.011119,0.01331
0.078802,0.099972,0,0.0080214,0.0086793,0.28419,0.40126,0.11751,0.00088776,0.00067478
0.50553,0.21093,0.052921,0.11915,0.062655,0.015751,0.0013977,0,0,0.031667
0,0.0042021,0.00063135,0.0080419,0.0097897,0.064754,0.3884,0.50229,0.015779,0.0061099
0.059409,0.059521,0.055679,0.090516,0.34627,0.089432,0.027109,0.060277,0.073657,0.13813
0.29204,0.42386,0.05898,0.049613,0.080135,0.061606,0.00084933,0,0.012361,0.020555
0.038808,0.010636,0.050716,0.048521,0.1074,0.076027,0.076028,0.17382,0.26438,0.15367
0.097352,0.6394,0.18771,0.045796,0.012926,0.002254,0,0,0,0.014563
0.64751,0.054148,0.05516,0.082306,0.041972,0.031108,0.029933,0.026861,0,0.031007
0.0036684,0.014776,0.03673,0.79603,0.12619,0.010235,0.0070989,0.0052715,0,0
0.051742,0.074642,0.099356,0.11421,0.11684,0.32454,0.04727,0.0062249,0.017474,0.1477
0.018429,0.0070747,0.005351,0.0066828,0.015526,0.037292,0.042236,0.14394,0.53523,0.18823
0.056692,0.0072885,0.016666,0.071403,0.11019,0.099741,0.10785,0.2138,0.13612,0.18025
0.76,0.10018,0.0077774,0.0014919,0.022288,0.1032,0.0021557,0,0,0.0029109
0.024508,0.043298,0.34401,0.22852,0.13774,0.13453,0.016833,0.066102,0,0.0044692
0.025976,0.012565,0.009784,0.03486,0.26991,0.086923,0.12526,0.22896,0.097863,0.1079
0.0056611,0.012039,0.021229,0.063868,0.051611,0.0477,0.13279,0.2326,0.0862,0.3463
0.041111,0.57979,0.17514,0.067094,0.0094567,0.076296,0.016018,0.00715,0.018474,0.009476
0.35117,0.06732,0.035339,0.051171,0.076502,0.042327,0.071207,0.13816,0.07488,0.091924
0.16127,0.13053,0.0074565,0.032435,0.075648,0.068355,0.1499,0.083029,0.13011,0.16126
0.060203,0.025821,0.025382,0.052872,0.026081,0.10666,0.075916,0.11358,0.17569,0.3378
0.014064,0.079369,0.034744,0.28944,0.30547,0.2311,0.045824,0,0,0
0.29171,0.11079,0.052932,0.0093483,0.056556,0.058383,0.11996,0.14896,0.11165,0.039713
0.022262,0.018159,0.081917,0.040909,0.050325,0.017875,0.091758,0.034876,0.15553,0.48638
0.45753,0.041164,0.10192,0.047504,0.12625,0.055524,0.077407,0.018871,0.055565,0.018266
0.052186,0.25273,0.055232,0.2105,0.17709,0.11427,0.084287,0.032881,0.0094965,0.011329
0.3523,0.16604,0.11842,0.04462,0.023773,0.045278,0.021401,0.03508,0.074567,0.11851
0.64513,0.1509,0.071303,0.044908,0.023415,0.014364,0.022853,0.016235,0.006949,0.003945
0.0026801,0.0081159,0,0,0.10161,0.032027,0.093159,0.1265,0.59307,0.042832
0.051334,0.27477,0.29337,0.20423,0.074427,0.083754,0.016685,0.0013206,0.00010677,0
0.69373,0.039538,0.069389,0.089496,0.0025754,0.061831,0,0,0.016517,0.026921
0,0.00032152,0.013652,0.051314,0.016686,0.085748,0.18126,0.10845,0.33538,0.20719
0.25072,0.063363,0.080671,0.41524,0.15125,0.014092,0,0.024661,0,0
0.087587,0.011404,0.028562,0.21078,0.52435,0.033147,0.078027,0.0049203,0.020493,0.00073402
0.090665,0.010677,0.08429,0.2326,0.059136,0.071216,0.01306,0.024473,0.184,0.22988
0.23587,0.21277,0.067858,0.059384,0.12524,0.051872,0.028603,0.038628,0.046442,0.13333
0.3046,0.15293,0.091494,0.048584,0.039441,0.061734,0.052694,0.11522,0.084158,0.049143
0.084332,0.070724,0.062759,0.029159,0.068101,0.078954,0.051715,0.14791,0.22122,0.18513
0.037569,0.05852,0.093304,0.028692,0.12149,0.21749,0.1071,0.16158,0.040121,0.13414
0.040795,0.069331,0.048554,0.20206,0.28722,0.25637,0.045351,0.018774,0.0083637,0.023184
0.015149,0.014547,0.044761,0.24681,0.18138,0.20975,0.098448,0.033504,0.090384,0.065276
0.030828,0.033668,0.059841,0.26599,0.16303,0.10943,0.18431,0.07818,0.055813,0.018903
