0.046398,0.062293,0.37127,0.18764,0.097168,0.13947,0.038127,0.010916,0.0092985,0.037417
0.093511,0.069372,0.11969,0.17332,0.098112,0.16982,0.18057,0.034694,0.057751,0.0031579
0.013965,0.087679,0.011894,0.055626,0.13626,0.24586,0.10349,0.10605,0.19053,0.048636
0.0383,0.087818,0.22424,0.1243,0.14302,0.17612,0.036547,0.13319,0.02577,0.010703
0.24628,0.12938,0.08519,0.10186,0.14416,0.2074,0.032789,0.025355,0.015146,0.012431
0.067777,0.084977,0.08784,0.11215,0.25126,0.24869,0.072885,0.024988,0.0043121,0.045122
0.092182,0.10887,0.055741,0.1427,0.21714,0.11549,0.093325,0.067276,0.053083,0.054195
0.083539,0.094838,0.038821,0.12419,0.094962,0.15427,0.12829,0.069809,0.096591,0.11469
0.041098,0.051889,0.16966,0.32714,0.14325,0.16694,0.06128,0.018995,0.010572,0.0091764
0.3223,0.11957,0.063303,0.043186,0.050425,0.032283,0.031377,0.056392,0.020576,0.2606
0.10106,0.13841,0.076123,0.031601,0.042677,0.040006,0.044204,0.057213,0.046324,0.42238
0.072706,0.1446,0.1343,0.089576,0.04714,0.052777,0.21793,0.043586,0.016227,0.18117
0.16894,0.11993,0.059178,0.1008,0.063606,0.090128,0.11738,0.064704,0.059904,0.15544
0.22569,0.10083,0.071468,0.21686,0.058722,0.053438,0.094334,0.12129,0.033131,0.024238
0.086692,0.016787,0.0070123,0.02271,0.020395,0.049251,0.18279,0.32708,0.18831,0.098972
0.16038,0.25692,0.3653,0.1393,0.0052417,0.018892,0.017322,0.016398,0.019673,0.00057882
0.22894,0.072789,0.012284,0.043002,0.12537,0.28589,0.1511,0.037282,0.020413,0.022938
0.2851,0.022031,0.026542,0.013896,0.056641,0.0044767,0.010516,0.018431,0.0079078,0.55445
0,0.0063709,0.028168,0.032116,0.014619,0.019513,0.13083,0.5371,0.22996,0.0013302
0.018124,0.024514,0.025133,0.0031367,0.10491,0.15897,0.30146,0.34746,0.010173,0.0061204
0.014062,0.0085763,0.0022602,0,0.003091,0.0098854,0.83643,0.11643,0.002122,0.0071431
