0.034286,0.054338,0.013321,0.097133,0.048301,0.15307,0.13961,0.17639,0.21852,0.065024
0.016238,0.019298,0.10507,0.028508,0.044008,0.053055,0.091579,0.18545,0.13578,0.32102
0.012953,0.012687,0.011425,0.12965,0.35938,0.34399,0.090041,0.020093,0,0.019792
0.028322,0.028357,0.017896,0.15789,0.084209,0.25765,0.30709,0.054994,0.025403,0.038186
0.024315,0.0093812,0.072894,0.016379,0.081166,0.56657,0.11483,0.063927,0.0074702,0.043063
0.0097637,0.013468,0.00036738,0.0025593,0.021122,0.019414,0.059263,0.22845,0.50742,0.13817
0.004658,0.024023,0.020362,0.0079416,0.054092,0.067896,0.14998,0.24894,0.25275,0.16936
0.013885,0.13082,0.15171,0.14971,0.19344,0.14246,0.050208,0.035029,0.088761,0.04397
0.029183,0.061233,0.074234,0.084942,0.14473,0.18448,0.17595,0.14731,0.061715,0.036212
0.040109,0.041679,0.077068,0.076553,0.079701,0.10125,0.12807,0.14455,0.11541,0.19561
0.20964,0.13164,0.13542,0.096237,0.11247,0.022559,0.044025,0.06176,0.085512,0.10074
0.084071,0.12877,0.04705,0.12357,0.11312,0.048965,0.22939,0.1024,0.093529,0.029144
0,0.00035806,0,0.055137,0.034057,0.0032045,0.034752,0.42242,0.25066,0.19942
0,0.029818,0.00886,0.032792,0.0074391,0.0054998,0.10486,0.10244,0.45084,0.25746
0.040283,0.0025534,0.0073368,0.030608,0.082313,0.23175,0.059499,0.070487,0.10711,0.36807
0.026174,0.051024,0.0684,0.091824,0.026997,0.0034799,0.019785,0,0.14759,0.56472
0,0.011557,0.022785,0.018951,0.44246,0.23753,0.10757,0.022914,0.0069992,0.12923
0.0097972,0.020591,0.0045981,0.0059272,0.024745,0.03725,0.12795,0.11806,0.16152,0.48956
0.017923,0.20508,0.40135,0.12591,0.13895,0.052188,0.011254,0.011082,0.0004518,0.035821
0.0046686,0,0.0040983,0.0038845,0.16976,0.20992,0.13267,0.083468,0.30505,0.086487
0.72542,0.24228,0.024311,0,0,0.0051918,0.00059258,0,0.0016739,0.00052237
0.23187,0.2478,0.048116,0.0079543,0.017836,0.0084541,0,0.042473,0.11745,0.27804
0.51358,0.0044529,0.012176,0.0023823,0.0052306,0.016161,0.026428,0.016353,0.019392,0.38385
0.015754,0.014062,0,0,0,0.11705,0.28987,0.10375,0.41147,0.048039
0.25811,0.5502,0.011144,0.0027019,0,0.0074335,0.045823,0.012248,0.03301,0.079324
0,0,0,0.0020494,0.0026492,0.0064005,0,0.011774,0.034162,0.94297
0.13862,0.16628,0.068597,0.057526,0.10379,0.039568,0.033886,0.17001,0.10469,0.11703
0.0003763,0,0,0.0075961,0,0.0073097,0.0072123,0,0.46454,0.51297
0,0.15197,0.65562,0.074504,0.016747,0.0062881,0,0.0092304,0.08564,0
0,0,0.0026996,0,0.0017413,0.0076204,0.0021006,0.00095398,0.0075445,0.97734
0.8617,0.12086,0.0094448,0.00071491,0.0057057,0.001574,0,0,0,0
0,0,0.0067997,0.0035541,0.0021602,0.0016174,0.0010304,0.0097582,0.040203,0.93488
0,0.052583,0.44567,0.27619,0.13014,0.045792,0.028673,0.019455,0.0013505,0.00014666
0.072086,0.071095,0.0191,0.08233,0.011208,0.00095977,0,0.03132,0.115,0.5969
0,0.096832,0.69528,0.15003,0.0014872,0,0,0.0298,0.026567,0
0,0,0,0,0.00094763,0.014245,0.16698,0.66439,0.1522,0.0012418
0,0.005142,0,0.061934,0.91737,0.015558,0,0,0,0
0.093942,0.15816,0.3193,0.37111,0.055458,0.0020318,0,0,0,0
0.018523,0.01118,0.099202,0.27636,0.19401,0.031889,0.031324,0.0097605,0.07318,0.25457
0.10135,0.12104,0.21845,0.1416,0.10796,0.11461,0.10352,0.028488,0.0090401,0.053948
0.095867,0.03977,0.027897,0.026905,0.030185,0.026002,0.031421,0.096905,0.23029,0.39476
0.19128,0.10796,0.07432,0.136,0.036288,0.054549,0.025211,0.0056034,0.061167,0.30762
0.1239,0.17152,0.10593,0.027934,0.089379,0.047106,0.026681,0.015402,0.065703,0.32645
0.15,0.22178,0.106,0.10044,0.053761,0.16336,0.068591,0.048589,0.050941,0.036536
0.087903,0.062235,0.0032826,0.0078412,0.029586,0.13145,0.060949,0.21592,0.1327,0.26813
0.031763,0.060132,0.07201,0.079127,0.044613,0.06768,0.13597,0.11977,0.23936,0.14957
0.21005,0.064071,0.040053,0.15802,0.28056,0.10739,0.051171,0.028628,0.048969,0.011088
0.022442,0.34798,0.39082,0.050445,0.10667,0.0049244,0.048934,0.019707,0,0.0080725
0.0018309,0.014834,0.090764,0.187,0.14569,0.17713,0.29163,0.052327,0.0070398,0.031755
0.29851,0.11249,0.10922,0.23482,0.027527,0.093306,0.040976,0.080455,0.0026987,0
0.01049,0.008878,0.057485,0.022775,0.11301,0.12496,0.33821,0.074773,0.13464,0.11478
0.08491,0.12302,0.12655,0.070938,0.071878,0.11118,0.18451,0.19415,0.024851,0.0080036
0.010655,0.033463,0.018791,0.13712,0.13637,0.34206,0.12214,0.14115,0.038042,0.020208
0.20904,0.26105,0.03767,0.09836,0.079052,0.16701,0.023589,0.10644,0.0047123,0.013081
0.0015368,0.0076359,0.013899,0.016859,0.027624,0.046574,0.24207,0.18065,0.092683,0.37047
0.020053,0.14568,0.42306,0.12518,0.036513,0.045392,0.046674,0.060282,0.063647,0.033528
0.026022,0.14019,0.23079,0.44292,0.046199,0.045115,0.036067,0.028934,0.0037063,5.9617e-05
0.005638,0.01149,0.046055,0.1132,0.15403,0.25794,0.18852,0.20111,0.022015,0
0.00039756,0.0066888,0.009793,0.055243,0.14942,0.21461,0.13143,0.23062,0.13641,0.065388
0.0082529,0.0027437,0.014781,0.017761,0.023444,0.033266,0.24316,0.08701,0.20927,0.36031
0.00029327,0.020134,0.26126,0.13316,0.047537,0.10744,0.13173,0.29,0.0047502,0.0036914
0.007685,0.02007,0.0085247,0.02936,0.023473,0.10798,0.26487,0.14365,0.12005,0.27433
0.084939,0.066381,0.058556,0.044312,0.093117,0.16287,0.23623,0.21073,0.017033,0.025832
0.0080278,0.012018,0.024945,0.035594,0.056139,0.063722,0.24439,0.35891,0.13386,0.062399
0.05261,0.0031728,0.01666,0.041058,0.084064,0.19864,0.18663,0.1943,0.17047,0.052394
0.05659,0.036086,0.022794,0.021405,0.14268,0.15873,0.2747,0.14605,0.091109,0.049861
0.062812,0.0090117,0.013468,0.041464,0.066885,0.10697,0.098629,0.16963,0.17363,0.25749
0.12234,0.25263,0.20883,0.14875,0.075805,0.088014,0.019861,0.0091848,0.054599,0.019988
0.25149,0.12804,0.026896,0.068031,0.14864,0.12371,0.11955,0.062116,0.047879,0.02366
0.056423,0.038051,0.04637,0.13992,0.099267,0.093238,0.12283,0.21639,0.11657,0.070938
0.032004,0.074389,0.094514,0.049902,0.20492,0.18308,0.097403,0.063365,0.090546,0.10988
0.14149,0.14244,0.076912,0.11186,0.10316,0.15948,0.050592,0.08417,0.085125,0.044764
0.020773,0.039697,0.20127,0.28776,0.20555,0.14728,0.027865,0.029387,0.017947,0.022471
0.011674,0.044248,0.064545,0.2329,0.096072,0.21592,0.088167,0.099834,0.04515,0.10149
0.003783,0.050541,0.09255,0.17305,0.082068,0.12569,0.2695,0.087868,0.069378,0.04557
0.048067,0.081317,0.16817,0.13248,0.17888,0.17501,0.13138,0.042163,0.025146,0.01739
0.027323,0.014435,0.1187,0.17271,0.31895,0.2701,0.071632,0.0061465,0,0
0.049242,0.023823,0.095933,0.13382,0.31122,0.13952,0.084485,0.12443,0.028516,0.0090182
0.0037833,0.037889,0.039703,0.089858,0.2545,0.1483,0.16974,0.079737,0.1015,0.074988
0.050701,0.023298,0.050407,0.080717,0.1639,0.21349,0.11351,0.13174,0.10103,0.07122
0.07109,0.067602,0.088286,0.028371,0.087498,0.13256,0.13466,0.18667,0.089376,0.11389
0.014593,0.059191,0.10312,0.03202,0.062652,0.21231,0.36405,0.044489,0.020863,0.086715
0.051564,0.05794,0.065143,0.23729,0.16051,0.13409,0.12305,0.078566,0.042219,0.04962
0.0046928,0.044951,0.13073,0.1393,0.37449,0.16434,0.074555,0.032474,0.015259,0.019206
0.02451,0.021569,0.051006,0.099703,0.13481,0.093637,0.17139,0.20711,0.12525,0.071015
0.016525,0.0040888,0.0087401,0.22474,0.35556,0.17414,0.10705,0.10165,0.0043542,0.0031489
0.025699,0.25844,0.46961,0.087492,0.031992,0.10658,0.003105,0.016582,0.00049613,0
0.048554,0.09381,0.33474,0.19455,0.070388,0.14189,0.083561,0.013795,0.012648,0.0060625
0.031453,0.017803,0.12188,0.17517,0.098307,0.16895,0.34985,0.016517,0.012225,0.0078375
0.0010595,0.024856,0.12192,0.2178,0.15991,0.096539,0.27888,0.050979,0.033615,0.014442
0.017436,0.042257,0.03667,0.13189,0.20364,0.28595,0.16007,0.07816,0.01893,0.024996
