0.049483,0.060148,0.2651,0.086816,0.14341,0.20875,0.077949,0.059536,0.037716,0.01109
0.048329,0.033561,0.015966,0.0070082,0.084593,0.30003,0.12247,0.094113,0.11928,0.17465
0.073787,0.068606,0.0057808,0.00858,0.025124,0.042339,0.043467,0.055287,0.11379,0.56324
0.27742,0.063297,0.022469,0.020137,0.047887,0.056233,0.02397,0.010129,0.09042,0.38804
0.08612,0.067532,0.011046,0.038056,0.037847,0.11837,0.068317,0.12136,0.052806,0.39855
0.015911,0.046087,0.027604,0.014631,0.10604,0.33188,0.13949,0.13524,0.11815,0.064969
0.061063,0.1019,0.11814,0.11364,0.2044,0.082009,0.058357,0.1272,0.069563,0.063738
0.077364,0.019434,0.054579,0.02798,0.13305,0.062366,0.13432,0.2731,0.16234,0.055461
0.0017524,0.0097441,0.036375,0.045172,0.10761,0.28907,0.16831,0.16178,0.10022,0.079967
0.013277,0.01255,0.012738,0.015072,0.02007,0.013699,0.020914,0.044574,0.10993,0.73718
0.4241,0.14893,0.11579,0.05941,0.10333,0.088277,0.019651,0.017477,0.0060499,0.016977
0.20172,0.19265,0.23419,0.047111,0.059594,0.11947,0.061201,0.033484,0.011565,0.039012
0.0033902,0.11577,0.26092,0.44667,0.042329,0.11001,0.0056186,0.0013262,0.0064539,0.0075055
0,0,0.0036045,0.0020239,0.022608,0.17541,0.72121,0.07208,0.0030643,0
7.4783e-05,7.8129e-05,0,0.024714,0.14912,0.71981,0.073205,0.028992,0.0040094,0
0.0098199,0.00038191,0.00011657,0,0.057211,0.015312,0.011219,0.044409,0.31824,0.54329
0.045269,0.37565,0.38808,0.093503,0.056672,0.022498,0.016097,0.0022318,0,0
0,0,0,0.0014464,0.036554,0.08181,0.3031,0.42705,0.14259,0.0074527
0.032417,0.10433,0.04351,0.0027113,0.060145,0.083373,0.043697,0.23306,0.15854,0.23821
0.26526,0.15523,0.032078,0.044911,0.020415,0.047778,0.039683,0.069228,0.1475,0.17791
0.111,0.074203,0.10514,0.14042,0.11815,0.052201,0.080133,0.097033,0.10142,0.12031
0.17627,0.14797,0.029336,0.064904,0.081526,0.062359,0.072333,0.052032,0.072797,0.24047
0.014279,0.036468,0.047882,0.046497,0.061701,0.12496,0.1446,0.30415,0.11165,0.10782
0.068838,0.046409,0.095575,0.11636,0.096131,0.17854,0.050022,0.047956,0.14921,0.15095
0.53197,0.17276,0.027482,0.0074582,0.030522,0.16046,0.010291,0.0013745,0.011372,0.046311
0.16345,0.32677,0.14241,0.23428,0.096674,0.027472,0.0089518,0,0,0
0.16351,0.34902,0.22566,0.10718,0.033457,0.034146,0.017242,0.016115,0.041207,0.012462
0.013292,0.015332,0.0084284,0.0047022,0.19255,0.39584,0.27188,0.061035,0.02678,0.010162
0,0.0028929,0.025452,0.020256,0.030826,0.020723,0.021204,0.099059,0.71331,0.066272
0.0038539,0.021518,0.003263,0.020955,0.038973,0.039115,0.043159,0.11036,0.26387,0.45493
0.0028177,0.0017369,0.0036166,0.053144,0.013112,0.025992,0.020161,0.057481,0.60697,0.21497
0.081363,0.13221,0.22043,0.11086,0.23771,0.10409,0.058083,0.050553,0.0032973,0.0014023
0.1785,0.10648,0.1694,0.16889,0.078506,0.085585,0.0758,0.064605,0.042974,0.029257
0.1591,0.024279,0.068702,0.069029,0.1115,0.11864,0.12269,0.10797,0.11174,0.10636
0.092551,0.049624,0.03712,0.18725,0.26045,0.18405,0.046728,0.044477,0.057547,0.040203
0.12155,0.12494,0.14412,0.19018,0.12009,0.10724,0.020026,0.059033,0.050012,0.062826
0.097511,0.21195,0.10653,0.049226,0.070349,0.088588,0.11144,0.15052,0.07126,0.042627
0.10542,0.077639,0.040666,0.065191,0.21989,0.067009,0.04506,0.16241,0.10339,0.11332
0.097132,0.12837,0.1278,0.07092,0.089473,0.33487,0.074075,0.034261,0.0074916,0.035597
0.074605,0.06365,0.078617,0.11992,0.18746,0.25873,0.09831,0.062205,0.028778,0.027717
0.23845,0.10054,0.10157,0.2017,0.089413,0.044591,0.072947,0.070743,0.043155,0.036886
