0.051817,0.026127,0.16158,0.22057,0.16086,0.18102,0.087814,0.047992,0.038579,0.023649
0.64336,0.16405,0.037149,0.049042,0.0099317,0.056879,0.0011495,0.0025169,0.0029697,0.032944
0.023629,0.11573,0.013975,0.022913,0.18376,0.30593,0.097735,0.058404,0.065188,0.11274
0,0.10942,0.031339,0.0015152,0.012967,0.049526,0.17603,0.25591,0.31244,0.050846
0.046407,0.060838,0.01765,0.0042044,0.042401,0.046965,0.094007,0.055158,0.040076,0.59229
0.00027686,0,0.0015625,0.026645,0.013685,0.01794,0.011757,0.16419,0.18757,0.57637
0.21643,0.041688,0.091803,0.0030434,0.03818,0.023751,0.045866,0.14452,0.36919,0.025529
0.013984,0.040755,0.090711,0.16326,0.16785,0.12766,0.076527,0.20444,0.062271,0.052555
0.061311,0,0.015047,0.0019161,0.05696,0.019185,0.066265,0.049877,0.20287,0.52657
0.043206,0.072389,0.024488,0.099376,0.11386,0.12622,0.072357,0.089287,0.13763,0.22119
0.064186,0.034809,0.036027,0.036333,0.050324,0.035784,0.05293,0.042663,0.076029,0.57091
0.036508,0.053075,0.029656,0.097238,0.088743,0.16202,0.091498,0.20147,0.14268,0.097113
0.056451,0.14283,0.14593,0.097708,0.15052,0.11593,0.14666,0.06458,0.036746,0.042656
0.13971,0.067127,0.13234,0.0891,0.093115,0.085327,0.073549,0.084028,0.094762,0.14094
0.10628,0.10901,0.04797,0.088115,0.1371,0.050092,0.082229,0.14429,0.13496,0.09995
0.02367,0.035518,0.02432,0.012048,0.062187,0.091676,0.30813,0.16938,0.20265,0.070422
0.026465,0.0035636,0.0079273,0.029762,0.041442,0.4625,0.24058,0.068053,0.10693,0.012775
0.0020423,0.0093833,0.066919,0.067854,0.13057,0.3226,0.15344,0.042789,0.13412,0.070274
0.022586,0.0029875,0.020796,0.038441,0.016515,0.0075841,0.058815,0.02649,0.12598,0.67981
0.0005073,0.0029801,0.012107,0.003765,0.060302,0.024448,0.050703,0.047958,0.51722,0.28001
0.13113,0.13273,0.0076375,0.03047,0.03311,0.034933,0.055044,0.069837,0.087913,0.41719
0.60291,0.24958,0.061033,0.024627,0.018728,0.041522,0,0,0.0016073,0
0.28276,0.18991,0.11446,0.011759,0.034696,0.17627,0.053178,0.10002,0.015271,0.021683
0,0.015129,0.41629,0.44888,0.05013,0.069571,0,0,0,0
0.35891,0.3117,0.094501,0.046539,0.046916,0.083894,0.049673,0.0046581,0,0.0032027
0.067898,0.030828,0.038571,0.035074,0.55811,0.22152,0.040162,0.0078343,0,0
0.017731,0.47556,0.33982,0.058344,0.060109,0.044977,0,0.0034575,0,0
0,0,0,0,0.017646,0.020855,0.28028,0.62147,0.056999,0.0027531
0,0.019799,0.0069217,0.01353,0.027573,0.25251,0.54525,0.088252,0.029272,0.016893
0,0,0.0028568,0.052361,0.75581,0.15143,0.031561,0,0,0.0059795
0,0.0023107,0.0018092,0.012498,0.030507,0.011869,0.10827,0.32476,0.40105,0.10692
0.016407,0.015177,0.011424,0.070871,0.19949,0.16,0.16238,0.18881,0.10936,0.066075
0,0.0079806,0.00063637,0,0.004992,0.010337,0.0088223,0.019807,0.19826,0.74917
0.34187,0.48696,0.10092,0.0072865,0.0067249,0.033094,0.021137,0,0.00094052,0.0010698
0.00012599,0,0.0030687,0.0015288,0.036713,0.13259,0.63972,0.054628,0.039253,0.092376
0.012442,0.0087254,0.047929,0.13789,0.19071,0.19581,0.17601,0.094559,0.092646,0.043285
0.024638,0,0.013333,0.01937,0.047818,0.1616,0.26949,0.40296,0.059779,0.001013
0.030091,0.1198,0.085534,0.085768,0.15699,0.28645,0.089803,0.064506,0.030133,0.050927
0.47908,0.44917,0.0068945,0.002348,0.0085758,0.053937,0,0,0,0
0.21148,0.062561,0.066785,0.015516,0.041332,0.1036,0.050943,0.076458,0.13778,0.23354
0.053856,0.17558,0.22014,0.10863,0.062191,0.042035,0.025095,0.035451,0.1026,0.17442
0.1505,0.057556,0.063191,0.036862,0.016007,0.018808,0.018086,0.056678,0.20465,0.37766
0.11242,0.071883,0.050505,0.15079,0.054766,0.065094,0.065651,0.059065,0.16198,0.20786
0.35823,0.12737,0.039961,0.048573,0.038081,0.055762,0.074616,0.07882,0.057583,0.12101
0.030988,0.059044,0.028437,0.037851,0.04416,0.1442,0.15945,0.26758,0.11337,0.11492
0.062502,0.048854,0.066047,0.034286,0.040467,0.05987,0.16719,0.20954,0.16808,0.14316
0.039395,0.025988,0.016492,0.044624,0.097189,0.17986,0.040752,0.043244,0.11893,0.39352
0.26821,0.32035,0.13313,0.080346,0.080221,0.035284,0.031686,0.0071793,0.037064,0.0065223
0.60176,0.17027,0.061481,0.031286,0.036359,0.033755,0.014038,0.027935,0.015809,0.0073066
0.31264,0.21546,0.16856,0.073467,0.097914,0.024409,0.018996,0.027871,0.0031192,0.057569
0.24897,0.3516,0.14198,0.15321,0.032638,0.014026,0.0010482,0.055168,0.00064135,0.00071226
0.01556,0.047577,0.083612,0.17958,0.27369,0.14395,0.050167,0.15992,0.017345,0.0286
0.0011311,0.12691,0.41829,0.16909,0.094578,0.095987,0.020215,0.020192,0.052389,0.0012145
0.42728,0.21078,0.070634,0.049915,0.08159,0.08473,0.048301,0.020885,0.0019958,0.003894
0.12581,0.057744,0.20518,0.33761,0.16874,0.043509,0.014525,0.014912,0.023356,0.0086104
0.01995,0.010208,0.0085886,0.0069757,0.065573,0.035847,0.062173,0.24271,0.43394,0.11403
0.0018266,0.027689,0.028816,0.032514,0.060261,0.073618,0.090439,0.29023,0.27099,0.12362
0.0014205,0.0063282,0.008113,0.0088274,0.053936,0.014548,0.041233,0.11573,0.52075,0.22912
0.0059127,0.021207,0.0056582,0.018811,0.040318,0.025816,0.0051571,0.1531,0.46512,0.25891
0.01578,0.014286,0.0010285,0.0033181,0.088115,0.053161,0.060468,0.14588,0.30717,0.31079
0.0044142,0.0023042,0.0061387,0.051105,0.016838,0.028146,0.025808,0.16278,0.52135,0.18112
0.015367,0.018808,0.025375,0.013068,0.059954,0.10535,0.06342,0.046654,0.23792,0.41409
0.00051352,0.042604,0.096376,0.19229,0.4027,0.1131,0.02669,0.07752,0.044288,0.0039162
0.17066,0.20168,0.15905,0.07937,0.16766,0.1318,0.025951,0.034715,0.018325,0.010794
0.07942,0.1898,0.18031,0.2294,0.097213,0.083197,0.060204,0.044548,0.0089108,0.026994
0.22545,0.13065,0.11891,0.14298,0.11011,0.12526,0.056555,0.059562,0.029469,0.0010534
0.13061,0.092067,0.08353,0.033914,0.084555,0.087532,0.075239,0.13312,0.14893,0.1305
0.082532,0.068552,0.13814,0.16422,0.15505,0.13919,0.077854,0.057713,0.052306,0.064443
0.068082,0.0519,0.054218,0.15856,0.21158,0.13032,0.047067,0.08773,0.08427,0.10626
0.062204,0.053892,0.082398,0.19156,0.1535,0.13575,0.096286,0.04938,0.11545,0.059576
0.066556,0.12474,0.088685,0.10844,0.15731,0.091815,0.098667,0.094273,0.13425,0.03527
0.21167,0.14241,0.075672,0.12818,0.089237,0.082175,0.023548,0.099253,0.08403,0.063824
0.44136,0.17101,0.065912,0.10333,0.035584,0.015237,0.047268,0.041441,0.063617,0.015238
0.050351,0.068126,0.17067,0.13203,0.038593,0.075142,0.20953,0.15555,0.061604,0.038408
0.049454,0.038279,0.04783,0.044006,0.27708,0.14615,0.081334,0.093843,0.13707,0.084955
0.023176,0.056778,0.12469,0.37779,0.13301,0.10092,0.10835,0.021516,0.035453,0.018323
0.075818,0.07735,0.16794,0.071619,0.13064,0.17933,0.20986,0.024828,0.034523,0.028095
0.046774,0.036281,0.051318,0.036287,0.20978,0.47351,0.11825,0.02063,0.0071778,0
0.038941,0.061958,0.086261,0.10935,0.15793,0.24547,0.12677,0.11772,0.026252,0.029356
0.067378,0.11745,0.20092,0.049249,0.046629,0.056812,0.10575,0.11905,0.13056,0.1062
0.073446,0.20029,0.13523,0.094495,0.092784,0.11166,0.05311,0.089366,0.033315,0.11631
0.3304,0.19688,0.08458,0.094953,0.054959,0.051834,0.023159,0.035599,0.0347,0.092936
0.032035,0.032783,0.020863,0.014136,0.02143,0.040185,0.08328,0.27197,0.28545,0.19786
