0.0067127,0.0046197,0.038377,0.096117,0.17731,0.1467,0.11005,0.1401,0.18192,0.098088
0.0099462,0.040924,0.022527,0.14163,0.24698,0.17368,0.095242,0.089085,0.067396,0.11259
0.01723,0.046233,0.059135,0.11112,0.3066,0.16071,0.067673,0.073592,0.044793,0.11291
0.2108,0.22479,0.13586,0.069325,0.13167,0.16777,0.046236,0.0090013,0.0015425,0.0030013
0.024928,0.034554,0.073889,0.32911,0.15599,0.22702,0.091793,0.018891,0.018542,0.025284
0.025894,0.017961,0.056295,0.1069,0.14186,0.16934,0.41496,0.052827,0.0043544,0.0096129
0.026099,0.035547,0.12035,0.09439,0.14438,0.088396,0.26872,0.053667,0.077082,0.091363
0.039403,0.016608,0.02326,0.087383,0.077136,0.18074,0.19716,0.20548,0.12311,0.049713
0.053898,0.052646,0.078592,0.074196,0.19846,0.22418,0.084776,0.10404,0.086966,0.042249
0.089146,0.066128,0.021259,0.027034,0.18147,0.19145,0.068978,0.059456,0.029725,0.26536
0.67638,0.15426,0.0027072,0.017028,0.017495,0.098738,0.0050616,0.020353,0.0011563,0.0068216
0.0066068,0.030524,0.012828,0.0086537,0.055106,0.05958,0.042681,0.069284,0.15664,0.5581
0.17898,0.016683,0.0075243,0.005716,0.054324,0.13758,0.054926,0.05225,0.044455,0.44757
0.0020161,0.002933,0.0014612,0.012071,0.023225,0.08667,0.023573,0.011317,0.04725,0.78948
0.17946,0.25778,0.28073,0.072283,0.13605,0.062262,0.0015802,0.0025812,0.0063266,0.00095039
0.71463,0.14343,0.029998,0.034726,0.040446,0.023335,0.0057342,0.0018101,0,0.0058919
0.77155,0.14164,0.010833,0.017361,0.026695,0.0031523,0.00084525,0.018358,0.0073346,0.0022377
0.032758,0.010735,0.012906,0,0.012113,0.046959,0.026591,0.015078,0.093372,0.74949
0.017793,0.17257,0.10149,0.0261,0.028516,0.076394,0.1027,0.21412,0.11616,0.14415
0.0034591,0.040519,0.82725,0.076417,0.035854,0.0010811,0.0033013,0,0.0033044,0.0088162
0.27068,0.36676,0.22748,0.028597,0.062079,0.00080908,0.0034946,0.0037121,0.001788,0.034602
0.24704,0.088127,0.11045,0.10938,0.2103,0.047648,0.00049766,0.02694,0.036247,0.12337
0.042969,0.063183,0.07863,0.11706,0.18837,0.37891,0.058326,0.025839,0.017541,0.029171
0.30029,0.16728,0.059361,0.085637,0.1361,0.081947,0.025377,0.11669,0.016765,0.010553
0.289,0.14996,0.10047,0.03191,0.065225,0.15176,0.078779,0.037037,0.048276,0.047584
0.081083,0.096112,0.087974,0.078504,0.094331,0.13059,0.061536,0.053515,0.14124,0.17512
0.048107,0.091928,0.065743,0.059059,0.1126,0.10382,0.14725,0.14413,0.11878,0.10859
0.13932,0.02327,0.044253,0.036202,0.094808,0.081266,0.074064,0.08454,0.083367,0.33891
0.010928,0.014494,0.024422,0.11286,0.18579,0.14022,0.10807,0.20933,0.11915,0.074728
0.053143,0.40205,0.17522,0.15484,0.038469,0.018179,0.031691,0.032613,0.0075862,0.086208
0.33826,0.10214,0.035019,0.031103,0.12426,0.069245,0.060685,0.059815,0.10028,0.079209
0.54031,0.061811,0.042851,0.055835,0.04254,0.023566,0.05652,0.055043,0.032448,0.089079
0.0088885,0.01724,0.024244,0.044713,0.7285,0.095107,0.039235,0.013294,0.010629,0.018146
0.015123,0.0052892,0.010341,0.0034616,0.061548,0.0066062,0.046035,0.054298,0.23535,0.56195
0.10081,0.061817,0.085898,0.014832,0.11346,0.2049,0.048692,0.051881,0.079643,0.23807
0.021335,0.0032657,0,0.00033734,0.00053119,0.040796,0.017873,0.06107,0.28257,0.57222
0.0043627,0.0045306,0.0025972,0.1968,0.17843,0.11677,0.32203,0.10287,0.049915,0.021681
0.037955,0.050773,0.034472,0.16803,0.28461,0.1612,0.074746,0.11972,0.014437,0.054068
0.0099785,0.015631,0.012941,0.023543,0.011289,0.035973,0.071894,0.21701,0.55251,0.049233
0.0056215,0.05781,0.033572,0.084658,0.20259,0.13868,0.097483,0.26207,0.075935,0.041574
0.0288,0.0020906,0.012948,0.08689,0.13709,0.075542,0.031419,0.30489,0.23643,0.083895
0,0,0.012206,0,0.030323,0.15922,0.026229,0.045742,0.54995,0.17632
0.019667,0.010347,0.023121,0.0051537,0.02702,0.0039495,0.036175,0.021003,0.034084,0.81948
0.040797,0.72378,0.17647,0.024352,0.015752,0.010489,0.0031513,0.0048772,0,0.00033333
0.035349,0.46795,0.28208,0.09848,0.038831,0.016569,0.0075843,0.0031747,0.0078622,0.042128
0.669,0.19883,0.019137,0.0070096,0.038903,0.048674,0.012096,0.00064696,0,0.0057112
0.019894,0.039102,0.54629,0.34232,0.019069,0.029314,0.0021697,0.0018425,0,0
0.03011,0.0059658,0.041884,0.31669,0.095449,0.13269,0.19017,0.071609,0.052299,0.06313
0.070767,0.055618,0.041655,0.066615,0.37654,0.32653,0.03499,0.0050688,0.0056047,0.016611
0,0.012592,0.021522,0.063637,0.42304,0.43555,0.010608,0.02144,0.0032496,0.0083605
0.02603,0.039373,0.019371,0.017116,0.14854,0.62344,0.017438,0.013682,0.0033549,0.091652
