0.34166,0.37589,0.058759,0.01687,0.053252,0.028987,0.034791,0.0075472,0.037213,0.045036
0.065012,0.074787,0.11872,0.16341,0.14328,0.18026,0.051721,0.028364,0.075153,0.099288
0.0061213,0.02131,0.027254,0.061317,0.31984,0.18723,0.20179,0.096059,0.017151,0.061932
0.039872,0.033191,0.020864,0.099242,0.31618,0.16266,0.035978,0.13745,0.10667,0.047884
0.12173,0.086098,0.075974,0.17151,0.06494,0.17244,0.18305,0.025063,0.032059,0.067129
0.11834,0.079297,0.074455,0.095001,0.10367,0.13432,0.025938,0.16303,0.094418,0.11153
0.065273,0.077125,0.029266,0.043918,0.063534,0.075872,0.073462,0.16207,0.14281,0.26667
0.095229,0.14424,0.035544,0.042893,0.052494,0.058736,0.12436,0.10672,0.08422,0.25556
0.048463,0.049547,0.066076,0.083216,0.15874,0.14573,0.13384,0.10441,0.070008,0.13997
0.08112,0.06055,0.077053,0.068238,0.11513,0.11561,0.10744,0.072554,0.14441,0.1579
0.028937,0.038217,0.048298,0.073286,0.092184,0.13496,0.13248,0.063471,0.26464,0.12352
0.24519,0.12884,0.081804,0.083732,0.092217,0.04892,0.071494,0.075385,0.14292,0.029493
0.089095,0.12247,0.22087,0.12523,0.091555,0.13436,0.039675,0.065519,0.055697,0.055536
0.17675,0.053143,0.10391,0.036448,0.051928,0.068161,0.058145,0.088482,0.18862,0.17442
0.0441,0.085486,0.05715,0.048976,0.060448,0.049876,0.047526,0.11372,0.11708,0.37564
