0.020764,0.059808,0.71697,0.063334,0.068041,0.04254,0.0060754,0.0081904,0,0.014282
0.012105,0.031945,0.003556,0.076007,0.20489,0.43626,0.066301,0.045299,0.049039,0.074602
0.23195,0.29305,0.17564,0.14818,0.073079,0.047315,0.0055203,0.012035,0.0064878,0.0067497
0.088044,0.081053,0.17831,0.15178,0.18455,0.072471,0.058101,0.03859,0.065764,0.081346
0.02199,0.0056048,0.028473,0.16169,0.2666,0.26645,0.075407,0.082659,0.033043,0.058081
0.019418,0.064685,0.092993,0.090499,0.14473,0.16765,0.16222,0.11804,0.060833,0.078932
0.021461,0.032358,0.075685,0.10224,0.11267,0.14166,0.19728,0.15327,0.063725,0.099649
0.014611,0.052606,0.053755,0.13267,0.13464,0.25577,0.25026,0.022154,0.053467,0.030068
0.035051,0.049805,0.053473,0.20877,0.15471,0.14148,0.076694,0.20342,0.043327,0.033274
0.049183,0.10178,0.054993,0.058108,0.079469,0.07618,0.19359,0.18061,0.11905,0.087033
0.079686,0.11455,0.069605,0.099403,0.079007,0.12483,0.078337,0.15649,0.11451,0.08358
0.069352,0.072714,0.049043,0.051666,0.18333,0.17155,0.18522,0.055457,0.064752,0.096924
0.13525,0.098982,0.02395,0.0653,0.043465,0.096291,0.13824,0.20394,0.12981,0.064774
0.00833,0.042269,0.047602,0.079939,0.060254,0.060554,0.18276,0.35212,0.13358,0.032593
0.17206,0.066072,0.040603,0.021618,0.027925,0.078646,0.059575,0.095694,0.12881,0.309
0.047044,0.18843,0.081098,0.10173,0.047688,0.074355,0.045258,0.13323,0.10266,0.1785
0.045522,0.051961,0.045212,0.056768,0.11633,0.14417,0.19291,0.11137,0.068074,0.16768
0.037538,0.063335,0.099475,0.062108,0.14616,0.19006,0.095205,0.086138,0.061522,0.15847
0.10218,0.16832,0.050614,0.053417,0.092482,0.19298,0.063109,0.03853,0.13075,0.10761
0.1464,0.011438,0.065362,0.070461,0.10383,0.061637,0.059261,0.12948,0.21204,0.1401
0.25417,0.094428,0.037245,0.11079,0.1121,0.15265,0.083752,0.059398,0.077921,0.017542
0.031483,0.094768,0.04454,0.043978,0.086285,0.09409,0.020184,0.066639,0.22485,0.29319
0.24065,0.25213,0.124,0.12765,0.076557,0.055616,0.017163,0.062156,0.020341,0.023741
0.13353,0.17731,0.053152,0.039263,0.058826,0.20951,0.080229,0.13123,0.085579,0.031369
0.030114,0.15146,0.1196,0.18403,0.13968,0.10548,0.07073,0.12133,0.033074,0.044512
0.21205,0.11515,0.1426,0.1099,0.12273,0.13844,0.048246,0.041089,0.046368,0.023427
0.31068,0.057179,0.068895,0.083175,0.076798,0.10249,0.036847,0.029301,0.15571,0.078922
0.13339,0.053601,0.042169,0.021303,0.014133,0.015542,0.0060655,0.043188,0.16514,0.50547
0.12567,0.032676,0.0068214,0.030431,0.011879,0.019472,0.081432,0.11297,0.24215,0.3365
0.043945,0.091938,0.038792,0.073353,0.10745,0.036613,0.053766,0.11595,0.16865,0.26954
0.065551,0.094514,0.058379,0.12808,0.19034,0.15128,0.16447,0.09375,0.04463,0.0090084
