0.39658,0.06987,0.053763,0.036193,0.079494,0.069781,0.21318,0.033896,0.018103,0.029132
0.021193,0.025336,0.12451,0.096392,0.083488,0.037251,0.054777,0.045335,0.072652,0.43906
0.14294,0.03597,0.031304,0.0073484,0.025563,0.02865,0.081259,0.076125,0.20893,0.3619
0.058661,0.074131,0.02673,0.050604,0.013594,0.014888,0.056298,0.11907,0.52807,0.057959
0.055759,0.041029,0.0014041,0.032821,0.021756,0.015173,0.017144,0.025556,0.051571,0.73779
0.89773,0.010911,0.015391,0.013151,0.028391,0,0.0039027,0,0,0.030524
0.70047,0.023613,0.021498,0.015242,0.04197,0.081639,0.034929,0.0068023,0.0085179,0.065319
0.066227,0.24793,0.13325,0.031759,0.035904,0.047161,0.028123,0.080824,0.11943,0.20939
0.043786,0.016579,0.14847,0.20692,0.19533,0.064069,0.17546,0.068914,0.036296,0.04418
0.010186,0.053808,0.10703,0.24158,0.15667,0.021362,0.037422,0.094004,0.18125,0.096687
0.11688,0.057435,0.040379,0.37988,0.058746,0.089321,0.043518,0.055865,0.064421,0.093553
0.093456,0.17107,0.26455,0.052404,0.14202,0.059599,0.081031,0.0407,0.031517,0.063657
0.082277,0.34706,0.12722,0.023296,0.073207,0.095082,0.062452,0.10562,0.072874,0.01092
0.40428,0.27774,0.1995,0.049286,0.019121,0.0069286,0.0080473,0.016593,0.013933,0.0045742
0.0017828,0.022253,0.0094069,0.061763,0.13953,0.076367,0.022132,0.15894,0.32013,0.1877
0.0089352,0.042489,0.064432,0.0090224,0.035349,0.18861,0.14978,0.080067,0.24255,0.17877
0.20756,0.11669,0.027955,0.021108,0.042843,0.19512,0.044182,0.099529,0.11177,0.13324
0.13267,0.059062,0.024548,0.0456,0.07156,0.10204,0.077429,0.090659,0.18144,0.215
0.23226,0.075605,0.053716,0.084669,0.13494,0.035382,0.012252,0.086041,0.090033,0.1951
0.15464,0.040698,0.083692,0.13776,0.20287,0.14183,0.059899,0.033178,0.083155,0.062278
0.075654,0.15439,0.04404,0.039749,0.029826,0.10319,0.037662,0.096907,0.17246,0.24613
0.044618,0.046256,0.26945,0.045013,0.092085,0.061736,0.065858,0.15324,0.06385,0.15789
0.13074,0.11316,0.4546,0.22412,0.024145,0.013277,0.00026638,0.011199,0.024338,0.0041388
0.022121,0.0078646,0.0089341,0.55008,0.31097,0.0051548,0.072555,0.01064,0.0041096,0.0075723
0.069921,0.035073,0.040608,0.027628,0.040166,0.16465,0.27538,0.12511,0.084379,0.13708
0.11291,0,0.0016208,0.058323,0.059424,0.0089231,0.048848,0.040484,0.3659,0.30357
0.16725,0.026397,0.0879,0.022669,0.12172,0.21328,0.12216,0.23462,0,0.004013
