0.82199,0.094328,0.041363,0.008506,0,0,0.024497,0.0093115,0,0
0.006833,0.53029,0.37317,0.089704,0,0,0,0,0,0
0,0.063305,0.83901,0.035121,0.0043025,0,0,0,0.043808,0.01445
0.079712,0.052109,0.0064655,0,0.010907,0.065504,0.16071,0.50044,0.12416,0
0.1102,0.81165,0.052576,0.010175,0,0,0,0.0058072,0.0095961,0
0,0.0013989,0,0.0027263,0.0052661,0,0.013119,0.091176,0.23826,0.64805
0.2488,0.43448,0.14003,0.074368,0.0026239,0.0082148,0.002597,0.022344,0.035874,0.030662
0.15866,0.72207,0.0053698,0.0012903,0.0010323,0.023593,0.0044139,0.057216,0.025815,0.00053917
0.24953,0.10445,0.082675,0.086104,0.035895,0.061291,0.36074,0.014985,0.0025628,0.0017699
0,0,0,0.00032978,0.00027246,0.0010441,0.00045609,0.0025212,0.14623,0.84914
0.02227,0,0.011758,0.040226,0,0.0091084,0.71256,0.20407,0,0
0.013333,0.0026313,0,0.003032,0.0050218,0.067252,0.49685,0.40637,0.0055153,0
0.00015199,0.020751,0.0085388,0.038831,0.051305,0.33252,0.41701,0.10314,0.024599,0.0031544
0.086082,0.046815,0.036073,0.018743,0.0053389,0.08153,0.28075,0.23402,0.12189,0.088763
0.27925,0.29964,0.075901,0.066199,0.058247,0.053329,0.023885,0.0067085,0.013298,0.12354
0.61912,0.19997,0.047484,0.041551,0.025999,0.012404,0,0.0027466,0.0018894,0.048828
0.43973,0.12306,0.030778,0.052574,0.074863,0.074944,0.040993,0.020363,0.065404,0.077284
0.13163,0.068732,0.026316,0.013649,0.006264,0.038445,0.18199,0.35901,0.061298,0.11266
0.027438,0.048607,0.13285,0.061514,0.038827,0.13022,0.058223,0.31858,0.1689,0.014847
0.68305,0.061823,0.059498,0.056409,0.055342,0.040317,0.023569,0.014475,0,0.0055187
0.027947,0.072316,0.092103,0.058634,0.11578,0.11798,0.078303,0.074189,0.16036,0.20239
0.056078,0.03769,0.0041686,0.057512,0.039249,0.021722,0.17913,0.19932,0.38931,0.015824
0.0051385,0.05069,0.023407,0.23818,0.26909,0.15694,0.025937,0.016539,0.064034,0.15004
0.15222,0.070341,0.072696,0.034197,0.35838,0.16898,0.060363,0.034664,0.017906,0.030248
0.10306,0.087461,0.084681,0.049514,0.02462,0.061737,0.29657,0.28244,0.0032047,0.0067168
0.019148,0.028699,0.31757,0.21019,0.13296,0.024538,0.050654,0.040653,0.054163,0.12142
0.25319,0.56058,0.068527,0.089107,0.0094716,0,0.0092134,0.0055337,0.0020206,0.0023634
0.073433,0.073191,0.021463,0.034328,0.094247,0.029994,0.13334,0.38841,0.08148,0.070111
0.1262,0.036369,0.070031,0.080381,0.21138,0.25364,0.057173,0.1409,0.014532,0.0093945
0.0060532,0.0019897,0.036978,0.018825,0.15871,0.25662,0.090922,0.21814,0.20168,0.010069
0.05697,0.093571,0.0088041,0.087275,0.20656,0.12505,0.10809,0.13605,0.061572,0.11606
0.0052362,0,0.0077109,0,0.0029365,0.03006,0.14449,0.29901,0.33385,0.1767
0.12896,0.24612,0.14721,0.11205,0.07926,0.015367,0.033567,0.073338,0.077128,0.086997
0.10988,0.086459,0.075072,0.084749,0.039368,0.029182,0.026959,0.039653,0.097327,0.41135
0.17895,0.11207,0.088679,0.095647,0.092772,0.14938,0.078407,0.053542,0.044914,0.10565
0.11336,0.044111,0.049595,0.01255,0.0083119,0.01421,0.061404,0.12445,0.14489,0.42712
0.02445,0.063563,0.054157,0.016409,0.024206,0.1752,0.48148,0.11844,0.026502,0.015593
0.020146,0.039802,0.010046,0.0043319,0.0032644,0.044238,0.070395,0.090648,0.1801,0.53703
0.06754,0.020368,0.0072445,0.020038,0.068627,0.17678,0.15224,0.084481,0.079097,0.32359
0.001329,0.076813,0.052791,0.042645,0.27368,0.048856,0.086866,0.1584,0.11686,0.14176
0.075672,0.156,0.052401,0.11532,0.16946,0.085115,0.089466,0.042735,0.052966,0.16086
0.025885,0.066643,0.045981,0.053526,0.19666,0.075132,0.076463,0.036645,0.15649,0.26658
0.047659,0.12667,0.23815,0.16831,0.057181,0.138,0.044481,0.022113,0.11981,0.03762
0.57095,0.16241,0.05119,0.079939,0.033651,0.015041,0.040036,0.019011,0.0099111,0.017859
0.032622,0.033187,0.0036301,0.015119,0.10035,0.36571,0.28367,0.075637,0.030885,0.059186
0.059357,0.16057,0.0085147,0.28822,0.362,0.041383,0.012341,0.0095299,0.010277,0.047809
0.049611,0.81388,0.057919,0.023544,0.010742,0.005648,0.017281,0.0047018,0.00062821,0.016049
0.19436,0.069337,0.005893,0.037057,0.032717,0.067856,0.054738,0.12526,0.011994,0.40079
0.0063926,0.044167,0,0.018016,0.013789,0.04554,0.033172,0.024479,0.61209,0.20236
0.015551,0.026479,0.0060414,0.018271,0.25571,0.49405,0.14361,0.015943,0.024339,0
0.10669,0.095019,0.037686,0.011183,0.10315,0.29411,0.29468,0.045618,0.011873,0
0.14723,0.14257,0.37678,0.23255,0.015325,0.043952,0,0.041597,0,0
0.11288,0.022632,0.14501,0.00068808,0.011972,0.060339,0.058586,0.042947,0.22908,0.31586
0.090936,0.029663,0.22883,0.0011877,0.023864,0.043748,0.022128,0.0063243,0.043931,0.50939
0.26449,0.022032,0.13867,0,0.019777,0.016321,0.019564,0.015728,0.02376,0.47966
0.286,0.0082243,0.0050459,0.07715,0.016796,0.028985,0.021316,0.002683,0.060129,0.49367
0,0.0025478,0,0.0044378,0.0027654,0.12393,0.047729,0.041991,0.32478,0.45181
0.29624,0.012264,0.020447,0.03488,0.0070755,0.019445,0.098124,0.01301,0.37688,0.12164
0.016552,0.0029944,0.0032074,0.060304,0,0,0.0070055,0.57245,0.25365,0.083845
0,0.015181,0,0.0050666,0.013989,0.0011762,0.090165,0.059864,0.16087,0.65369
0.096932,0.018529,0.009152,0.059511,0.0037355,0.0013929,0.0051573,0.45963,0.20676,0.1392
0.079493,0.13211,0.016838,0.0081521,0.0041377,0.0019541,0.39786,0.16529,0.080129,0.11405
0.032431,0.0082328,0.062832,0.038334,0.20927,0.33724,0.23764,0.025722,0.042659,0.0056382
0.62471,0.20143,0.11061,0.036533,0.0086106,0.00992,0.0027079,0,0,0.0054793
0.1874,0.037429,0.011375,0.12102,0.05248,0.025516,0.16857,0.33833,0.045154,0.012732
0.4832,0.29,0.034718,0.15108,0.012143,0.0065178,0.011006,0.011344,0,0
0.032773,0.026799,0.30647,0.19264,0.23097,0.019165,0.03371,0.015956,0.089514,0.052004
