0.21812,0.14747,0.032949,0.023722,0.059529,0.057993,0.10104,0.048014,0.075341,0.23581
0.39066,0.15757,0.14583,0.067682,0.041154,0.065694,0.0082952,0.0378,0.058313,0.027003
0.14627,0.26231,0.066605,0.12808,0.12503,0.15014,0.018959,0.020466,0.060709,0.021447
0.060249,0.20196,0.10339,0.12822,0.12753,0.13845,0.196,0.024213,0.0095817,0.010412
0.070626,0.039859,0.11134,0.073551,0.10058,0.12106,0.171,0.16551,0.061174,0.085293
0.044023,0.037122,0.049072,0.10454,0.22518,0.21011,0.12406,0.10512,0.046357,0.054416
0.056055,0.022648,0.066441,0.045918,0.11227,0.23524,0.068621,0.10954,0.14697,0.13631
0.042727,0.026874,0.030158,0.19573,0.19323,0.042765,0.017549,0.064117,0.19355,0.1933
0.047412,0.035424,0.1957,0.36999,0.19184,0.071174,0.023975,0.037825,0.016597,0.010068
0.023178,0.043886,0.041392,0.22597,0.43182,0.073574,0.067929,0.0057163,0.014452,0.072089
0.065341,0.19771,0.17841,0.24729,0.11358,0.045585,0.039648,0.077825,0.026394,0.008211
0.045019,0.10712,0.1922,0.10098,0.21773,0.16292,0.060951,0.059939,0.030563,0.022575
0.034434,0.14568,0.13388,0.17455,0.10629,0.066777,0.11013,0.065541,0.11466,0.048068
0.039713,0.19765,0.1458,0.14545,0.16742,0.12574,0.016753,0.05291,0.0625,0.046065
0.056116,0.35967,0.081809,0.01886,0.30917,0.17268,0,0,0,0.0016938
0.37461,0.45537,0.13074,0.0029492,0.0057885,0.0050377,0,0,0.02551,0
0.86668,0.0054386,0.056698,0.025931,0.0033538,0.013818,0.017273,0.0017254,0,0.009085
0.01147,0.041943,0.13882,0.074978,0.1209,0.2008,0.19465,0.15184,0.04761,0.017
0.0079046,0.012266,0.0075413,0.086871,0.1771,0.22628,0.19379,0.078463,0.10492,0.10486
0.74829,0.22728,0.014046,0.0013125,0.00070583,0.0021605,0,0.0062081,0,0
0.006927,0.02218,0.31158,0.53392,0.10976,0.015632,0,0,0,0
0.083481,0.85604,0.050766,0.0061235,0.002423,0.0011623,0,0,0,0
0.0020726,0.002774,0.030367,0.27378,0.2253,0.32343,0.044922,0.091174,0.0061815,0
0.061481,0.11271,0.11998,0.16741,0.39978,0.072796,0.053058,0.0066681,0.0061239,0
0.00071506,0.017935,0.0055049,0.0027273,0.016835,0.065264,0.10237,0.1634,0.064405,0.56085
0.20588,0.39181,0.20377,0.028577,0.0082575,0.0074119,0.00072887,0.019919,0.12379,0.0098536
0.08115,0.023892,0.070197,0.22953,0.42051,0.15383,0.01667,0.0018383,0.0023761,0
0,0,0.065438,0.64224,0.14564,0.03753,0.099426,0.0069399,0,0.0027923
0.023617,0.0056461,0.01741,0.047206,0.41195,0.32231,0.025004,0.054144,0.0065644,0.086145
0.084123,0.054784,0.14911,0.16839,0.17214,0.23151,0.029791,0.084586,0.022173,0.0033938
0.024345,0.061829,0.076839,0.026296,0.0062818,0.020994,0.10615,0.59712,0.08015,0
0.030128,0,0.010566,0.060986,0.063321,0,0.0077826,0.0030337,0.15975,0.66444
0.067193,0.068145,0.024576,0.21582,0.35032,0.19231,0.015342,0.012857,0.015278,0.038152
0.054162,0.11829,0.16756,0.13548,0.08996,0.18818,0.095792,0.066865,0.062515,0.021198
0.0012581,0.017054,0.27893,0.16277,0.17165,0.08555,0.05393,0.13263,0.013116,0.083106
0.00081653,0.006421,0.094666,0.19913,0.18139,0.22905,0.029286,0.046751,0.18987,0.022628
0.065726,0.091446,0.073783,0.072415,0.11196,0.14863,0.099019,0.16212,0.066853,0.10805
0.040269,0.041888,0.027949,0.032932,0.082157,0.16445,0.19074,0.16584,0.15736,0.096409
0.17334,0.13937,0.058127,0.082768,0.048283,0.13843,0.077669,0.05238,0.060784,0.16885
0.3058,0.23122,0.068571,0.15137,0.064361,0.12211,0.012871,0.0029906,0.019864,0.020848
0.13148,0.016767,0.10867,0.05687,0.047224,0.061072,0.10949,0.24664,0.10446,0.11732
0.013881,0,0.016655,0.02681,0.059615,0.02404,0.12824,0.17151,0.084953,0.47429
0.62497,0.26733,0.044717,0.0043903,0.021128,0.025639,0.010205,0.0016157,0,0
0.55898,0.33303,0.021055,0.023069,0.011301,0.039561,0.0024182,0.00087205,0.0065824,0.0031301
0.89245,0.086571,0.015725,0.0023005,0.002952,0,0,0,0,0
0.0037275,0.028771,0,0,0,0.0029083,0.013395,0.74908,0.19913,0.0029874
0.07262,0.27184,0.07342,0.032179,0.029805,0.019054,0.052706,0.18242,0.18771,0.078248
0.50586,0.42193,0.040151,0.019583,0,0.0015388,0.0025576,0.0072149,0.0011637,0
0.0072078,0.010102,0.013471,0.0070849,0.13507,0.15639,0.15375,0.31549,0.17126,0.030179
0.045645,0.26221,0.19715,0.15229,0.2298,0.041653,0.021986,0.017332,0.029868,0.0020601
0.42306,0.50675,0.019417,0,0.0077694,0,0,0,0.040471,0.0025273
0.051891,0.047163,0.13608,0.012102,0.066618,0.053593,0.095055,0.14756,0.30448,0.085458
0.0017989,0.0006472,0.007496,0.017037,0.015478,0.025738,0.13134,0.21446,0.24617,0.33983
0.023403,0.065779,0.061113,0.047164,0.049559,0.20635,0.20254,0.14755,0.10554,0.091002
0.029125,0.014337,0.033722,0.037368,0.14645,0.14166,0.16931,0.10345,0.15402,0.17056
0.045108,0.03868,0.028768,0.040139,0.11437,0.13468,0.28406,0.22285,0.065962,0.025383
0.073978,0.060197,0.16462,0.20089,0.1889,0.093237,0.12365,0.054726,0.020534,0.019265
0.038376,0.012999,0.041723,0.055635,0.07767,0.11021,0.17523,0.22287,0.15811,0.10718
0.051135,0.045373,0.041769,0.10687,0.19925,0.3993,0.082934,0.025967,0.040021,0.0073769
0.0075891,0.012553,0.050995,0.062256,0.25512,0.2115,0.10231,0.060927,0.10568,0.13108
0.040318,0.13636,0.13822,0.085752,0.12172,0.10767,0.052782,0.030135,0.11888,0.16817
0.65706,0.2693,0.020579,0.013038,0.030026,0.0042177,0,0.0017047,0.0020026,0.0020629
0.19033,0.049533,0.045299,0.039736,0.10115,0.077597,0.082632,0.14771,0.15688,0.10913
0.24416,0.035447,0.051251,0.018393,0.13497,0.11542,0.069246,0.078842,0.13244,0.11983
0.64409,0.094069,0.12152,0.019708,0.039595,0.031429,0.033022,0.013766,0,0.0028032
0.26099,0.64522,0.048451,0.0078799,0.018339,0.018731,0,0,0.00039202,0
0.85757,0.042239,0.030429,0.056922,0,0.010337,0,0,0,0.0025077
0.54998,0.21813,0.031351,0.050873,0.069114,0.010744,0.054728,0.012862,0.0022147,0
0.68404,0.091684,0.036527,0.039327,0.09192,0.018237,0.013136,0.0055108,0,0.019616
0.33763,0.23147,0.18601,0.053256,0.023893,0.089866,0.050324,0.0094292,0.015702,0.0024199
0,0.034061,0.063063,0.15977,0.14883,0.16456,0.28198,0.12623,0.021494,0
0.075554,0.28299,0.12574,0.054849,0.032924,0.098409,0.1574,0.10503,0.058802,0.008304
0.10576,0.070649,0.51402,0.16913,0.057792,0.022449,0.021579,0.0031039,0.014391,0.021124
0.030101,0.052292,0.029719,0.23187,0.27135,0.15638,0.082369,0.043414,0.044488,0.058011
0.12168,0.10854,0.040094,0.1005,0.11229,0.061782,0.068683,0.13872,0.11702,0.13069
0.045581,0.057898,0.045812,0.045556,0.081867,0.10452,0.061176,0.099583,0.13691,0.3211
0.039203,0.040786,0.040026,0.035294,0.046643,0.041001,0.055128,0.088536,0.21803,0.39535
