0.1257,0.17074,0.037778,0.039103,0.041189,0.0087765,0.085548,0.031774,0.086054,0.37334
0.039893,0.026371,0.049942,0.16068,0.1667,0.13776,0.12014,0.16106,0.12431,0.01314
0.092189,0.0643,0.040101,0.025065,0.068363,0.041131,0.1178,0.13874,0.30552,0.10679
0.52982,0.15094,0.089165,0.066979,0.02847,0.025664,0.003331,0.028365,0.06958,0.0076816
0.16906,0.063772,0.046117,0.20333,0.072757,0.21433,0.034673,0.047189,0.082309,0.06646
0.021113,0.35737,0.15881,0.07163,0.18361,0.072033,0.033379,0.074551,0.022085,0.0054209
0.039881,0.17436,0.08773,0.21246,0.15875,0.11706,0.048627,0.011057,0.040876,0.10921
0.10379,0.17702,0.11452,0.13029,0.10939,0.047855,0.15314,0.11777,0.030257,0.015981
0.031897,0.073513,0.069652,0.12416,0.08544,0.12288,0.23842,0.18928,0.052513,0.012247
0.083865,0.09168,0.02876,0.090906,0.097787,0.18932,0.15484,0.10814,0.09969,0.055017
0.10149,0.061793,0.072199,0.15914,0.17522,0.12718,0.1074,0.16598,0.025431,0.0041598
0.045062,0.079162,0.051189,0.057931,0.10643,0.19476,0.14386,0.13722,0.067802,0.11658
0.0035709,0.017402,0.033833,0.031155,0.12571,0.19405,0.18955,0.086919,0.1542,0.16361
0.084071,0.048411,0.07709,0.11152,0.15279,0.14431,0.039221,0.17968,0.14465,0.018251
0.017627,0.0070237,0.0099949,0.14876,0.27084,0.028142,0.053605,0.19537,0.2109,0.05774
0.040469,0.02966,0.13469,0.098548,0.10258,0.0039279,0.016376,0.060708,0.2175,0.29555
0.044947,0.01898,0.061653,0.23243,0.17715,0.05607,0.042906,0.065687,0.1706,0.12958
0.14129,0.1381,0.30518,0.28465,0.065817,0.017128,0.014689,0.018824,0.003712,0.010606
0.006885,0.065622,0.099326,0.24133,0.37837,0.16923,0.011384,0.021174,0.0034446,0.0032372
0.0086162,0.025041,0.18915,0.18532,0.15223,0.17612,0.13246,0.057369,0.033784,0.039921
0.016647,0.064674,0.23376,0.085411,0.091998,0.14612,0.17372,0.074602,0.078607,0.034457
0.29464,0.41436,0.036358,0.015545,0.026697,0.014112,0.012329,0.12933,0.030612,0.026021
0.12251,0.1991,0.26169,0.10732,0.10419,0.067778,0.089043,0.022637,0.02436,0.0013664
0.023433,0.11388,0.118,0.098775,0.27534,0.091214,0.090452,0.085313,0.077116,0.026478
0.005371,0.06052,0.13968,0.11991,0.13455,0.10013,0.10199,0.12371,0.12917,0.084972
0.071944,0.2769,0.13836,0.1769,0.0606,0.068919,0.02216,0.06775,0.09395,0.022517
0.13419,0.084423,0.15657,0.063525,0.065999,0.12549,0.13963,0.075242,0.091216,0.063722
0.0385,0.068817,0.047254,0.015168,0.26957,0.22005,0.1466,0.073546,0.045687,0.074804
0.16089,0.018969,0.34103,0.46016,0.0055801,0.01337,0,0,0,0
0.02381,0.11643,0.020302,0.049314,0.022793,0.0094553,0.058347,0.14638,0.50239,0.050772
0.18508,0.60483,0.18444,0.0095073,0,0.010289,0.0018648,0.0031794,0.00081849,0
0.049416,0.7877,0.10665,0.043345,0.012889,0,0,0,0,0
0.64246,0.33436,0.0019954,0.018083,0.00083497,0.0022727,0,0,0,0
0.26149,0.65293,0.011305,0.015685,0.043587,0.015005,0,0,0,0
0,0.39108,0.58958,0.0095386,0.0020798,0.0021553,0.0037476,0.0018127,0,0
0.013714,0.026064,0.039202,0.089713,0.081195,0.26267,0.21466,0.1196,0.10661,0.04656
0.011463,0.020388,0.075629,0.053888,0.15758,0.13295,0.22641,0.078315,0.12176,0.12162
0.078552,0.033808,0.032545,0.029563,0.081345,0.21697,0.12356,0.11285,0.25646,0.03435
0.86994,0.055872,0.011909,0.0061047,0.0044827,0.011455,0,0,0.023714,0.016518
0.18968,0.31141,0.040479,0.017894,0.011971,0.043929,0.13621,0.049,0.16917,0.03026
0,0,0.037457,0.41265,0.45118,0.090858,0.0078511,0,0,0
0.056943,0.028739,0.78943,0.065862,0.054317,0.0021109,0.0025962,0,0,0
0.78242,0.063255,0,0.014185,0.012972,0.0014828,0,0.0059746,0.10959,0.010125
0.085239,0.19386,0.41367,0.22348,0.028705,0.021229,0.015598,0.0053283,0.011587,0.001298
0.0024855,0.0014888,0.032622,0.23005,0.57063,0.082806,0.056188,0.023726,0,0
0.01932,0.0015628,0.074469,0.1474,0.10846,0.11849,0.17797,0.16612,0.1344,0.051808
0.027592,0.12674,0.24069,0.24122,0.15106,0.010475,0.036262,0.012423,0.019259,0.13428
0.1282,0.051083,0.011181,0.14257,0.13315,0.46231,0.047137,0.024361,0,0
0.017,0.014311,0.0091715,0.0080885,0.0066475,0.033411,0.21766,0.18203,0.25011,0.26157
0.047944,0.033205,0.0052447,0.012198,0.039707,0.083141,0.087491,0.14504,0.041677,0.50436
0.23448,0.4137,0.043716,0.052145,0.010311,0.0061198,0.0082202,0.01345,0.1804,0.037452
0.010731,0.017223,0.51421,0.21707,0.21064,0.025021,0.0051003,0,0,0
0,0.004516,0.002806,0.031942,0.056871,0.51389,0.36002,0.024016,0.0014463,0.0044989
0.029075,0.0089156,0.52846,0.39405,0.021901,0.0099305,0,0,0,0.0076644
0,0,0,0.16654,0.48116,0.2074,0.057324,0.080278,0.00264,0.004652
0.013267,0.80856,0.042917,0.020355,0.11285,0.0020577,0,0,0,0
0.0021325,0.015823,0.0014847,0.0025149,0.06703,0.1069,0.11297,0.21058,0.37842,0.10213
0.0060803,0.044346,0.010579,0.82375,0.073572,0.0022032,0,0,0,0.039469
0.16139,0.038114,0.10954,0.10574,0.045005,0.14601,0.22542,0.0059951,0.075044,0.087744
0.036701,0.095064,0.18306,0.18227,0.22953,0.12879,0.046692,0.04445,0.053442,0
0.015416,0.036922,0.0093237,0.0065229,0.0024168,0.067264,0.007491,0.013352,0.042625,0.79867
0.011944,0.057836,0.071559,0.011808,0.037681,0.46661,0.29663,0.038275,0,0.0076566
0.0056422,0.0077856,0.15243,0.013267,0.00095523,0.065745,0.00075648,0.00089327,0.034889,0.71764
0.00028761,0,0,0,0,0.00038988,0.020463,0.0027933,0.27984,0.69623
0,0,0,0,0,0.00084781,0.010468,0.12694,0.58902,0.27272
0.097642,0.074975,0.14119,0.26969,0.1966,0.13272,0.018655,0.040075,0.013463,0.014991
0.12928,0.084689,0.044796,0.11114,0.11088,0.21695,0.095928,0.1218,0.068836,0.015692
0.024459,0.040506,0.12091,0.23344,0.20191,0.13842,0.23115,0.0021894,0.001282,0.0057281
0,0.002893,0.072586,0.32854,0.19049,0.22678,0.071546,0.021667,0.048476,0.037027
0.036312,0.53371,0.009344,0.00044836,0.0013757,0.17878,0.021305,0.05466,0.016295,0.14776
0,0.037115,0.36303,0.04637,0.0071118,0.17255,0.061331,0.10224,0.12892,0.08133
0.0075843,0.01228,0.082894,0.1543,0.35874,0.12651,0.059885,0.092806,0.062644,0.042365
0,0.0010557,0.0086665,0.028593,0.073106,0.16414,0.16937,0.13401,0.21311,0.20795
0.038941,0.064413,0.030676,0.010012,0.093233,0.10969,0.10793,0.093441,0.1306,0.32106
0.002768,0.0062621,0.047816,0.033649,0.1372,0.19585,0.12279,0.13563,0.16201,0.15602
0.084304,0.11504,0.029194,0.067634,0.15495,0.11007,0.09803,0.065598,0.063904,0.21127
0.30813,0.20069,0.15116,0.098307,0.066622,0.017243,0.045712,0.025691,0.063353,0.023087
0.033216,0.084637,0.033433,0.038644,0.075729,0.023371,0.084029,0.17099,0.12367,0.33228
0.016693,0.77098,0.10538,0.053034,0,0,0.01403,0.0081788,0.031707,0
0.056389,0.44267,0.072748,0.028482,0.14864,0.032082,0.057356,0.10902,0.047873,0.0047384
0.083928,0.030482,0.09924,0.10322,0.08918,0.13225,0.13911,0.18658,0.02702,0.109
0.21832,0.027202,0.083206,0.0033399,0.0055433,0.023722,0.14606,0.21083,0.10784,0.17394
0.01445,0.035798,0,0.044302,0.048667,0.40499,0.0085832,0.0051178,0.041919,0.39617
0.0038143,0.020187,0.0077874,0.0046082,0.037417,0,0.0051215,0.056669,0.5893,0.27509
0.07897,0.21884,0.042896,0.22069,0.090556,0.026779,0.092221,0.13927,0.041578,0.048206
0.90446,0.045325,0,0.0034746,0.026654,0,0.015543,0.0045432,0,0
0.82537,0.056573,0.04104,0.034616,0.040664,0,0,0,0,0.0017323
0.080972,0.068598,0.39779,0.073412,0.017004,0.14899,0.10302,0.045668,0.044412,0.020128
0.91492,0.048757,0.036321,0,0,0,0,0,0,0
0,0.0073785,0.046934,0.30886,0.24861,0.29558,0.054221,0.024081,0.014338,0
0,0.031154,0,0.010884,0.34595,0.38963,0.15426,0.06064,0.0041421,0.0033492
0,0.023995,0,0,0,0.0067783,0.0073109,0.058286,0.84512,0.058507
0.12137,0.28433,0.082394,0.020903,0.016908,0.029453,0.14178,0.1694,0.11456,0.0189
0.080022,0.14771,0.06914,0.030932,0.061391,0.01763,0.024133,0.11206,0.23491,0.22206
0.79018,0.1612,0.027939,0.011468,0,0.002214,0.0038467,0.0024192,0.00073322,0
0.28387,0.41534,0.2262,0.034664,0.0037123,0.0034982,0.0054141,0,0.027298,0
0,0.0056945,0,0.0017241,0.002685,0.0078094,0.0073421,0.094294,0.65851,0.22194
0.88139,0.035242,0.010745,0.034563,0.019926,0.0074996,0,0.01063,0,0
0.33621,0.14019,0.034806,0.10955,0.098641,0.056483,0.053884,0.056543,0.072364,0.041328
0.021008,0.031543,0.28572,0.34317,0.18106,0.025543,0.012466,0.024917,0.0394,0.035172
0.88316,0.041216,0.010918,0.00463,0,0,0,0.014021,0.043364,0.0026903
0.06588,0.25577,0.531,0.13332,0.0071196,0.0039221,0.00073519,0,0.0022574,0
0,0.0006865,0.013579,0.0071342,0.0028868,0.0021769,0.0051173,0.0072776,0.0457,0.91544
0.06366,0.023627,0.14871,0.21928,0.074031,0.17539,0.18447,0.10741,0.0034134,0
0.011246,0.0047226,0.015459,0.023592,0.029793,0.031027,0.018303,0.11987,0.63575,0.11024
0.00033051,0.01066,0.0063066,0.014131,0.015327,0.041824,0.10634,0.17927,0.2722,0.3536
0.079798,0.039304,0.037412,0.059642,0.064994,0.084174,0.17083,0.17819,0.13004,0.15562
0.030166,0.043304,0.0612,0.10964,0.17424,0.29748,0.10211,0.073993,0.074939,0.032923
0.029364,0.028291,0.024449,0.096958,0.12161,0.22852,0.17757,0.082507,0.15015,0.060576
0.034519,0.02282,0.043201,0.04458,0.059546,0.1798,0.15791,0.091589,0.07564,0.2904
0.064573,0.039504,0.033617,0.050468,0.23348,0.2243,0.088573,0.13495,0.091764,0.038768
0.011741,0.029748,0.070743,0.11485,0.31134,0.1797,0.19272,0.048135,0.028511,0.012507
0.019115,0.040696,0.11776,0.25801,0.21443,0.088331,0.15323,0.056608,0.041775,0.010051
0.092117,0.083002,0.09404,0.24824,0.29681,0.092934,0.070698,0.0090102,0.0097488,0.0033944
0.023395,0.05101,0.041924,0.023472,0.18357,0.17202,0.15589,0.124,0.14215,0.082564
0.059706,0.069399,0.088612,0.088159,0.16834,0.21773,0.11885,0.043825,0.074575,0.07081
0.013152,0.013182,0.048994,0.067844,0.27585,0.38722,0.11052,0.042371,0.012027,0.028832
0.014536,0.021189,0.039926,0.15024,0.36326,0.27112,0.04944,0.01406,0.019421,0.056805
0.023909,0.039257,0.048924,0.1246,0.13352,0.23156,0.13913,0.06932,0.12337,0.06642
0.054044,0.039351,0.027369,0.039355,0.13958,0.15418,0.17385,0.084747,0.11437,0.17316
0.01732,0.10748,0.10698,0.053039,0.091667,0.17042,0.1198,0.046957,0.13851,0.14782
0.14946,0.20287,0.18076,0.059192,0.073667,0.12067,0.089247,0.031445,0.045076,0.04761
0.54006,0.18777,0.18308,0.044726,0.01672,0.002478,0.018081,0.0050342,0,0.0020534
0.21599,0.21487,0.1331,0.12565,0.15238,0.12561,0.021892,0,0.0056185,0.004898
0.2731,0.096208,0.077719,0.17225,0.21872,0.11949,0.011894,0.0071708,0.022982,0.00047039
0.15721,0.134,0.05401,0.044568,0.12748,0.062015,0.075501,0.084106,0.10515,0.15597
0.24553,0.077904,0.040799,0,0.1029,0.079062,0.078215,0.027169,0.18547,0.16295
0.34093,0.18648,0.039841,0.019667,0.032913,0.13402,0.013505,0.080124,0.082241,0.070283
0.78542,0.020316,0.0068868,0.023064,0.02419,0.058302,0.047537,0.016186,0.014446,0.0036505
0.15198,0.20753,0.21019,0.086782,0.059508,0.10989,0.073512,0.024183,0.047081,0.029348
0.34668,0.48205,0.10188,0.026315,0.0066676,0.033745,0.00098402,0,0.0016784,0
0.093225,0.55401,0.18991,0.081897,0.040017,0.022639,0.010136,0,0.005996,0.0021757
0.36585,0.43614,0.12908,0.032169,0.012456,0.024302,0,0,0,0
0.42169,0.4897,0.0052329,0.056113,0.00074626,0,0,0.026513,0,0
0.035527,0.03802,0.22381,0.14062,0.10882,0.17616,0.03589,0.0084485,0.08638,0.14632
0.30185,0.65036,0.021361,0.019097,0.0047477,0,0,0,0.0025833,0
0.87289,0.090943,0.029765,0.00029975,0.0041073,0.001992,0,0,0,0
0.28427,0.12913,0.030998,0.031529,0.13436,0.16038,0.044966,0.12101,0.020405,0.042955
0.16358,0.29728,0.26313,0.17163,0.10015,0.00055796,0,0,0,0.0036758
0.17681,0.080501,0.40153,0.12425,0.041075,0.098837,0.020866,0.0092412,0.025501,0.021383
0,0.067368,0.018991,0.24464,0.28397,0.22445,0.10809,0.04168,0.0059443,0.0048701
0.0062266,0.029213,0.074568,0.036738,0.024619,0.085481,0.10686,0.32703,0.15895,0.15032
0.035872,0.44615,0.32167,0.071397,0.060198,0.047366,0.017355,0,0,0
0.027265,0.0053997,0.0015475,0.0013494,0.013388,0.21797,0.20696,0.089329,0.1659,0.27089
0.0043958,0.0090214,0.0036872,0.0011753,0.0029181,0.1143,0.25033,0.14075,0.22754,0.24588
0.14023,0.71375,0.096165,0.015018,0.0051101,0.0065679,0.00019495,0.021701,0.0007927,0.00047565
0.11892,0.58863,0.19154,0.026002,0.0078192,0.047715,0.014943,0.0041667,0.0002618,0
0.029086,0.027687,0.019848,0.028423,0.44956,0.12226,0.161,0.071024,0.06805,0.023064
0.013429,0.070646,0.03009,0.11829,0.17398,0.21289,0.1172,0.10498,0.080395,0.078106
0.061404,0.079807,0.15675,0.15337,0.078393,0.082253,0.077625,0.099053,0.11122,0.10013
0.064898,0.055482,0.078524,0.098216,0.13607,0.14454,0.086241,0.061559,0.12511,0.14936
0.073921,0.057038,0.10328,0.036831,0.11032,0.094593,0.16063,0.096839,0.083023,0.18353
0.012306,0.042075,0.028881,0.012241,0.059563,0.22633,0.081929,0.19669,0.26957,0.070424
0.040548,0.020835,0.010479,0.058304,0.067252,0.05818,0.096009,0.2694,0.13471,0.24428
0.041343,0.055833,0.096713,0.11717,0.15324,0.070417,0.074042,0.05931,0.14339,0.18854
