0.16582,0.053054,0.036309,0.20518,0.12818,0.14647,0.082344,0.066061,0.069973,0.046612
0.054995,0.064686,0.17188,0.19005,0.14571,0.17522,0.071551,0.031481,0.041293,0.053138
0.092175,0.063038,0.064777,0.082732,0.28492,0.1293,0.13925,0.045488,0.050151,0.04816
0.16205,0.20449,0.19455,0.1429,0.23877,0.0092183,0.0037835,0.0081362,0.016519,0.019586
0.2033,0.060671,0.21746,0.15326,0.13842,0.093826,0.034521,0.041813,0.038004,0.018719
0.0022991,0.043322,0.040644,0.063108,0.26714,0.25397,0.097152,0.06288,0.10102,0.068456
0.047335,0.090715,0.033033,0.027272,0.32477,0.15855,0.097547,0.1336,0.066631,0.020543
0.065532,0.12532,0.053315,0.19359,0.20895,0.26383,0.045292,0.020018,0.013438,0.010712
0.11394,0.11231,0.2035,0.043765,0.14197,0.15335,0.078106,0.068241,0.026338,0.058482
0.048901,0.08483,0.082511,0.054203,0.25708,0.25067,0.075065,0.043885,0.061218,0.041636
0.14089,0.15295,0.12848,0.16549,0.20442,0.11995,0.022286,0.034094,0.011776,0.019672
0.069065,0.15989,0.10783,0.14268,0.11098,0.15096,0.11172,0.023898,0.044244,0.078742
0.039091,0.11754,0.10464,0.13176,0.12387,0.069225,0.067134,0.051232,0.11052,0.18499
0.10226,0.45995,0.11687,0.094882,0.02411,0.011973,0.019005,0.0081322,0.034572,0.12825
0.0067711,0.022335,0.12568,0.14083,0.11764,0.081789,0.063478,0.1599,0.19918,0.082389
0.041746,0.016899,0.085964,0.1593,0.064849,0.072125,0.042829,0.14904,0.1876,0.17965
0.055324,0.020435,0.051913,0.064959,0.29061,0.29472,0.064743,0.052401,0.031411,0.073476
0.19855,0.19967,0.16584,0.026384,0.16171,0.18986,0.024544,0.019338,0.0071163,0.0069819
0.021009,0.097286,0.047403,0.056564,0.20083,0.093698,0.077317,0.14283,0.15106,0.11199
0.087828,0.043311,0.031608,0.10137,0.18679,0.16828,0.11678,0.098312,0.10756,0.058162
0.025787,0.037868,0.060745,0.050653,0.18594,0.20155,0.19517,0.072555,0.082294,0.087441
0.027081,0.03217,0.030929,0.055115,0.2889,0.1765,0.2734,0.082913,0.022245,0.010753
0.02782,0.044794,0.03122,0.030843,0.33126,0.17953,0.038265,0.052987,0.1572,0.10609
0.1221,0.042816,0.071041,0.12012,0.18641,0.04178,0.058736,0.10688,0.13799,0.11213
0.051062,0.081886,0.32971,0.16403,0.083728,0.039578,0.00803,0.041041,0.052715,0.14822
0.22414,0.14362,0.25268,0.13505,0.071211,0.0066494,0.0030119,0.025869,0.042088,0.095684
0.077803,0.044043,0.21412,0.39197,0.15164,0.014255,0.0020346,0.027771,0.010014,0.066347
0.054649,0.040866,0.19929,0.13186,0.25212,0.031507,0.045609,0.071667,0.13519,0.03724
0.026898,0.047431,0.18653,0.097673,0.23507,0.16088,0.10674,0.045018,0.05726,0.0365
0.055356,0.051962,0.12326,0.22081,0.13461,0.1321,0.049827,0.059156,0.06245,0.11048
0.063424,0.095416,0.060527,0.054426,0.18618,0.16043,0.087124,0.11207,0.086869,0.093532
0.0077935,0.01681,0.046958,0.1046,0.34871,0.27915,0.09381,0.04372,0.039093,0.019349
0.10488,0.094109,0.14629,0.11647,0.15774,0.17932,0.11204,0.056935,0.011215,0.020999
0.046476,0.22328,0.43263,0.17619,0.01815,0.061512,0.0026678,0.026653,0.012439,0
0.69992,0.15316,0.021132,0,0,0,0.055246,0.06433,0.0062072,0
0.7534,0.17084,0.0027535,0.022968,0.047541,0,0,0.0024996,0,0
0.52588,0.39464,0.029984,0,0,0,0.028068,0.021429,0,0
0,0.24318,0.56459,0.17672,0,0.015517,0,0,0,0
0.3793,0.44785,0.080639,0.018297,0.072664,0.0012433,0,0,0,0
0.021053,0.014419,0.037217,0.30357,0.50309,0.1027,0.0057985,0.012149,0,0
0.0015051,0.0037291,0.042111,0.60303,0.29032,0.034933,0.014542,0.0045779,0.0025346,0.0027091
0.013549,0.030001,0.24496,0.12531,0.17782,0.23001,0.10574,0.041487,0.023222,0.007903
0.123,0.15537,0.28431,0.15692,0.04374,0.074871,0.13935,0.014095,0.0035609,0.0047873
0.010214,0.10356,0.095945,0.03988,0.14256,0.18639,0.22735,0.094198,0.0049841,0.09493
0.11135,0.086052,0.0036107,0.017434,0.21671,0.19894,0.11303,0.12376,0.10225,0.026852
0.052599,0.065896,0.083002,0.051102,0.083312,0.12434,0.10654,0.067242,0.17571,0.19026
0.013545,0.026709,0.043956,0.13257,0.11128,0.32283,0.21245,0.06956,0.056297,0.010801
0.023012,0.0078713,0.039373,0.15715,0.20733,0.20724,0.14948,0.1118,0.059753,0.036993
0.013786,0.01969,0.023519,0.25206,0.20288,0.092503,0.11147,0.03686,0.13515,0.11208
0.081443,0.086439,0.062922,0.1729,0.24256,0.15436,0.087225,0.060903,0.039249,0.011998
0.20945,0.073848,0.06091,0.089588,0.16587,0.21018,0.13426,0.0097856,0.023722,0.022384
0,0.0076863,0.0049546,0.083355,0.049348,0.1533,0.086386,0.20198,0.308,0.10499
0.001052,0.0012728,0.037837,0.03811,0.14425,0.23555,0.23593,0.22116,0.05239,0.032439
0.0063166,0.016252,0.085759,0.29505,0.22978,0.1639,0.096297,0.023256,0.031809,0.051581
0.0036366,0.0037978,0.037556,0.0453,0.1313,0.32339,0.23599,0.16584,0.043382,0.0098052
0.011007,0.043342,0.058784,0.30389,0.22205,0.17172,0.13259,0.037233,0.012865,0.0065186
0,0.039832,0.067417,0.041239,0.038326,0.57298,0.22358,0.0055478,0.011077,0
0.089777,0.059746,0.007537,0.026967,0.23629,0.44755,0.07389,0.0068199,0.015197,0.036222
0.028297,0.039899,0.041191,0.031696,0.20465,0.49144,0.12135,0.036879,0.0040683,0.00052852
0.86511,0.098692,0.0040285,0.014878,0,0.0095995,0,0.0045812,0.0031066,0
0.20449,0.28721,0.195,0.070557,0.031813,0.0095949,0.002468,0.0063397,0.094116,0.098415
0.078629,0.030584,0.0075004,0.01023,0.054956,0.14583,0.31777,0.11792,0.21371,0.022872
0.013207,0,0.021382,0.017688,0,0,0,0.0028643,0.00606,0.9388
0.0054433,0.0049968,0,0.0034329,0,0.013188,0.0073916,0.0043679,0.067208,0.89397
0,0,0.0037095,0.015354,0.0055096,0.0039847,0,0.039383,0.92976,0.002295
0.0069629,0,0,0,0.0013087,0.060597,0.016638,0.0068749,0.14603,0.76159
0,0,0,0,0.001488,0,0.0044264,0.015098,0.055937,0.92305
0.012152,0.0055687,0,0,0,0,0.013843,0.0055625,0,0.96287
0,0,0,0,0.011772,0,0,0,0,0.98823
0.29214,0.046622,0.042632,0.006565,0.13843,0.26374,0.1775,0.032368,0,0
0,0,0.0026013,0.0085354,0.011335,0.10775,0.37078,0.36663,0.12714,0.0052334
0.13391,0.007205,0.012471,0.082556,0.020109,0.09598,0.28907,0.19811,0.1565,0.0040917
0.053557,0.19071,0.33452,0.32132,0.063937,0.014164,0.01917,0.0025094,0.00011589,0
0.025435,0.022236,0.0015203,0.0187,0.013409,0.0055934,0.0017441,0.020863,0.26503,0.62547
0.013566,0.016045,0.060354,0.86016,0.026559,0.0042765,0.0021331,0.004047,0.010532,0.0023251
0.10828,0.1297,0.088582,0.074492,0.12584,0.11704,0.025908,0.013557,0.045141,0.27146
0.09751,0.17559,0.59345,0.11571,0.007371,0.0066372,0.0037311,0,0,0
0,0.0040624,0.09684,0.60302,0.12141,0.12903,0.0087176,0.0065086,0.013663,0.016749
0.01599,0.49243,0.31479,0.029609,0.064982,0.042307,0.019889,0.0057864,0.014219,0
0.31658,0.65462,0.0067482,0.0027033,0.0022851,0,0,0.017063,0,0
0.014734,0.0045938,0.0070638,0.12085,0.21512,0.15701,0.10923,0.14569,0.19761,0.028099
0,0,0.011861,0.085284,0.66033,0.18462,0.05499,0.0022846,0.00063107,0
0.68034,0.17139,0.025345,0.014982,0.022833,0.024918,0.031436,0.017541,0.01122,0
0.22558,0.58034,0.027364,0.074452,0.049183,0.031399,0.00325,0.0074093,0.0010161,0
0.16802,0.48968,0.12245,0.0069703,0.035236,0.03289,0.015443,0.0043079,0.090752,0.034259
0.078446,0.18852,0.044949,0.019022,0.065769,0.17913,0.068749,0.16289,0.12412,0.068407
0.61561,0.21023,0.078538,0.07255,0.020284,0,0,0,0.0027856,0
0.096257,0.067849,0.10482,0.12332,0.12527,0.20018,0.18577,0.048608,0.042945,0.0049836
0.22882,0.43477,0.12852,0.01661,0.0070946,0.0024252,0,0.016213,0.15651,0.0090341
0.1062,0.35854,0.041703,0.088089,0.09466,0.12072,0.091656,0.071439,0.021114,0.0058868
0.030005,0.043231,0.11638,0.17688,0.29413,0.18575,0.098273,0.042611,0.0028192,0.0099206
0.63512,0.24063,0.058604,0.036833,0.01353,0.0048494,0.0048696,0.002613,0,0.0029457
0.063515,0.01644,0.0091874,0.0017639,0.00025038,0.0051705,0.010894,0.095429,0.45738,0.33997
0.021612,0.90517,0.023869,0.028325,0.0032942,0.0041224,0.0092554,0.0043569,0,0
0.18242,0.21021,0.054336,0.089847,0.15139,0.21964,0.017916,0.016774,0.018421,0.039051
0.065255,0.019862,0.0039704,0.013017,0.037604,0.0083196,0.15943,0.2838,0.17799,0.23075
0.048867,0.032988,0.020087,0.0253,0.055968,0.1353,0.10804,0.1073,0.12117,0.34498
0.066041,0.17736,0.06448,0.044868,0.077506,0.12052,0.074752,0.030476,0.11607,0.22792
0.062275,0.12215,0.15565,0.22868,0.059352,0.07549,0.051194,0.082222,0.056041,0.10695
0.15039,0.29823,0.22419,0.12142,0.050231,0.0033187,0.0027652,0.034445,0.063471,0.051538
0.031531,0.029384,0.1616,0.13596,0.086398,0.096623,0.10561,0.061965,0.23986,0.051064
0.050525,0.21653,0.24265,0.042618,0.0075802,0.004582,0.084989,0.050618,0.26898,0.030928
0.019328,0.013877,0.0097963,0.011035,0.035531,0.42106,0.20204,0.072732,0.10503,0.10958
0.092086,0.0035002,0,0.0016146,0.0018807,0.032879,0.053737,0.19333,0.46067,0.16031
0.023738,0.024027,0.008655,0.022639,0.066074,0.15485,0.22989,0.29004,0.11762,0.06247
0.18462,0.091893,0.094496,0.065533,0.096776,0.11334,0.095533,0.11586,0.083679,0.058265
0.10188,0.13517,0.11437,0.116,0.16047,0.10372,0.069159,0.070058,0.052251,0.076914
0.31988,0.23566,0.13313,0.058224,0.075224,0.090957,0.029727,0.01642,0.016442,0.024341
0.26165,0.098927,0.18704,0.15525,0.14982,0.032453,0.021623,0.028146,0.018145,0.046942
0.51744,0.097975,0.090388,0.18944,0.021776,0.0063999,0.040558,0.0094891,0.011245,0.015294
0.1028,0.063887,0.047136,0.037947,0.057413,0.22142,0.14678,0.14978,0.13279,0.040061
0.069303,0.051712,0.090372,0.042907,0.074127,0.0098185,0.193,0.081968,0.09455,0.29224
0.004998,0.012497,0.061824,0.13308,0.6159,0.066708,0.054765,0.011832,0.025763,0.012627
0.76358,0.11097,0.042171,0.054425,0.0081952,0.0019151,0.013317,0.00060241,0,0.0048209
0.19482,0.71045,0.041436,0.029099,0.01029,0.0059372,0.0075404,0.00042887,0,0
0.082202,0.0036476,0.067593,0.046843,0.64629,0.068195,0.051514,0.03199,0.0017232,0
0,0,0,0,0,0.0016463,0.003285,0.035404,0.75452,0.20514
0.013805,0,0,0.011822,0.80712,0.15006,0.008252,0.0072868,0,0.0016589
0.0074792,0.0034514,0.012768,0.057357,0.13612,0.31804,0.20799,0.16431,0.032558,0.059913
0.0103,0.0030823,0.0068468,0.0035388,0.016309,0.044831,0.10917,0.65279,0.12579,0.027345
0,0.0086094,0.033475,0.050675,0.17125,0.44561,0.04972,0.080713,0.086391,0.073557
0.5468,0.44041,0.010182,0.0021725,0.00044251,0,0,0,0,0
0.93038,0.061612,0.0016002,0,0.0032258,0.001194,0.0019929,0,0,0
0.062647,0.025104,0.32999,0.18528,0.18736,0.05026,0.021984,0.0015483,0.071605,0.064224
0.005334,0.0018673,0.0011134,0.0053932,0.0027525,0.032521,0.041363,0.12694,0.57647,0.20625
0,0,0,0,0.0052783,0.007176,0.0015966,0.030795,0.20987,0.74529
0.00098966,0.0008931,0,0.00093284,0.021686,0.0014444,0.0049365,0.024485,0.54609,0.39854
