0.0138,0.032499,0.0085734,0.015051,0.079047,0.023992,0.031863,0.22448,0.2186,0.3521
0.033187,0.022692,0.039956,0.026312,0.046394,0.067024,0.06745,0.10938,0.18316,0.40444
0.11257,0.09223,0.061237,0.1124,0.069199,0.036614,0.036923,0.096633,0.16332,0.21888
0.20405,0.075029,0.064796,0.066356,0.094171,0.053306,0.086748,0.082778,0.12052,0.15225
0.13324,0.082492,0.032198,0.061514,0.1051,0.088083,0.094823,0.066211,0.13542,0.20092
0.082183,0.075992,0.059897,0.14891,0.21529,0.096499,0.17633,0.084031,0.055263,0.00561
0.12472,0.14905,0.15329,0.19522,0.071379,0.11984,0.036015,0.038734,0.058213,0.05354
0.016185,0.039604,0.041414,0.19131,0.13228,0.11612,0.11175,0.109,0.096079,0.14627
0.011994,0.0086802,0.037886,0.011406,0.076687,0.17455,0.21926,0.11371,0.23554,0.11028
0.057693,0.015136,0.013741,0.03594,0.036925,0.023771,0.086079,0.19463,0.22074,0.31535
0.22952,0.2509,0.13103,0.056428,0.081331,0.14018,0.018822,0.02325,0.040163,0.028378
0.16728,0.040055,0.060884,0.12268,0.16882,0.07907,0.10651,0.094331,0.074124,0.086239
0.0083835,0,0.034541,0.011477,0.023786,0.041155,0.071841,0.084149,0.19615,0.52852
0.53121,0.20104,0.1402,0.013603,0.064837,0.0077038,0.0042672,0.018627,0.010766,0.0077529
0.033733,0.025749,0.010555,0.042885,0.058353,0.11651,0.025099,0.11918,0.19041,0.37753
0.32165,0.068747,0.046719,0.086197,0.13841,0.07942,0.099404,0.047013,0.078429,0.034018
0.0051446,0.00071964,0.010018,0.016502,0.053825,0.17964,0.33592,0.087162,0.22223,0.088831
0.037162,0.067657,0.35502,0.32763,0.14545,0.040823,0.022794,0.0034701,0,0
0.0067746,0.023507,0.025024,0.048817,0.093125,0.063992,0.10207,0.3174,0.23266,0.08663
0.26936,0.25123,0.23479,0.091414,0.10417,0.043333,0.0041633,0,0.00045244,0.001083
0.00076849,0.013275,0.37552,0.39402,0.19542,0.014858,0.003338,0,0.0027958,0
0,0.01112,0.29297,0.60497,0.074169,0.0067567,0.0053308,0.0046902,0,0
0.065273,0,7.0522e-05,0.0011745,0.013138,0.033898,0.0044752,0.016444,0.51836,0.34716
0,0.0070026,0.0036334,0.0063022,0.014221,0.015816,0.01965,0.045105,0.15575,0.73252
0.081524,0.18974,0.39186,0.052091,0.07725,0.054304,0.023798,0.012097,0.026055,0.091282
0.041046,0.018676,0.087212,0.091388,0.24645,0.16988,0.097822,0.11642,0.092413,0.038691
0.071036,0.099343,0.20665,0.068197,0.1546,0.19039,0.099763,0.025831,0.026128,0.058051
0.030106,0.10056,0.17535,0.22258,0.12106,0.11764,0.062984,0.098147,0.027034,0.044542
0.52267,0.34634,0.041279,0.035135,0.02176,0.0084316,0.0047032,0.0052688,0,0.014415
0.18493,0.64848,0.058093,0.028911,0.046048,0.026108,0.0060391,0.00139,0,0
0.084063,0.063713,0.20261,0.44707,0.095596,0.051369,0.023717,0.028966,0.0029016,0
0.030122,0.0073572,0.0070262,0.014998,0.041131,0.14573,0.33496,0.1236,0.16834,0.12674
0,0,0,0.01616,0.020928,0.0060494,0.0037591,0.07712,0.27706,0.59892
0,0,0.0022477,0.0080392,0.019684,0.0063087,0.0033327,0.04226,0.11495,0.80317
0.013074,0.0010658,0,0.00084389,0.005727,0.017476,0.054025,0.25819,0.19714,0.45245
0.047612,0.083698,0.18135,0.3248,0.18687,0.097117,0.061492,0.0078394,0.0074116,0.0018149
0.01412,0.0042295,0.028279,0.26562,0.53321,0.087908,0.059674,0.0060862,0,0.00087884
0.044079,0.020942,0.047402,0.12406,0.26232,0.182,0.07067,0.078166,0.059354,0.11101
0.062532,0.02058,0.012993,0.038662,0.063315,0.18011,0.11449,0.25235,0.15578,0.099198
0.033464,0.1042,0.085305,0.058717,0.09354,0.081677,0.041224,0.10132,0.1708,0.22976
0.081803,0.12286,0.064513,0.11387,0.11288,0.16399,0.15496,0.085155,0.057667,0.042302
0.03421,0.044591,0.07739,0.10677,0.1283,0.1411,0.16746,0.080463,0.10143,0.11828
0.039787,0.014516,0.025721,0.069261,0.1729,0.24819,0.14515,0.12739,0.091145,0.065937
0.079125,0.10075,0.1479,0.20353,0.10825,0.14426,0.059388,0.081914,0.047534,0.027348
0.018678,0.052485,0.089493,0.22061,0.16568,0.093038,0.23624,0.044289,0.040472,0.039028
0,0.025175,0.020236,0.13944,0.27676,0.095629,0.04834,0.30048,0.055248,0.038685
0,0,0.019555,0.15034,0.13433,0.083333,0.11291,0.077259,0.15067,0.2716
0.044071,0.1033,0.30546,0.16827,0.1155,0.08091,0.064044,0.013686,0.05728,0.047472
0.017357,0.035668,0.064197,0.11861,0.24922,0.23075,0.1541,0.093028,0.02251,0.014552
0.095966,0.094594,0.094999,0.12453,0.16517,0.207,0.060253,0.090546,0.049185,0.017758
0.035234,0.041929,0.067156,0.0491,0.16442,0.44272,0.067735,0.085617,0.015293,0.030796
0.30427,0.35509,0.1991,0.091962,0.033135,0.0083093,0.0030394,0.0016274,0.0034672,0
0.15806,0.25833,0.23777,0.094539,0.045033,0.022352,0.038418,0.048288,0.014994,0.082222
0.67193,0.14751,0.019916,0.068732,0.056603,0.0067564,0.0016951,0.0058466,0.0043421,0.016673
0.086968,0.1657,0.1513,0.17781,0.134,0.083611,0.0079785,0.04747,0.0094985,0.13567
0.37802,0.094069,0.12908,0.10909,0.20297,0.072555,0.00095717,0,0.0012367,0.012022
0.70794,0.18956,0.014635,0.01235,0.0051341,0.0094934,0.001487,0.046502,0.012901,0
0,0.013054,0.074311,0.41222,0.20013,0.10981,0.13933,0.014744,0.036398,0
0,0.31568,0.088021,0.059073,0.24098,0.015792,0.0081783,0,0.13518,0.13709
0.1489,0.060691,0.11072,0.036369,0.0045149,0.005678,0.0075944,0.18802,0.20223,0.23529
0.001538,0.07238,0.014394,0.0039791,0.0055213,0.0020424,0.0027214,0.011243,0.13645,0.74973
0,0.020939,0.0021431,0.0082706,0.09798,0.35603,0.25411,0.024697,0.19155,0.044274
0.67967,0.034797,0.016898,0.082033,0.11505,0.019429,0.026193,0.021966,0.0039582,0
0,0.00025546,0.0018841,0.0019947,0.00056794,0.025222,0.01938,0.10866,0.51033,0.3317
0,0,0.038945,0.15767,0.090658,0.016898,0.016685,0.04396,0.5262,0.10898
0.02341,0.04333,0.049019,0.10626,0.32404,0.098765,0.099262,0.098726,0.083443,0.073748
0.045663,0.062364,0.027613,0.0092621,0.06997,0.40169,0.12614,0.02397,0.14005,0.093273
0.23403,0.18591,0.17582,0.056033,0.069284,0.067962,0.023373,0.026371,0.077776,0.083438
0.080174,0.35455,0.15055,0.096765,0.077931,0.059366,0.004554,0.041714,0.038128,0.096267
0.037148,0.043757,0.10786,0.027828,0.081085,0.029405,0.1301,0.14736,0.20399,0.19146
0.13324,0.055217,0.16247,0.099493,0.21366,0.10415,0.050252,0.058986,0.028743,0.093797
0.058017,0.022812,0.019505,0.12803,0.24985,0.14551,0.13617,0.067491,0.087483,0.085132
0.069298,0.051361,0.044218,0.19364,0.30214,0.15671,0.022938,0.041899,0.035605,0.082198
0.026721,0.10177,0.035269,0.01209,0.076375,0.043079,0.063036,0.20635,0.3123,0.123
0.020627,0.021795,0.040078,0.047177,0.28214,0.34076,0.13145,0.04446,0.043286,0.02823
0.0060493,0.024067,0.083173,0.31463,0.25991,0.10212,0.093806,0.017309,0.053971,0.044968
0,0.030454,0.079087,0.090445,0.25763,0.21402,0.14409,0.14118,0.031475,0.011623
0.0028533,0.0083122,0.014495,0.045092,0.6521,0.14977,0.026886,0.0081128,0.0076807,0.084699
0.51151,0.43703,0.035984,0.0026365,0.0053561,0.0037566,0.001636,0,0.0020884,0
0.099362,0.42488,0.32391,0.029088,0.0037184,0.006289,0.060237,0,0.00055039,0.051957
0.00034325,0.0032689,0.13387,0.52262,0.23757,0.068776,0.014541,0.01243,0.0065863,0
0.042015,0.037212,0.051966,0.056047,0.10362,0.38436,0.17497,0.075106,0.051611,0.02308
0.5032,0.10637,0.23532,0.065384,0.0035462,0.0089259,0.013419,0.009723,0.011121,0.042985
0.013517,0.014885,0.053178,0.13025,0.094868,0.066704,0.033891,0.11507,0.15084,0.32679
0,0,0.014919,0.088926,0.2461,0.27093,0.24652,0.12944,0.0031609,0
0.045527,0.043143,0.03886,0.09236,0.17915,0.081762,0.096505,0.096102,0.11842,0.20817
0.0038254,0.0057513,0.0061035,0.0040927,0.012169,0.049796,0.05902,0.091673,0.24236,0.52521
0.00033829,0,0.0097175,0.048233,0.83744,0.087587,0.0091933,0.00069188,0,0.0067959
0.00083983,0,0.00081854,0.0024481,0,0.0064486,0.020625,0.015278,0.10071,0.85283
0,0.0033858,0.0013186,0,0.0014477,0.0012906,0.0066421,0.0097518,0.014247,0.96192
0,0,0.00032063,0.0018946,0,0.0012624,0.0018039,0.012959,0.091115,0.89064
0.00058672,0.00029919,0.00085209,0,0.00017705,0.0011184,0.0006197,0.010042,0.041259,0.94505
0.0016866,0.0012737,0.00069887,0.0012566,0.0047445,0.0019905,0.03471,0.027174,0.025311,0.90115
0.005566,0.02753,0.023058,0.010005,0.0072824,0.0044413,0.011349,0.020668,0.052054,0.83805
0,0.0027047,0.0065078,0.0057196,0.015633,0.035735,0.092654,0.30491,0.50335,0.032787
0.01023,0.024483,0.021645,0.023893,0.045981,0.049427,0.20516,0.22814,0.23117,0.15987
0.016779,0.012424,0.01799,0.03744,0.016538,0.088088,0.19353,0.097503,0.15023,0.36947
0.091004,0.035283,0.013552,0.04234,0.13399,0.13583,0.034058,0.12581,0.098803,0.28933
0.068737,0.032678,0.045872,0.051755,0.22143,0.1533,0.067903,0.098861,0.16864,0.090824
0.23085,0.07384,0.11544,0.22347,0.047477,0.14771,0.082381,0.011442,0.049158,0.018226
0.29789,0.10528,0.11588,0.072051,0.027683,0.030649,0.039556,0.045322,0.058346,0.20734
0.053286,0.067848,0.080248,0.029541,0.083121,0.042025,0.071808,0.065965,0.068884,0.43728
0.15261,0.19484,0.15216,0.087187,0.056786,0.046491,0.025841,0.11366,0.10933,0.061098
0.025213,0.075715,0.096828,0.28277,0.18303,0.091397,0.084499,0.063979,0.071199,0.025374
0.0074636,0.032189,0.025252,0.044577,0.11689,0.14544,0.27916,0.075696,0.085807,0.18753
0.012433,0.032335,0.043709,0.027661,0.022177,0.10505,0.17763,0.28683,0.12173,0.17045
0.023676,0.024298,0.018252,0.048777,0.11201,0.28305,0.20176,0.19712,0.051643,0.039415
