0.045419,0.033781,0.028276,0.037261,0.030454,0.057763,0.10755,0.134,0.1967,0.32879
0.17045,0.043729,0.061206,0.043997,0.16966,0.14942,0.061653,0.099946,0.099978,0.099959
0.12708,0.12186,0.11114,0.096103,0.05908,0.10769,0.073801,0.070487,0.088187,0.14458
0.077552,0.029249,0.031909,0.1868,0.14405,0.057568,0.12715,0.11107,0.089378,0.14527
0.014702,0.0059957,0.029939,0.062962,0.054069,0.065815,0.10008,0.25046,0.10888,0.3071
0.29788,0.24122,0.092026,0.075346,0.11089,0.087642,0.033729,0.0026261,0.033665,0.024978
0.10298,0.082979,0.068167,0.15268,0.24968,0.18001,0.053868,0.040367,0.0091295,0.060148
0.15016,0.057689,0.068964,0.046383,0.15284,0.097826,0.08274,0.13928,0.14409,0.060035
0.0072995,0.038019,0.019573,0.098068,0.20274,0.30125,0.16794,0.070578,0.085604,0.0089225
0.18395,0.15366,0.060547,0.068416,0.066246,0.027232,0.067384,0.13902,0.10791,0.12564
0.0014158,0,0.15201,0.75371,0.064515,0.024378,0,0.0032418,0.00072041,0
0.052029,0,0.00019307,0.0021544,0.0048844,0.013023,0.0072969,0.017548,0.30422,0.59865
0.029529,0.057436,0.14898,0.34344,0.086478,0.051247,0.089913,0.076922,0.09019,0.025868
0.18433,0.056715,0.17171,0.12397,0.11013,0.096288,0.1661,0.022062,0.016808,0.051886
0.39048,0.56526,0.019246,0.0059314,0.010346,0.0055816,0.0031583,0,0,0
0.02259,0.013185,0.037928,0.063903,0.19967,0.35234,0.074724,0.14926,0.036741,0.049667
0,0,0,0,0.010724,0.010966,0.017791,0.090846,0.17123,0.69845
0.048121,0.020911,0.015536,0.14693,0.18582,0.18885,0.1926,0.11371,0.04673,0.040795
0.012514,0.014629,0.034941,0.24765,0.54743,0.091062,0.049836,0.00067642,0.00050221,0.00075935
0.068697,0.1349,0.085079,0.049393,0.091294,0.05922,0.049783,0.085697,0.16479,0.21114
0.12065,0.092252,0.049959,0.046624,0.082266,0.095997,0.082914,0.11856,0.16711,0.14366
0.053725,0.0076165,0.040988,0.1381,0.19433,0.14109,0.11455,0.08762,0.13696,0.085015
0.015637,0.032803,0.074457,0.19851,0.19776,0.083124,0.18748,0.10703,0.035213,0.067982
0.050568,0.073156,0.08685,0.20257,0.14489,0.1036,0.1674,0.092099,0.013867,0.065008
0.0065455,0.07363,0.031585,0.18851,0.21487,0.16444,0.12707,0.038597,0.10852,0.046225
0.12006,0.075475,0.057115,0.11333,0.35304,0.12056,0.0038983,0.082203,0.048262,0.026058
0.30141,0.52377,0.055149,0.064651,0.023454,0.023783,0.0023429,0,0.0054359,0
0.18429,0.15673,0.17887,0.25171,0.076828,0.0098953,0.026551,0.0078881,0.014822,0.092421
0.66618,0.22015,0.028875,0.0024057,0,0.0050008,0.051305,0.012939,0.0070185,0.006126
0.52006,0.14508,0.0057871,0.028298,0.03492,0.012765,0.061904,0.18066,0.01052,0
0.24467,0.0077065,0.033639,0.0084539,0.0026666,0.020476,0.037171,0.13351,0.1628,0.34892
0.38553,0.014533,0.098137,0.0035024,0.0445,0.1398,0.14954,0.0087058,0.051828,0.10393
0.018558,0.049711,0.027924,0.14825,0.13122,0.19343,0.084127,0.1088,0.089405,0.14857
0.20792,0.46223,0.061156,0.046162,0.038111,0.058098,0.030876,0.034458,0.050291,0.010699
0.021697,0.25826,0.047173,0.10401,0.063724,0.042742,0.07773,0.081231,0.13207,0.17137
0.049889,0.051444,0.094787,0.14426,0.1388,0.18127,0.10688,0.1208,0.049325,0.062552
0.046405,0.06638,0.048622,0.087876,0.19767,0.26124,0.08168,0.1099,0.068375,0.031854
0.056326,0.035822,0.053387,0.18797,0.33059,0.12442,0.13805,0.028939,0.031784,0.012721
0.0044741,0.014391,0.041914,0.10314,0.35411,0.21716,0.1937,0.055582,0.0149,0.00063631
0.17359,0.67612,0.062046,0.0072869,0.052838,0.0023926,0.0036648,0.00046607,0.0009591,0.020629
0.0005741,0.0083485,0.025489,0.20643,0.66648,0.046536,0.0088257,0.016325,0.020993,0
0.349,0.23126,0.098948,0.056376,0.046739,0.022649,0.013967,0.019105,0.059746,0.10221
0.0019999,0.010196,0.019185,0.10414,0.21583,0.22911,0.24527,0.15847,0.015808,0
0,0,0,0.015121,0.26856,0.63148,0.081634,0,0,0.0032074
0,0.0015145,0,0,0.00079567,0.001346,0.00079135,0.010058,0.031537,0.95396
0,0.00026955,0.00094751,0,0,0.0047398,0.0028769,0.0035701,0.042415,0.94518
0.0058623,0.013431,0.033544,0.027271,0.01399,0.026297,0.021848,0.016137,0.056372,0.78525
0.014759,0.013109,0.028632,0.020003,0.0088668,0.10086,0.11824,0.36612,0.29597,0.033437
0.038927,0.025084,0.028203,0.037924,0.097433,0.10354,0.19826,0.055817,0.15614,0.25867
0.11867,0.10606,0.061795,0.12257,0.28603,0.06961,0.038099,0.024712,0.063434,0.10901
0.13935,0.11765,0.07782,0.099314,0.045063,0.067764,0.055724,0.048805,0.15973,0.18877
0.054483,0.11008,0.15992,0.2174,0.038372,0.058434,0.073633,0.12243,0.11499,0.050268
0.012045,0.0011931,0.031173,0.014678,0.03958,0.11364,0.2319,0.15895,0.13579,0.26104
