0.12571,0.093802,0.067289,0.11726,0.13489,0.21998,0.13583,0.046484,0.029307,0.029446
0.052162,0.055409,0.16922,0.26927,0.077678,0.038689,0.11168,0.17243,0.034336,0.019119
0.11914,0.14372,0.13254,0.13839,0.12765,0.10592,0.066107,0.042297,0.046304,0.077929
0.14515,0.18023,0.068026,0.13458,0.21752,0.078145,0.077873,0.034667,0.040301,0.023515
0.50399,0.20231,0.10026,0.034187,0.08679,0.0065239,0.0066083,0.024662,0.017268,0.01741
0.0070674,0.0093347,0.0072274,0.0017379,0.036458,0.16781,0.035321,0.11539,0.29134,0.32831
0.32561,0.068189,0.039879,0.11381,0.06135,0.080759,0.042089,0.039433,0.18894,0.039942
0.016157,0.070404,0.041749,0.040983,0.15485,0.59762,0.064279,0.013571,0.00039368,0
0.010219,0.0023238,0,0.0027916,0.006825,0.083101,0.080138,0.51771,0.28908,0.0078129
0.012016,0.0074019,0.0002229,0.0010861,0.00062903,0.00036169,0.0040787,0.032957,0.074229,0.86702
0.012168,0.016086,0.0072319,0.040283,0.0037766,0.018457,0.047445,0.15853,0.41825,0.27777
0.017917,0.1205,0.076707,0.10013,0.41157,0.19065,0.035864,0.012159,0.014707,0.019798
0.6233,0.33806,0.025392,0.0036517,0.00012751,0.00083144,0.0035536,0.0032416,0.0011068,0.00073886
0.0061245,0,0.0017211,0.0013392,0.072235,0.052595,0.030925,0.032264,0.26438,0.53842
0.080539,0.073787,0.057785,0.053622,0.052929,0.030483,0.081776,0.18181,0.26397,0.1233
0.15318,0.026684,0.057408,0.031418,0.098971,0.14946,0.097381,0.17393,0.11075,0.10083
0.10047,0.12238,0.065862,0.10512,0.23208,0.13384,0.11025,0.078382,0.026796,0.024822
0.13353,0.12242,0.12798,0.083543,0.15616,0.15138,0.087146,0.057193,0.024503,0.056153
0.022316,0.034345,0.11506,0.041882,0.38627,0.27106,0.043813,0.025911,0.0063866,0.052961
0.051684,0.035849,0.047335,0.11836,0.16761,0.067035,0.052076,0.14184,0.13357,0.18464
0.546,0.38888,0.03792,0.00026617,0.0060552,0.0063564,0.0063821,0.0077597,0,0.00037143
0.056796,0.089764,0.048855,0.030837,0.18621,0.36593,0.1825,0.0071498,0.025537,0.0064246
0.13087,0.17277,0.10672,0.084533,0.10372,0.12646,0.094629,0.051928,0.047925,0.080447
0.080602,0.04742,0.067192,0.17951,0.08192,0.18359,0.18038,0.063356,0.055862,0.060162
0.0986,0.051515,0.058335,0.048033,0.025212,0.075108,0.057585,0.10006,0.31157,0.17398
0.030173,0.0036059,0.0096195,0.0061859,0.019948,0.0090315,0.035486,0.11615,0.23377,0.53603
0.21594,0.10886,0.079229,0.032424,0.039403,0.039461,0.057175,0.081444,0.18613,0.15993
0.078934,0.07576,0.075762,0.093695,0.058864,0.044452,0.065868,0.16934,0.20747,0.12985
0.031861,0.033597,0.022466,0.013783,0.0091369,0.025831,0.087961,0.23204,0.3427,0.20062
0.0055699,0.015065,0.0034639,0.0069624,0.057134,0.02689,0.081525,0.11442,0.10486,0.58411
0.15177,0.038199,0.019603,0.03867,0.032636,0.06334,0.097748,0.10979,0.18607,0.26217
0.43139,0.12031,0.027977,0.067864,0.0923,0.031872,0.044361,0.063353,0.034845,0.085733
0.50482,0.094759,0.070766,0.041559,0.044464,0.043678,0.019549,0.032831,0.061803,0.085766
0.36567,0.076712,0.08786,0.05159,0.087479,0.056354,0.032834,0.051605,0.073495,0.1164
0.016045,0.024202,0.0048793,0.022382,0.081974,0.071952,0.039102,0.052241,0.15672,0.5305
0.078678,0.012083,0.0089136,0.038286,0.11187,0.15067,0.40305,0.10272,0.066257,0.027464
0.019529,0.025088,0.011289,0.014729,0.013269,0.024861,0.027978,0.068252,0.14969,0.64532
0.083424,0.013228,0.013518,0.0013304,0,0.055493,0.041749,0.048198,0.37073,0.37233
0.052883,0.028135,0.010677,0.017148,0.0092092,0.055695,0.078685,0.078954,0.27507,0.39354
0.087101,0.079486,0.056929,0.1066,0.095301,0.064991,0.036699,0.065994,0.10518,0.30171
0.058594,0.11581,0.086448,0.11723,0.14254,0.19421,0.089038,0.039244,0.031019,0.12586
0.064888,0.014212,0.053892,0.019745,0.17709,0.20112,0.066375,0.13528,0.1551,0.11231
0.23642,0.6455,0.093943,0.0072471,0.0060893,0.010798,0,0,0,0
0.027176,0.0021548,0.001587,0.0022453,0.021849,0.081399,0.062043,0.071227,0.1486,0.58172
0.059859,0.043249,0.0086659,0.030561,0.10418,0.11042,0.080286,0.063335,0.077164,0.42228
0.33785,0.13258,0.064104,0.15733,0.082606,0.079902,0.035921,0.0085656,0.0044008,0.096746
0.76955,0.16376,0.036637,0.0055712,0.0021881,0.001808,0.0034932,0.001277,0.0031659,0.012553
0.090062,0.089099,0.11372,0.049098,0.04848,0.091519,0.085521,0.17216,0.16057,0.099773
0.04177,0.049179,0.036895,0.057257,0.12979,0.23474,0.11829,0.087856,0.12543,0.11879
0.10603,0.043882,0.080865,0.162,0.29956,0.1585,0.063257,0.037207,0.027066,0.021626
0.24541,0.087076,0.057311,0.067053,0.17033,0.18889,0.018735,0.012862,0.042328,0.11001
0.13352,0.29744,0.077735,0.096824,0.1407,0.009749,0.01084,0.09349,0.065369,0.074331
0.030824,0.058245,0.31786,0.32369,0.1033,0.032691,0.016044,0.030446,0.010067,0.076834
0.0072272,0.0046629,0.011196,0.070479,0.34268,0.23315,0.059869,0.064822,0.062671,0.14325
0.041927,0.27055,0.4261,0.12906,0.077823,0.023791,0.012722,0.0026621,0.011786,0.0035823
0.052416,0.1013,0.092511,0.18055,0.26797,0.16562,0.058898,0.024152,0.032265,0.024317
0.17422,0.070083,0.30166,0.21158,0.068339,0.041245,0.041547,0.0048178,0.0042573,0.082238
0.079612,0.073801,0.18886,0.27785,0.12384,0.06255,0.022605,0.0065668,0.0587,0.10562
0.015934,0.033272,0.024875,0.14215,0.083017,0.092441,0.053108,0.17426,0.27914,0.10179
