0.028125,0.24144,0.012247,0.025674,0.37803,0.20254,0.024091,0.029589,0.058269,0
0.016398,0.063144,0.16377,0.17444,0.2161,0.058124,0.14508,0.12906,0.02228,0.011607
0.015359,0.03531,0.032473,0.084291,0.2416,0.18257,0.064941,0.30465,0.0241,0.014705
0.23399,0.24916,0.097396,0.036845,0.071043,0.03554,0.07674,0.16179,0.020594,0.016909
0.097984,0.14884,0.13241,0.089144,0.093578,0.09807,0.062663,0.023973,0.13499,0.11834
0.11332,0.23538,0.12065,0.092062,0.135,0.07125,0.068612,0.07411,0.048266,0.041336
0.11391,0.16147,0.10299,0.15757,0.20256,0.10689,0.028974,0.057047,0.029977,0.038601
0.13764,0.083437,0.10121,0.39736,0.1366,0.1021,0.014523,0.0088038,0.0076101,0.010716
0.47228,0.30444,0.11806,0.055406,0.0058645,0.0040718,0.0045189,0.0059076,0.005128,0.024322
0.73994,0.062895,0.11951,0.028085,0.01092,0.0013882,0.0013511,0.011118,0.0072114,0.017588
0,0.0015733,0,0,0.0048272,0.017851,0.034866,0.19363,0.73497,0.012286
0.13429,0.061897,0.04019,0.0048543,0.0093247,0.11593,0.094612,0.21653,0.059357,0.26302
0.21786,0.098479,0.16002,0.068208,0.078247,0.10421,0.020452,0.087969,0.13791,0.026646
0.13825,0.07707,0.05429,0.011087,0.042263,0.20648,0.066363,0.051901,0.23894,0.11336
0.023519,0.045813,0.020588,0.007273,0.0049747,0.027355,0.02384,0.43046,0.40114,0.015032
0.01295,0.015917,0.092642,0.25799,0.53485,0.071541,0.0082067,0.0027417,0.0031652,0
0.011434,0.0027455,0.002472,0.029656,0.21617,0.084066,0.47328,0.17072,0.0046666,0.0047904
0.0018401,0.0017419,0.0043161,0,0.0031134,0.0042651,0.00092157,0.019217,0.074081,0.8905
0.0034847,0.0053809,0.005538,0.0015064,0.0042423,0.0088524,0.036001,0.095724,0.76157,0.077699
0.017544,0.0014586,0.0007844,0.0058887,0.0020072,0.013968,0.035134,0.042404,0.51865,0.36216
0.011883,0.0033013,0.0016639,0.00080827,0.028922,0.0049986,0.022426,0.03625,0.1568,0.73295
0.025643,0.018274,0.025025,0.053065,0.069501,0.14915,0.14111,0.20909,0.27835,0.030796
0,0.0049788,0.0033265,0.07098,0.41844,0.17364,0.089971,0.20185,0.017684,0.019129
0.46052,0.07681,0.060857,0.064374,0.073622,0.11588,0.046552,0.028416,0.020672,0.052298
0.93395,0.050272,0.0073357,0.0015242,0.002663,0.00068835,0.00063628,0.0008545,0,0.00208
0.23175,0.37986,0.2921,0.044284,0.028324,0.0022627,0.0034527,0.0020297,0.0067067,0.0092295
0,0.0011819,0,0,0,0.019552,0.10606,0.14627,0.31664,0.4103
0,0,0.0018777,0.007768,0.0054162,0.048256,0.049063,0.032064,0.21173,0.64383
0.058154,0.039558,0.021427,0.019172,0.021907,0.02615,0.044706,0.064867,0.16769,0.53637
0.09714,0.033443,0.047669,0.033024,0.043878,0.10944,0.19033,0.16362,0.083642,0.19782
0.091539,0.046854,0.045136,0.071153,0.046072,0.089523,0.18677,0.16719,0.11887,0.1369
0.056851,0.11018,0.02227,0.073532,0.072831,0.030732,0.076029,0.33727,0.092881,0.12743
0.026323,0.019726,0.0069848,0.017906,0.088929,0.041034,0.08329,0.28075,0.35531,0.079738
0.17624,0.076607,0.09885,0.098914,0.11142,0.1453,0.13459,0.056219,0.040897,0.060957
0.11689,0.093895,0.16623,0.09516,0.14635,0.19649,0.099287,0.0183,0.023523,0.043879
0.14047,0.049008,0.087595,0.11716,0.25074,0.2574,0.029986,0.0258,0.0041834,0.037656
0.094598,0.041743,0.15533,0.13605,0.12585,0.093873,0.056991,0.083709,0.03757,0.17428
0.043694,0.036618,0.084109,0.19359,0.23202,0.31801,0.059856,0.015308,0.010358,0.0064356
0.057335,0.018746,0.0071632,0.021521,0.1156,0.073629,0.078916,0.22413,0.13273,0.27023
0.079656,0.071266,0.19201,0.26404,0.030093,0.048536,0.056783,0.11484,0.048082,0.094693
0.35241,0.57977,0.027846,0.00934,0.0071454,0.0047813,0.0036246,0.0076408,0.0062409,0.0011964
0.57256,0.2889,0.022398,0.00047194,0.10661,0.0057248,0.00199,0.0013499,0,0
0.020259,0.05886,0.081982,0.061724,0.18741,0.28905,0.25402,0.024389,0.017227,0.005072
0.18118,0.039073,0.024947,0.032412,0.25933,0.23616,0.13377,0.049984,0.015295,0.027847
0,0.047427,0.01199,0.032053,0.035926,0.15378,0.0574,0.54416,0.093654,0.023605
0.12842,0.11137,0.1056,0.069899,0.12001,0.21708,0.077144,0.074631,0.046776,0.049066
0.089202,0.11207,0.069202,0.15966,0.17566,0.17294,0.086131,0.070601,0.042622,0.021912
0.023676,0.057449,0.24698,0.060459,0.022773,0.037147,0.14228,0.20024,0.14995,0.05905
0.081144,0.16595,0.083309,0.029039,0.015293,0.058602,0.040209,0.077943,0.26416,0.18436
0.032169,0.053143,0.03068,0.048768,0.10961,0.22288,0.071961,0.10379,0.11887,0.20812
0.002047,0.0038055,0.0060614,0.10015,0.0089675,0.012024,0.035851,0.19566,0.48112,0.15431
0.072736,0.065581,0.10783,0.23353,0.22519,0.12489,0.061279,0.025247,0.015099,0.068623
0.26139,0.064829,0.040662,0.028997,0.17342,0.1269,0.01892,0.018262,0.066873,0.19975
0.14004,0.082197,0.053426,0.052853,0.086108,0.032195,0.038694,0.081061,0.14517,0.28825
0.1095,0.05409,0.12069,0.022177,0.068831,0.056187,0.096932,0.083553,0.095626,0.29242
0.0088906,0.018152,0.023027,0.041993,0.13952,0.11503,0.26891,0.19841,0.1008,0.085264
0.016731,0.016859,0.012036,0.012941,0.019569,0.053277,0.11728,0.19149,0.27022,0.2896
0.0074851,0.0081099,0.021256,0.065819,0.037391,0.099826,0.07271,0.062714,0.5105,0.11419
0.012898,0.020552,0.0035247,0.007907,0.044784,0.01622,0.017166,0.07725,0.1661,0.6336
0.0061661,0.0099779,0.0010214,0.047115,0.061243,0.033736,0.1541,0.1284,0.12482,0.43341
0.16927,0.060248,0.019247,0.069726,0.10996,0.12283,0.077964,0.094809,0.14675,0.1292
0.082916,0.027472,0.015023,0.0032492,0.054892,0.075059,0.065639,0.10008,0.1286,0.44707
0.28874,0.26754,0.083383,0.047043,0.017338,0.064412,0.023069,0.051394,0.043957,0.11312
0.29151,0.23934,0.084859,0.080481,0.13529,0.02157,0.0053125,0.046931,0.020748,0.073959
0.28153,0.31439,0.084949,0.065694,0.038915,0.014815,0.020976,0.017788,0.031769,0.12917
0.58151,0.029756,0.022013,0.025661,0.037259,0.082768,0.080654,0.030871,0.052342,0.057169
0.46177,0.089035,0.091174,0.07183,0.042431,0.037376,0.023053,0.057203,0.031607,0.094524
0.27573,0.24807,0.055847,0.040472,0.10485,0.041551,0.016044,0.059424,0.05913,0.098889
0.0032373,0.018862,0.038283,0.055851,0.11009,0.16575,0.22828,0.14261,0.16905,0.067976
0.011203,0.011248,0.022616,0.031005,0.031094,0.036733,0.16007,0.55251,0.11188,0.031629
0.10567,0.057508,0.044669,0.16417,0.23094,0.22964,0.054406,0.056967,0.036504,0.019528
0.046735,0.041628,0.049215,0.075363,0.072787,0.1433,0.027195,0.084952,0.20571,0.25311
0.015064,0.0092044,0.006713,0.049537,0.013357,0.05317,0.12978,0.39078,0.25191,0.080493
0.021449,0.033721,0.0020219,0.027896,0.0052446,0.057458,0.064327,0.13028,0.55601,0.1016
0.051981,0.032453,0.031475,0.13232,0.079312,0.12627,0.24588,0.19293,0.056648,0.050717
0.0094807,0.026973,0.020244,0.027861,0.027824,0.043474,0.18048,0.313,0.25117,0.099497
0.13671,0.095372,0.058588,0.076472,0.12564,0.19709,0.13826,0.051786,0.028174,0.091906
0.0026428,0.0021893,0,0.0005914,0.00026529,0.077178,0.074944,0.03969,0.072949,0.72955
0.013572,0.044382,0.029274,0.093528,0.15157,0.18061,0.18653,0.16716,0.041337,0.092036
0.18206,0.055652,0.057757,0.05909,0.078336,0.15003,0.11174,0.15102,0.073006,0.081305
0.067038,0.071546,0.10065,0.024552,0.070527,0.084506,0.20306,0.10322,0.080717,0.19419
0.13404,0.20638,0.31697,0.096374,0.098137,0.055381,0.026152,0.019143,0.016891,0.030534
0.06177,0.031869,0.066098,0.093468,0.40363,0.20163,0.045418,0.045459,0.016121,0.034539
0.034152,0.051156,0.015884,0.062175,0.068854,0.18625,0.039849,0.18767,0.30976,0.044245
0.46046,0.13779,0.22111,0.081684,0.028569,0.020263,0.020532,0.012184,0.016889,0.00052127
0.028762,0.059466,0.12116,0.2252,0.22134,0.21623,0.042856,0.0236,0.031869,0.029511
0.64778,0.040119,0.12489,0.071992,0.070967,0.0058713,0.0071856,0.0065322,0,0.024661
0.0039353,0.0015337,0,0.0035367,0.00040695,0.036876,0.039554,0.072936,0.1264,0.71482
0.099077,0.0051995,0.016975,0.0034221,0.11403,0.077058,0.03923,0.078991,0.13178,0.43424
0.028184,0.037082,0.040732,0.056978,0.10647,0.16928,0.086078,0.056147,0.15703,0.26202
0.11993,0.31983,0.12976,0.047343,0.12197,0.11918,0.069102,0.012607,0.023587,0.036699
0.0040555,0.072268,0.1178,0.3103,0.27281,0.048879,0.021147,0.0046125,0.0095538,0.13857
0.6379,0.14661,0.049091,0.023624,0.066531,0.022644,0.0065641,0.0095278,0.0041925,0.033314
0.56767,0.21246,0.1057,0.048567,0.032698,0.017386,0.00040013,0.00038414,0.0014547,0.013277
0.05194,0.006112,0.013533,0.070526,0.08619,0.14053,0.033606,0.078722,0.233,0.28585
0.060479,0.15743,0.14865,0.05023,0.13526,0.13158,0.18224,0.059446,0.040699,0.033983
0.18276,0.094368,0.059715,0.18999,0.11634,0.11442,0.067851,0.052835,0.055538,0.066174
0.012273,0.047633,0.079128,0.056657,0.11173,0.28311,0.11347,0.098015,0.08968,0.1083
0.10358,0.047499,0.045479,0.073356,0.28063,0.21644,0.083813,0.0494,0.028247,0.071562
0.10354,0.1307,0.13319,0.21591,0.18075,0.056804,0.028734,0.038331,0.047159,0.064884
0.017576,0.02623,0.023093,0.099619,0.31468,0.16176,0.034197,0.0077614,0.081428,0.23365
0.13474,0.068958,0.094619,0.12024,0.18149,0.16206,0.033757,0.060356,0.10991,0.033867
0.034261,0.025459,0.030574,0.035331,0.19051,0.14283,0.087021,0.060604,0.079572,0.31384
0.041651,0.16945,0.13861,0.14291,0.10817,0.15899,0.073766,0.10514,0.02142,0.039888
0.044265,0.057873,0.18392,0.12716,0.1984,0.20578,0.024336,0.021198,0.030318,0.10675
0.084876,0.074713,0.069923,0.088749,0.2563,0.19728,0.030481,0.03273,0.088916,0.076029
0.0075632,0.065381,0.19827,0.13187,0.21132,0.14729,0.013001,0.022189,0.089249,0.11386
0.044735,0.032753,0.026523,0.051695,0.13025,0.2608,0.27691,0.12317,0.041253,0.011913
0.00035856,0.0042296,0.075433,0.067356,0.18667,0.32159,0.067787,0.015902,0.098435,0.16223
0.3745,0.074659,0.052928,0.044452,0.15345,0.17229,0.068576,0.0011863,0.040775,0.017184
0.025097,0.017429,0.092151,0.12205,0.10438,0.074732,0.06886,0.033324,0.09551,0.36647
0.18866,0.047773,0.17658,0.22058,0.090889,0.17737,0.029123,0.028268,0.020445,0.020318
0.11888,0.12645,0.047882,0.095829,0.17702,0.24103,0.038494,0.025438,0.055773,0.07319
0.031061,0.029558,0.1658,0.12644,0.14712,0.19115,0.064399,0.037785,0.10931,0.097376
0.081082,0.099379,0.036833,0.11416,0.19953,0.14261,0.12169,0.051559,0.08914,0.064014
0.14771,0.11318,0.028404,0.13188,0.15704,0.20473,0.040247,0.064811,0.038968,0.07303
0.087613,0.015844,0.044258,0.020231,0.064046,0.13945,0.11736,0.36682,0.12602,0.01836
0.025145,0.078813,0.039363,0.11371,0.089514,0.069131,0.053974,0.071862,0.14221,0.31628
0.047292,0.043598,0.072353,0.054693,0.1375,0.070854,0.082213,0.23081,0.15738,0.10331
