0.98684,0.0079797,0.0015483,0.0019035,0.0014407,0.00029247,0,0,0,0
0.070982,0.053667,0.035375,0.065482,0.067429,0.06495,0.046239,0.28004,0.17303,0.1428
0.0025908,0.0057203,0.0029486,0.0034037,0.0013303,0,0.015777,0.20959,0.26201,0.49663
0.039698,0.048599,0.10317,0.11233,0.16114,0.21026,0.0047695,0.02362,0.0084674,0.28795
0.051463,0.050917,0.25117,0.091524,0.035234,0.028224,0.055817,0.069349,0.32808,0.038222
0.19198,0.11505,0.063981,0.040224,0.082217,0.014977,0.034663,0.22081,0.17155,0.064551
0.0555,0.2963,0.40759,0.14714,0.036253,0.0011058,0.0044531,0.023812,0.027172,0.00067748
0.065388,0.4726,0.13287,0.03093,0.091848,0.011518,0.0070111,0.047436,0.13146,0.0089436
0.02179,0.027307,0.15151,0.14423,0.015709,0.21259,0.12901,0.17647,0.079661,0.041721
0.10958,0.1296,0.12535,0.10741,0.05831,0.015885,0.041198,0.037492,0.24462,0.13056
0.10828,0.10555,0.097638,0.072047,0.098241,0.18517,0.14344,0.14661,0.010835,0.032191
0.082085,0.066457,0.11591,0.30759,0.10855,0.10147,0.06787,0.096768,0.031237,0.022061
0.054797,0.11721,0.15055,0.20135,0.13687,0.11002,0.0725,0.021189,0.067517,0.06799
0.02305,0.060849,0.11034,0.048497,0.095683,0.1745,0.15498,0.15508,0.11042,0.066618
0.090358,0.080973,0.092111,0.052576,0.064829,0.10665,0.071688,0.14506,0.18847,0.10729
