0.11344,0.033681,0.054068,0.10062,0.07724,0.079663,0.13031,0.27648,0.10034,0.034149
0.48283,0.17705,0.090657,0.035507,0.010417,0.010369,0.039121,0.057569,0.038534,0.05794
0.18133,0.34634,0.094412,0.013582,0.048368,0.070417,0.063031,0.039641,0.068068,0.074803
0.15833,0.050079,0.23557,0.0078135,0.001572,0.022121,0.13041,0.13857,0.23272,0.022813
0,0,0,0,0,0.0014201,0.0011318,0.01872,0.11814,0.86059
0,0,0.0061204,0.039027,0.081235,0.019163,0.097876,0.24123,0.43531,0.080042
0,0,0.0077604,0.032355,0.38612,0.52549,0.046082,0.0021884,0,0
0,0.0011028,0.01212,0.93708,0.042958,0,0,0,0.006738,0
0.02097,0.15765,0.70504,0.064116,0.028309,0.0072546,0.0028256,0.0049444,0.0088933,0
0.012754,0.029407,0.058644,0.090859,0.13591,0.023875,0.1234,0.30527,0.13337,0.086509
0.054735,0.02227,0.028643,0.048278,0.062609,0.22111,0.25135,0.093831,0.065859,0.15132
0.080209,0.54001,0.34465,0.0075544,0.023918,0.0010919,0.0025684,0,0,0
0.033166,0.018749,0.032803,0.0106,0.050797,0.13723,0.10464,0.11405,0.30521,0.19275
0.27557,0.13175,0.047918,0.064842,0.046508,0.13752,0.09155,0.093614,0.050403,0.060328
0.19353,0.042352,0.15413,0.12549,0.024294,0.0088152,0.022121,0.098777,0.32509,0.0053946
0.099307,0.17296,0.19408,0.20928,0.075727,0.042721,0.055596,0.038843,0.09744,0.014045
0.18785,0.057979,0.055791,0.049985,0.016425,0.035322,0.082275,0.071167,0.16666,0.27655
0.1024,0.055252,0.058975,0.093034,0.14033,0.064076,0.076039,0.050678,0.13564,0.22358
0.090457,0.038472,0.0099865,0.059169,0.015841,0.057237,0.22706,0.10957,0.11782,0.27439
0.17326,0.025354,0.1151,0.079632,0.059602,0.080046,0.039811,0.080751,0.09785,0.2486
0.00098664,0.028825,0.086975,0.095131,0.18382,0.18222,0.062959,0.086946,0.085014,0.18712
0,0.015328,0.014638,0.18414,0.22049,0.21992,0.05999,0.084794,0.097159,0.10354
0.16109,0.10754,0.043162,0.013766,0.076883,0.099821,0.14476,0.046069,0.1088,0.19811
0.46082,0.13893,0.03624,0.043728,0.028584,0.050027,0.062733,0.05349,0.055101,0.070349
0.00020631,0.028937,0.13086,0.032699,0.090599,0.13174,0.046082,0.073857,0.1681,0.29692
0.15923,0.15353,0.04584,0.049214,0.053252,0.11477,0.10357,0.045409,0.13543,0.13976
0.011127,0.028641,0.025411,0.014907,0.11599,0.11683,0.061482,0.11092,0.33257,0.18213
0.1085,0.06374,0.035566,0.037152,0.04254,0.13489,0.28806,0.13885,0.13976,0.010949
0.92878,0.052904,0.013564,0.0003162,0.0041916,0.00024297,0,0,0,0
0.0056945,0.0095473,0.073977,0.42761,0.15093,0.078932,0.01919,0.089475,0.04843,0.096213
0.061307,0.072049,0.1313,0.15286,0.13907,0.069104,0.064089,0.11663,0.10598,0.087612
0.26189,0.14146,0.10407,0.19035,0.10667,0.11402,0.019949,0.029886,0.025064,0.0066347
0.61503,0.20388,0.030418,0.032893,0.0059732,0.0045107,0.00040481,0.036652,0.029953,0.040284
0.48825,0.039104,0.027025,0.12619,0.030247,0.015439,0.0075372,0.024798,0.11848,0.12293
0.0032072,0.0032485,0,0.021728,0.025262,0.0067341,0,0.045263,0.39919,0.49537
0.062507,0.12702,0.19557,0.3935,0.12024,0.034976,0.020452,0.023334,0.0068714,0.015536
0.10742,0.10041,0.20816,0.17171,0.081402,0.19393,0.10241,0.0059747,0.0086636,0.01993
0.0084958,0.0024173,0.0081903,0.070062,0.52922,0.28301,0.036492,0.049957,0.0048725,0.0072889
0.0044475,0.015882,0.0014354,0.0045821,0.048807,0.023315,0.041264,0.065881,0.23043,0.56396
0.26532,0.43224,0.21068,0.046248,0.0064029,0.023087,0.0067628,0.0020606,0.0055918,0.0016
0.3854,0.51003,0.10115,0,0.0016671,0.00049717,0,0,0.0012628,0
0.73874,0.11377,0.014812,0,0.0010115,0.057539,0.054358,0.016579,0,0.0031853
0.91393,0.04453,0.010152,0.0062787,0.0059734,0.0029912,0.010979,0.0051699,0,0
0.0029312,0,0,0.0017364,0.0008646,0.0019093,0.037117,0.62356,0.30331,0.028566
0.0020467,0,0.012854,0.02404,0.0036704,0.0059352,0.067191,0.01234,0.60236,0.26956
0.10866,0.13788,0.32971,0.15808,0.12046,0.017751,0.047601,0.043329,0.034377,0.0021628
0.1873,0.08157,0.0063707,0.060188,0.0051679,0.05775,0.27708,0.29173,0.0087791,0.024059
0.053121,0.12667,0.34731,0.061651,0.025868,0.019203,0.043968,0.081485,0.15273,0.087986
0.097016,0.068279,0.075042,0.055227,0.1365,0.088879,0.053782,0.024349,0.073613,0.32732
0.046403,0.027648,0.011779,0.024233,0.0073177,0.14031,0.29571,0.32307,0.11587,0.0076607
0.14348,0.057002,0.016059,0.0099098,0.03549,0.018396,0.077308,0.13439,0.17265,0.33531
