0.0023371,0.040125,0.084951,0.099934,0.12921,0.20095,0.055138,0.09717,0.13152,0.15867
0.10299,0.10045,0.087933,0.089049,0.078094,0.25738,0.076944,0.070353,0.034494,0.10231
0.057128,0.03969,0.020926,0.033737,0.074898,0.33212,0.19278,0.21809,0.022637,0.007991
0.058903,0.089169,0.16972,0.11989,0.058908,0.081534,0.15694,0.12163,0.099325,0.043993
0.010423,0.022447,0.056711,0.06375,0.16074,0.16742,0.26214,0.11892,0.077505,0.059941
0.053477,0.021699,0.038147,0.045922,0.14463,0.26192,0.13468,0.22074,0.020312,0.058477
0.043957,0.039987,0.13671,0.30731,0.13733,0.068968,0.17204,0.087155,0.0065441,0
0.56797,0.056969,0.035991,0.042339,0.13474,0.053024,0.052957,0.035262,0.0096542,0.011098
0.16352,0.13089,0.18228,0.10224,0.057043,0.030839,0.17456,0.060163,0.088292,0.010172
0.11259,0.13724,0.17253,0.13537,0.083966,0.054972,0.07099,0.040026,0.011613,0.1807
0.3135,0.108,0.11631,0.022514,0.040226,0.048823,0.07354,0.028475,0.036031,0.21258
0.27915,0.18116,0.11286,0.06903,0.083994,0.093,0.022696,0.067723,0.059107,0.031281
0.11802,0.044901,0.024264,0.042023,0.031441,0.070221,0.043428,0.038928,0.19516,0.39162
0.01853,0.048722,0.028272,0.18068,0.04157,0.015597,0.0055515,0.035637,0.079256,0.54619
0.36385,0.41661,0.083762,0.049944,0.028766,0.004701,0.0084192,0.0014851,0.024867,0.017589
0.1184,0,0.0024348,0.012461,0.51718,0.18348,0.021947,0.085128,0.0082802,0.050689
0.13734,0.04818,0.075975,0.059102,0.20043,0.048418,0.02266,0.13642,0.037039,0.23443
0.089602,0.16627,0.21544,0.017401,0.035452,0.054499,0.077061,0.16741,0.1466,0.030263
0.00085998,0.0089827,0.047948,0.52101,0.31783,0.0010637,0.0013433,0,0.02037,0.080598
0.64789,0.065056,0.012863,0.046814,0.12856,0.020545,0.062028,0.013267,0.0029727,0
0.013048,0.015459,0.077442,0.41537,0.34816,0.018593,0.0013887,0.0038283,0.043782,0.062929
0.85009,0.1061,0,0.028494,0.003124,0,0,0,0.012195,0
0.033994,0.078279,0.087205,0.017887,0.14808,0.29125,0.30666,0.014675,0.0063594,0.015605
0.0014855,0,0.0059614,0.010686,0.068809,0.12005,0.028501,0.056446,0.29913,0.40893
0.47786,0.41697,0.065668,0,0.014936,0.022416,0.001042,0.0011031,0,0
0.011808,0,0.000803,0.018868,0.017309,0.02377,0,0.059856,0.096985,0.7706
0.02241,0.026032,0.033529,0.081034,0.21828,0.14541,0.03868,0.030512,0.12749,0.27663
0.030527,0.064103,0.27754,0.029015,0.060456,0.091844,0.10127,0.20222,0.0931,0.049925
0.0023104,0.11598,0.45102,0.20542,0.088835,0.020603,0.042232,0.064542,0.0090514,0
