0.010671,0.094727,0.0022683,0.0090788,0.045971,0.083064,0.10165,0.034767,0.26118,0.35662
0.013367,0,0.027633,0.068788,0.043648,0.066577,0.081092,0.2525,0.058239,0.38815
0.28521,0.14221,0.039232,0.051174,0.12623,0.19456,0.065587,0.02743,0.060261,0.0081093
0.054457,0.0074448,0.0964,0.28846,0.037067,0.075692,0.075563,0.030108,0.048613,0.2862
0.026265,0.038722,0.08173,0.025246,0.057632,0.094173,0.064708,0.036999,0.27859,0.29594
0.11374,0.22985,0.042539,0.19584,0.069682,0.095502,0.027433,0.067179,0.04049,0.11774
0.16616,0.1043,0.092756,0.069742,0.10528,0.096341,0.13515,0.098203,0.07413,0.057939
0.14144,0.12811,0.11297,0.12929,0.1943,0.19802,0.037055,0.018106,0.032141,0.0085854
0.079179,0.055797,0.034161,0.044456,0.41252,0.18337,0.028664,0.04094,0.064835,0.056076
0.068574,0.10304,0.17762,0.1254,0.18267,0.15994,0.05954,0.04458,0.028442,0.050192
0.017258,0.082095,0.19577,0.14648,0.29703,0.087975,0.038437,0.06031,0.01661,0.058038
0.027104,0.037165,0.099582,0.045443,0.17594,0.35711,0.091069,0.07252,0.031611,0.062462
0.094897,0.04768,0.024093,0.098637,0.055073,0.08902,0.17394,0.2339,0.11074,0.072012
0.069763,0.036548,0.011115,0.10686,0.072039,0.11294,0.13042,0.35078,0.096216,0.013322
0.11898,0.19158,0.057361,0.079582,0.1475,0.14924,0.063265,0.17592,0.014144,0.002441
0.045183,0.06354,0.060821,0.15569,0.09749,0.1195,0.15421,0.071433,0.15537,0.076762
0.050793,0.051602,0.12813,0.26527,0.13416,0.13829,0.096923,0.098807,0.021355,0.014675
0.022969,0.011342,0.067008,0.10813,0.17764,0.21029,0.21901,0.1153,0.027237,0.041073
0.014585,0.050192,0.04328,0.07721,0.18402,0.35475,0.19163,0.070773,0.0011992,0.012357
0.036765,0.0049099,0.0011054,0.010347,0.0077789,0.086756,0.035319,0.055936,0.2838,0.47728
0.09363,0.31755,0.26116,0.13972,0.11368,0.04372,0.009784,0.00080332,0,0.019952
0,0,0.019818,0.020951,0.027944,0.072986,0.05172,0.26698,0.44182,0.097777
0.071954,0.0052853,0.025836,0,0.030654,0,0.0051098,0.0056887,0.12927,0.72621
0.044934,0.097222,0.17631,0.11081,0.070566,0.1301,0.20719,0.086773,0.022207,0.053888
0.032792,0.073261,0.096361,0.068257,0.17877,0.18659,0.14371,0.097218,0.084081,0.038964
0.071039,0.056813,0.014013,0.045694,0.069233,0.24482,0.092294,0.12841,0.13613,0.14155
0.16503,0.061593,0.11146,0.11508,0.1146,0.065276,0.059789,0.12284,0.14471,0.039634
