0.19477,0.066465,0.10227,0.13865,0.13029,0.18379,0.064385,0.050422,0.055694,0.013269
0.086607,0.087655,0.037142,0.12654,0.18393,0.28088,0.18619,0.0066709,0.0017387,0.0026408
0.11438,0.091453,0.1103,0.11959,0.1943,0.15258,0.12034,0.056111,0.023583,0.017367
0.087828,0.13556,0.15634,0.11171,0.17013,0.10783,0.055232,0.076144,0.049876,0.04934
0.1401,0.075647,0.098561,0.24946,0.15221,0.12105,0.030885,0.057729,0.039825,0.034541
0.12734,0.44058,0.24607,0.054083,0.044564,0.021432,0.014841,0.025603,0.018289,0.0072023
0.0072332,0.017657,0.17984,0.088592,0.076383,0.26453,0.22901,0.074483,0.038005,0.024268
0.090776,0.076829,0.10459,0.085956,0.15955,0.10188,0.13755,0.086242,0.028293,0.12833
0.027443,0.060595,0.021107,0.039105,0.094423,0.09763,0.17383,0.36759,0.074818,0.043461
0.64348,0.32791,0.0082013,0.018623,0.0017854,0,0,0,0,0
0.00085636,0,0.06043,0.41586,0.39127,0.09003,0.023671,0.017886,0,0
0.1387,0.19506,0.06475,0.063504,0.12514,0.09951,0.060623,0.13583,0.060755,0.056126
0.20815,0.072739,0.060001,0.20821,0.11405,0.058903,0.075201,0.080175,0.082625,0.039941
0.25456,0.14195,0.15391,0.061856,0.052352,0.038527,0.018436,0.055461,0.073696,0.14925
0.010457,0.030802,0.029796,0.12079,0.098152,0.11128,0.12998,0.16833,0.16356,0.13684
0.096414,0.23382,0.22943,0.077707,0.23461,0.034064,0.039517,0.0019173,0.018055,0.034469
0.47581,0.40786,0.056824,0.044669,0.0075284,0,0.0056085,0,0,0.0017004
0.0043657,0.006572,0.0019461,0.0036165,0.0050316,0.0049543,0.013016,0.15533,0.24257,0.56259
0.066204,0.32016,0.031251,0.051262,0.20543,0.11118,0.052787,0.068962,0.063894,0.028868
0.75387,0.13926,0.059408,0.011618,0.022412,0.0027033,0.0069739,0.0037507,0,0
0.21637,0.3781,0.22511,0.099818,0.0088699,0.0071876,0.022003,0.028563,0.0091698,0.004809
0.02244,0.15026,0.03005,0.0087762,0.025408,0.045907,0.036362,0.03791,0.074537,0.56835
0.0038566,0.053893,0.22715,0.051938,0.032063,0.013779,0.36723,0.068133,0.13676,0.045204
0.021716,0.017128,0.00056763,0,0.018312,0.091661,0.04787,0.094483,0.058065,0.6502
0.10135,0.053166,0.040289,0.054558,0.08754,0.19573,0.14542,0.10194,0.059818,0.1602
0.18671,0.069573,0.12146,0.10565,0.10954,0.11812,0.071864,0.087668,0.038911,0.090492
0.10026,0.026492,0.068761,0.074659,0.020466,0.20072,0.14956,0.20059,0.060257,0.098231
0.00111,0.04705,0.1501,0.30459,0.21425,0.030597,0.058249,0.062861,0.06729,0.0639
0.0021899,0.030598,0.0032344,0.0080014,0.048357,0.018606,0.13322,0.21091,0.11256,0.43233
0.017991,0,0.0020119,0.0041393,0.029936,0.025875,0.011418,0.04795,0.36654,0.49414
0,0.0063104,0.00083392,0.0028143,0.018318,0.0082237,0.0053001,0.12181,0.82597,0.010419
0.85456,0.1179,0,0.0035497,0.0025968,0.0090773,0.0023031,0.0056472,0.0043661,0
0,0.09804,0.49575,0.12524,0.083027,0.058963,0.042913,0.064652,0.027626,0.0037927
0.0023253,0.0078038,0.77235,0.068889,0.01835,0.031452,0.031679,0.0069504,0.046712,0.013489
0.48699,0.34491,0.10873,0.0057553,0.011962,0.0052721,0.0085835,0.01592,0.00079268,0.011091
0.77276,0.12077,0.01611,0.019384,0.031504,0.022454,0.0058647,0.0061411,0.004382,0.0006288
0.24999,0.34167,0.15568,0.053437,0.071851,0.076179,0.031306,0.0069197,0.0043157,0.0086472
0.64817,0.10194,0.014611,0.014244,0.1089,0.068107,0.0026118,0.025995,0.0083944,0.0070277
0.026356,0.055049,0.37284,0.20206,0.052878,0.028692,0.026221,0.023043,0.065008,0.14785
