0.083684,0.11237,0.12416,0.12753,0.16583,0.07657,0.041279,0.040674,0.045527,0.18237
0.16783,0.11909,0.092902,0.14313,0.10007,0.17538,0.052729,0.089671,0.010788,0.048399
0.07987,0.070277,0.067985,0.11587,0.12893,0.39034,0.10887,0.014375,0.010266,0.01322
0.073883,0.08116,0.087149,0.095302,0.12401,0.2165,0.11097,0.11622,0.08398,0.010832
0.10096,0.13416,0.15075,0.13946,0.15032,0.13838,0.083898,0.061472,0.018696,0.021896
0.10822,0.079,0.076345,0.14081,0.15091,0.11902,0.069319,0.053012,0.08199,0.12138
0.087645,0.11326,0.10369,0.11442,0.20827,0.090776,0.060467,0.084179,0.10751,0.029781
0.043443,0.11233,0.074061,0.096492,0.25956,0.031272,0.092136,0.10502,0.099811,0.085883
0.14714,0.10939,0.099741,0.19848,0.22193,0.082701,0.018609,0.045469,0.053342,0.023194
0.21257,0.12278,0.14639,0.1303,0.17854,0.13058,0.012898,0.030008,0.017861,0.018075
0.27285,0.1026,0.15272,0.13972,0.19486,0.023385,0.025972,0.01631,0.016472,0.055107
0.28976,0.43365,0.15227,0.035351,0.038819,0.039302,0.010846,0,0,0
0.027928,0.11381,0.06885,0.13805,0.094161,0.014047,0.069775,0.16133,0.18308,0.12898
0.011825,0.016809,0.12584,0.19186,0.17622,0.23459,0.064603,0.056781,0.079716,0.041746
0.091908,0.12281,0.055827,0.061724,0.13171,0.097154,0.15548,0.079175,0.15586,0.048358
0.083454,0.15878,0.13699,0.124,0.08234,0.13594,0.055403,0.028167,0.066513,0.1284
0.020904,0.0355,0.021088,0.036396,0.10429,0.15268,0.10003,0.3149,0.17422,0.039981
0.013715,0.0076869,0.023517,0.016474,0.044725,0.10179,0.70301,0.067408,0.0072823,0.014397
0.70534,0.25958,0.0052741,0.013267,0.009794,0.0021433,0.003283,0.0013162,0,0
0.24622,0.73184,0.017861,0.0040811,0,0,0,0,0,0
0.089404,0.18722,0.08747,0.1427,0.11778,0.16011,0.10422,0.062385,0.035266,0.013434
0.0024466,0.0021604,0.0060194,0.31261,0.59853,0.043755,0.034475,0,0,0
0,0.0024684,0,0,0.034158,0.066746,0.16386,0.1292,0.10999,0.49358
0.28953,0.14116,0.094427,0.027849,0.035573,0.024564,0.12178,0.071481,0.11824,0.07539
0.21039,0.09442,0.10603,0.12609,0.093006,0.065833,0.073605,0.095903,0.095055,0.039662
0.1506,0.20215,0.23994,0.11393,0.11581,0.064391,0.070149,0.023495,0.019531,0
0.12969,0.23149,0.10163,0.10353,0.11156,0.04054,0.056724,0.0633,0.010951,0.15058
0.097142,0.35006,0.17988,0.057792,0.15362,0.041074,0.06763,0.047681,0.00057978,0.0045407
0.036552,0.038843,0.048942,0.099458,0.1422,0.15082,0.12876,0.075244,0.079263,0.19992
0.0088225,0.020844,0.066168,0.057444,0.11392,0.051339,0.037862,0.086925,0.1131,0.44357
0.40136,0.22738,0.22085,0.082988,0.039273,0.0059525,0.005627,0.01245,0.00040903,0.0037158
0.21171,0.27652,0.094863,0.018044,0.14581,0.018498,0.039445,0.01692,0.10609,0.072095
0.58437,0.30686,0.052488,0.0051873,0.0014323,0,0,0.037395,0,0.012273
0.039336,0.66437,0.14489,0.019902,0.039796,0.070124,0.020324,0,0.00074731,0.00050954
0.024179,0.0034006,0.0087113,0,0,0.020332,0.028571,0.046609,0.15183,0.71637
0.02431,0.02328,0.0036645,0.028559,0.05441,0.19416,0.28336,0.24132,0.096244,0.050698
0.69905,0.21236,0.04867,0.028784,0.0066328,0,0,0.0045051,0,0
0,0,0.055031,0.0072319,0,0.0017329,0.023075,0.3257,0.57932,0.0079122
0.014846,0.044441,0.12517,0.42248,0.3607,0.016652,0,0,0.015707,0
0.0076075,0.046435,0.39389,0.183,0.17895,0.11195,0.019643,0,0.012505,0.046016
0.057091,0.20563,0.21202,0.1437,0.19409,0.053639,0.033193,0.057429,0.028223,0.014995
0.95412,0.025823,0.014321,0.0012238,9.2981e-05,0.0015878,0,0,0.0027942,3.8201e-05
0,0.022202,0.78296,0.059377,0.07248,0.021097,0.018536,0.0088919,0.0044739,0.0099847
0.0060589,0.073487,0.0031943,0.0027933,0.028269,0.039923,0.053572,0.037694,0.10883,0.64617
0.21819,0.053875,0.017447,0.0078557,0.014707,0.017012,0.19405,0.068205,0.37597,0.032685
0.0074435,0.0106,0.0051075,0.26117,0.31893,0.307,0.01982,0.013058,0.01455,0.042327
0,0,0,0,0.07715,0.30827,0.55519,0.03671,0.010086,0.012594
0.0049622,0,0,0.0048452,0.021235,0.10853,0.068103,0.024397,0.29167,0.47626
0.067056,0.13816,0.11508,0.13958,0.10455,0.065759,0.037963,0.11327,0.085642,0.13294
0.24546,0.12563,0.038557,0.048894,0.061727,0.089788,0.10492,0.026363,0.066307,0.19236
0.18214,0.044416,0.091849,0.1232,0.20964,0.13685,0.02433,0.045374,0.056409,0.085791
0.10079,0.047467,0.10369,0.087007,0.13807,0.18416,0.16886,0.074495,0.038704,0.056758
0.019585,0.065656,0.028472,0.053677,0.090468,0.14946,0.1285,0.22221,0.14322,0.098736
0.104,0.050041,0.013584,0.014676,0.015016,0.050338,0.33129,0.25059,0.09872,0.071745
0.033703,0.087467,0.10969,0.24347,0.19003,0.14257,0.025102,0.056787,0.037369,0.073818
0,0.02118,0.019243,0.43908,0.28113,0.05976,0.10347,0.040698,0.025492,0.0099567
0.10004,0.19611,0.056458,0.060685,0.17675,0.27552,0.05714,0.0124,0.017538,0.047361
0,0,0.0036713,0,0.012164,0.015333,0.0075831,0.079075,0.52832,0.35385
0.045588,0.0069591,0.0079182,0.0017134,0.016976,0.0028775,0.016603,0.0082897,0.03674,0.85634
0,0,0.0025355,0.0060861,0.024616,0.026266,0.17245,0.76689,0.0011568,0
0,0,0,0.0015233,0.026612,0.0051955,0.0012428,0.028585,0.93467,0.0021686
0,0.0033601,0.0013918,0.000958,0.019328,0.0077692,0.073755,0.69553,0.1643,0.033606
0.86618,0.11829,0.0020087,0,0.0011989,0.007553,0.0047717,0,0,0
0.23934,0.6952,0.023919,0.0030704,0.0079472,0.026676,0.00084911,0,0,0.0029984
0.0016314,0.29259,0.45753,0.11092,0.044028,0.032883,0.023762,0.012392,0.018663,0.0056015
0.0022183,0.014575,0.33385,0.25389,0.14621,0.061393,0.033212,0.045379,0.068925,0.040351
0.36234,0.51137,0.063499,0.017596,0.011287,0.0051462,0.010824,0.016264,0.0010122,0.00066263
0.011041,0,0,0.437,0.45072,0.032398,0.016775,0.010819,0.0053972,0.035849
0.5429,0.41012,0.034315,0.0012792,0.0037783,0.0034791,0.00074346,0.0033866,0,0
0.41088,0.33803,0.071299,0.059598,0.019596,0.026654,0.020946,0.024364,0.018363,0.010268
0.96121,0.022866,0.0055968,0,0.0070934,0.0032329,0,0,0,0
0,0,0.00059821,0.0003889,0.0059292,0.057071,0.17508,0.15084,0.27139,0.33871
0.5583,0.12732,0.056864,0.060287,0.037921,0.020793,0.039214,0.067828,0.01034,0.021132
0.041002,0.23842,0.40603,0.16519,0.039363,0.022227,0.077545,0.0063074,0.0023014,0.0016098
0.16221,0.37468,0.15591,0.070444,0.072463,0.059926,0.07589,0.014525,0.0032707,0.010684
0.1818,0.59075,0.062947,0.034687,0.084619,0.0080122,0.012726,8.5995e-05,0.020942,0.0034236
0.16019,0.47135,0.12222,0.023472,0.030437,0.034712,0.019563,0.069609,0.040599,0.027841
0.023373,0.025054,0.0075382,0.26928,0.31218,0.066653,0.041763,0.024632,0.098273,0.13126
0.037432,0.33995,0.079013,0.016512,0.012883,0.059647,0.044661,0.10138,0.14965,0.15886
