0.15854,0.082081,0.016913,0.15283,0.035784,0.018478,0.037423,0.14778,0.12593,0.22424
0.15581,0.26662,0.17951,0.040359,0.088477,0.055214,0.064351,0.025056,0.079252,0.045349
0.052005,0.14646,0.051574,0.023292,0.13593,0.11787,0.086929,0.072836,0.16504,0.14806
0.068069,0.024685,0.088242,0.1385,0.1156,0.13921,0.047895,0.10755,0.16413,0.10612
0.0159,0.011325,0.13372,0.28627,0.20327,0.11925,0.075452,0.05867,0.077582,0.018562
0.035452,0.23385,0.27285,0.18488,0.11104,0.024991,0.078289,0.031912,0.0041932,0.022545
0.0023185,0.0045068,0.019457,0.070715,0.055759,0.10554,0.081787,0.17593,0.24643,0.23755
0,0.00069933,0,0.023221,0.066861,0.022466,0.06357,0.38435,0.17416,0.26467
0.064845,0.28151,0.14054,0.083415,0.11124,0.14654,0.077958,0.050587,0.038864,0.0045113
0.055413,0.033628,0.082271,0.053954,0.21705,0.21647,0.18269,0.096096,0.023743,0.038682
0.022465,0.046035,0.085706,0.15166,0.2413,0.29446,0.099875,0.034812,0.019526,0.0041657
0.025035,0.011182,0.022296,0.080931,0.41087,0.28573,0.073544,0.049887,0.0084791,0.03204
0.023092,0.02983,0.090287,0.095845,0.10675,0.22495,0.16137,0.10831,0.088152,0.071416
0.20422,0.058682,0.015852,0.039458,0.0663,0.11295,0.17728,0.25635,0.031759,0.037153
0.42907,0.04892,0.013868,0.033109,0.07873,0.12398,0.11722,0.077543,0.035217,0.042347
0.050695,0.094964,0.098317,0.040033,0.16236,0.16704,0.11583,0.047845,0.034481,0.18844
0.10574,0.13452,0.31012,0.16125,0.20792,0.073169,0.0047861,0.0024977,0,0
0.069442,0.046519,0.19788,0.22568,0.14472,0.045003,0.13502,0.10449,0.027865,0.00339
0.059719,0.10321,0.11615,0.3594,0.18273,0.16053,0.011462,0.0035219,0.0032706,0
0.21537,0.17458,0.080658,0.026265,0.043651,0.079452,0.045261,0.022479,0.24432,0.06796
0.029156,0.076765,0.011543,0.057482,0.067635,0.092606,0.11368,0.12017,0.20733,0.22363
0.043344,0.11113,0.15792,0.17904,0.14225,0.047181,0.027238,0.039021,0.161,0.091871
0.025099,0.035657,0.036855,0.16274,0.10043,0.24945,0.18653,0.088253,0.05814,0.056845
0.023039,0.013543,0.09849,0.17864,0.12683,0.11744,0.1688,0.097975,0.10126,0.073973
0.046273,0.034886,0.0795,0.12833,0.19948,0.11893,0.074335,0.12378,0.10391,0.090572
0.027139,0.068751,0.015636,0.16152,0.060999,0.053958,0.073461,0.026906,0.10053,0.4111
0.021874,0.13209,0.09225,0.11593,0.055627,0.083055,0.12166,0.14448,0.15343,0.079605
0.011594,0.01669,0.076732,0.06612,0.12336,0.27829,0.1899,0.10572,0.095752,0.035838
0.050329,0.026532,0.021615,0.036872,0.065138,0.18588,0.4063,0.10901,0.073902,0.024427
0.2117,0.10534,0.28824,0.25032,0.047715,0.028151,0.0036793,0.02138,0.027153,0.016312
0.0030509,0.032487,0.094587,0.1886,0.074417,0.086339,0.10282,0.13379,0.19673,0.087179
0,0.014341,0.015889,0.11282,0.20276,0.42511,0.1409,0.067736,0.01328,0.0071696
0,0,0.0053394,0.27287,0.45883,0.11824,0.12789,0.0085056,0,0.0083245
0,0,0.024166,0.18392,0.67329,0.054503,0.035079,0.00089026,0.013286,0.014863
0,0.02216,0.10444,0.063622,0.13448,0.44217,0.11785,0.080181,0.026043,0.0090441
0.033385,0.10514,0.064222,0.024656,0.049554,0.10183,0.23229,0.22959,0.080608,0.078725
0.0011233,0.027566,0.056217,0.029651,0.11406,0.41302,0.1863,0.079858,0.056832,0.035366
0.062703,0.061611,0.058412,0.12458,0.088825,0.1042,0.024604,0.13517,0.17,0.1699
0.092875,0.075137,0.1824,0.062803,0.073687,0.0306,0.039431,0.20787,0.087463,0.14772
0.10387,0.077689,0.1552,0.086758,0.1229,0.11511,0.1006,0.08753,0.051741,0.098608
0.11469,0.11367,0.048745,0.064595,0.094108,0.052361,0.077576,0.049753,0.16306,0.22144
0,0,0,0.01979,0.014772,0.022376,0.064089,0.16101,0.27437,0.4436
0.024238,0.068771,0.01084,0.018228,0.025562,0.038938,0.25639,0.18612,0.015922,0.35498
0.078236,0.061494,0.069209,0.24645,0.13159,0.092621,0.054757,0.071612,0.088957,0.10507
0.021146,0.014546,0.016858,0.049652,0.082776,0.29019,0.41653,0.048509,0.028435,0.031358
0.13136,0.11011,0.11795,0.10349,0.090911,0.099926,0.05723,0.072673,0.09907,0.11728
0.0016329,0.012993,0.0052675,0.010829,0.0063309,0.0087794,0.094545,0.14522,0.30179,0.41261
0.0062955,0.00586,0.0039535,0.01622,0.040685,0.70848,0.16059,0.038618,0.015266,0.0040292
0.0015705,0.058546,0.13257,0.345,0.23011,0.11022,0.026535,0.024139,0.049995,0.02132
0.011177,0.016878,0.083997,0.26885,0.32504,0.052332,0.061564,0.088094,0.062352,0.02972
0.71012,0.22624,0.014417,0.0062451,0.017595,0.0026318,0.0084891,0.007353,0.0029544,0.0039518
0.45964,0.31699,0.077706,0.035964,0.026836,0.053472,0.018652,0.0013553,0.0093803,0
0.47895,0.47736,0.040121,0.0015258,0.0011962,0.0006677,0,0,0.00017981,0
0.84107,0.060754,0.041279,0.037013,0.010796,0.0079179,0,0.00052072,0,0.0006535
0.84084,0.064225,0.045697,0.019394,0.00628,0.016878,0,0,0,0.0066817
0,6.6353e-05,0.010761,0.8454,0.12901,0.0076213,0.0017804,0.0053581,0,0
0.28898,0.41298,0.10894,0.041541,0.028644,0.02357,0.01282,0.024401,0.034636,0.023492
0.88782,0.060204,0.017331,0.002783,0.029364,0,0.0024973,0,0,0
0.0042514,0.0025108,0.0067161,0.0048452,0.044814,0.053456,0.10949,0.18482,0.57207,0.01703
0.050732,0.040005,0.055154,0.03399,0.0036158,0.048821,0.064528,0.14479,0.21253,0.34583
0.46821,0.019598,0.037461,0.025773,0.05684,0.24383,0.071243,0.018602,0.027951,0.030497
0.019543,0.045746,0.012873,0.035011,0.053602,0.075864,0.22466,0.41738,0.072501,0.042821
0.41549,0.44754,0.082914,0.022595,0.025292,0.0055202,0,0,0,0.00064957
0.0084627,0,0.00099352,0.025655,0.071326,0.033406,0.075287,0.19698,0.20658,0.38131
0.031194,0.0035323,0.027452,0.022828,0.053427,0.10872,0.15014,0.17992,0.21258,0.2102
0.098546,0.14847,0.094109,0.031136,0.045682,0.10126,0.024742,0.051566,0.04314,0.36135
0.10078,0.097691,0.067553,0.035967,0.049805,0.049003,0.079265,0.039338,0.086192,0.3944
0.024044,0.050789,0.055617,0.31884,0.14443,0.14659,0.10497,0.023409,0.034071,0.097247
0.029911,0.031082,0.0238,0.07722,0.037436,0.14146,0.20984,0.11259,0.18932,0.14734
0.047383,0.024802,0.015241,0.062634,0.15064,0.16847,0.052546,0.13505,0.11584,0.22739
0.034159,0.024319,0.01152,0.027318,0.061011,0.062101,0.1017,0.10838,0.32977,0.23972
0.1085,0.068455,0.046568,0.020729,0.038706,0.04993,0.060319,0.10046,0.27068,0.23565
0.075072,0.088801,0.029665,0.13055,0.086205,0.16622,0.12073,0.14341,0.10762,0.051736
0.16615,0.11615,0.095984,0.27773,0.11633,0.08632,0.035107,0.018397,0.044428,0.0434
0.00099691,0.088454,0.0057969,0,0.05137,0.043062,0.12836,0.18339,0.31158,0.187
0,0.012926,0.023826,0.041063,0.049372,0.012703,0.14965,0.31776,0.17525,0.21745
0.21277,0.062232,0.2863,0.17403,0.040458,0.075857,0.011932,0.015373,0.026766,0.094283
0.022257,0.027865,0.096014,0.10488,0.41518,0.24855,0.042575,0.023928,0.018752,0
0.051603,0.020646,0.008603,0.0043521,0.063725,0.11893,0.29632,0.1265,0.12189,0.18743
0.18678,0.31148,0.32041,0.13058,0.022432,0.013987,0.0048612,0.002971,8.1965e-05,0.0064143
0.35558,0.30093,0.25399,0.04331,0.02984,0.00022598,0.0018719,0.0066016,0.0076471,0
0.045547,0.037469,0.011136,0.0078882,0.023447,0.047751,0.10546,0.1807,0.15337,0.38723
0.11106,0.069923,0.047768,0.071816,0.1154,0.10139,0.10762,0.060545,0.07083,0.24364
