0.13526,0.21885,0.082886,0.12068,0.10047,0.054278,0.024882,0.095231,0.098017,0.069452
0.12026,0.11934,0.087676,0.038609,0.071161,0.12625,0.11149,0.093226,0.12792,0.10407
0.15014,0.017555,0.085251,0.13535,0.16077,0.14349,0.079814,0.052283,0.11453,0.060816
0.0044729,0.0032535,0.0090936,0.068573,0.022246,0.066405,0.021193,0.27589,0.277,0.25188
0.015419,0.091592,0.30158,0.053261,0.19106,0.064525,0.1363,0.076358,0.025049,0.044855
0.021938,0.011142,0.055503,0.17913,0.34928,0.2514,0.066277,0.028013,0.024045,0.013274
0.006824,0.01979,0.062098,0.1295,0.13151,0.19021,0.15762,0.091557,0.1094,0.10148
0.24721,0.10701,0.0075834,0.017429,0.15375,0.11861,0.15002,0.072287,0.06088,0.065219
0.18416,0.19641,0.19743,0.14282,0.15582,0.086286,0.031945,0.0036962,0.0014277,0
0.091614,0.22973,0.1636,0.15357,0.072211,0.034154,0.034928,0.20092,0.0019616,0.017317
0.03719,0.080487,0.062723,0.081395,0.17593,0.32667,0.11967,0.011161,0.03746,0.067322
0.02103,0.028634,0.069123,0.12961,0.14731,0.11122,0.18025,0.10978,0.062449,0.1406
0.12563,0.14488,0.14806,0.058993,0.083625,0.065734,0.07368,0.11004,0.12417,0.065193
0.087979,0.071988,0.054193,0.10889,0.061059,0.02065,0.0633,0.14594,0.16486,0.22115
0.081598,0.11148,0.04666,0.059148,0.10091,0.36683,0.12673,0.039089,0.045101,0.022447
0.0088452,0.038459,0.09623,0.16348,0.073556,0.069868,0.11444,0.13161,0.22919,0.074321
0.098221,0.10399,0.01847,0.099862,0.60892,0.021725,0.00051527,0.00088336,0.046571,0.00083575
0.0054661,0.038087,0.11623,0.015955,0.083554,0.27032,0.32365,0.054863,0.06167,0.030208
0.059891,0.026285,0.036619,0.10706,0.095773,0.086949,0.062058,0.09667,0.20177,0.22693
0.060351,0.098113,0.21245,0.12244,0.057029,0.018622,0.074281,0.12805,0.089297,0.13936
0.08867,0.029576,0.061006,0.047207,0.078273,0.073998,0.048644,0.13327,0.15401,0.28534
0.13422,0.045599,0.088309,0.11949,0.12278,0.068656,0.065211,0.050622,0.056895,0.24822
0.057504,0.01939,0.10327,0.066264,0.11944,0.15454,0.25192,0.11916,0.072419,0.0361
0.012596,0.0018448,0.0068153,0.029281,0.023714,0.058592,0.47833,0.28143,0.051237,0.056154
0.3449,0.2075,0.097673,0.010446,0.025005,0.018777,0.03351,0.036146,0.10437,0.12167
0.7848,0.10798,0.02267,0.015382,0.0084608,0.040584,0.010111,0.0037994,0.0062148,0
0.74231,0.17218,0.061386,0.016136,0.0066869,0.00090544,0.0003955,0,0,0
0.0086242,0.0091919,0.018661,0.86051,0.095348,0.0076603,0,0,0,0
0.83045,0.086624,0.01859,0.015064,0.020976,0.023824,0.00035349,0.00053471,0,0.0035858
0.020696,0.012994,0.0029179,0.014661,0.034587,0.045384,0.031778,0.12275,0.54763,0.1666
0.05587,0.44865,0.022329,0.0098984,0.025448,0.058221,0.023687,0.064824,0.25018,0.040895
0.016527,0.0127,0.0041479,0.074336,0.093762,0.044841,0.11068,0.18974,0.17265,0.28062
0.13477,0.12668,0.13985,0.032364,0.046543,0.096858,0.12549,0.051399,0.073754,0.17229
0.11202,0.11878,0.077866,0.041388,0.045004,0.079882,0.0732,0.047496,0.03485,0.36952
0.061873,0.038173,0.037047,0.0624,0.088132,0.13131,0.063599,0.10529,0.14053,0.27164
0.053614,0.04724,0.059015,0.037646,0.041321,0.064372,0.079831,0.095953,0.1737,0.34731
0.11254,0.11173,0.081984,0.082278,0.14175,0.11406,0.083623,0.047677,0.15213,0.072229
0.066847,0.076878,0.03225,0.058566,0.051762,0.025583,0.13863,0.25773,0.15962,0.13213
0.33657,0.21482,0.15082,0.043759,0.016532,0.061837,0.031768,0.015953,0.058803,0.069144
0.073742,0.061452,0.039363,0.16625,0.34993,0.12215,0.040789,0.0068945,0.05043,0.089004
0.25297,0.14922,0.27746,0.2446,0.026733,0.03013,0.0043284,0.0076244,0.0049774,0.0019605
