0.63908,0.14946,0.041911,0.11383,0.040004,0.00055112,0,0.0045479,0.0057705,0.0048334
0.0011221,0.034086,0.040623,0.16771,0.42363,0.1493,0.081374,0.091723,0.005286,0.0051499
0.073515,0.15767,0.093037,0.28812,0.23672,0.049726,0.069261,0.023947,0.0045704,0.0034329
0.028019,0.10184,0.11233,0.15143,0.077057,0.082077,0.10408,0.1224,0.073589,0.14718
0.20691,0.10826,0.12905,0.092954,0.17431,0.11003,0.039273,0.028416,0.060276,0.05052
0.036253,0.12183,0.095903,0.13638,0.08179,0.19463,0.18266,0.079298,0.027804,0.043451
0.041759,0.079968,0.08914,0.1355,0.18986,0.19417,0.10155,0.059761,0.041981,0.066312
0.080187,0.046414,0.080705,0.097006,0.093079,0.082841,0.33972,0.046873,0.076686,0.056492
0.0050701,0.0053299,0.26901,0.26485,0.16627,0.07605,0.053696,0.045227,0.068311,0.04619
0.036204,0.31879,0.26159,0.038038,0.091988,0.072967,0.10665,0.040213,0.022249,0.011305
0.059925,0.024125,0.045396,0.13812,0.24547,0.15561,0.16493,0.108,0.039276,0.01915
0.074226,0.064166,0.12678,0.12978,0.10307,0.16693,0.099346,0.13932,0.029751,0.066631
0.057683,0.18431,0.13768,0.039584,0.025256,0.055398,0.047903,0.062785,0.082664,0.30674
0,0.0065239,0.0010212,0.0032042,0.086151,0.063331,0.1412,0.49431,0.082303,0.12196
0.13027,0.15104,0.25179,0.11719,0.17084,0.14126,0.025499,0.0048351,0.0019155,0.0053562
0.01911,0.016514,0.0062364,0.064072,0.16847,0.18325,0.17098,0.15175,0.12878,0.090841
0.11619,0.10055,0.069383,0.23921,0.184,0.11685,0.099861,0.048554,0.0093269,0.016082
0.030123,0.045278,0.030836,0.071825,0.12965,0.16467,0.2128,0.087452,0.094333,0.13304
0.1225,0.062066,0.074199,0.10839,0.1484,0.15363,0.043907,0.090071,0.062896,0.13394
0.071625,0.1025,0.11895,0.19619,0.21579,0.058891,0.057709,0.057729,0.065089,0.055516
0.079628,0.17427,0.20047,0.14114,0.15048,0.10272,0.047909,0.048418,0.02293,0.032029
