0.22085,0.24722,0.06932,0.050537,0.11607,0.2002,0.040205,0.0081207,0.0093126,0.038159
0.68817,0.16783,0.13307,0.0084367,0,0,0.0010776,0,0,0.0014109
0,0.0067024,0.04293,0.051876,0.45377,0.15563,0.059824,0.13794,0.086182,0.0051426
0.013403,0.078791,0.053065,0.37841,0.10573,0.15758,0.14392,0.050589,0.016179,0.0023389
0.12016,0.23309,0.28326,0.17732,0.032869,0.052975,0.051491,0.0097717,0.020425,0.018649
0.12695,0.055404,0.05359,0.049108,0.35832,0.16287,0.076519,0.053188,0.033166,0.030889
0.021269,0.063337,0.054396,0.24103,0.11336,0.074706,0.25524,0.085628,0.056212,0.034823
0.025724,0.075936,0.10471,0.069669,0.069464,0.13994,0.093557,0.18552,0.10806,0.12742
0.1089,0.069421,0.14663,0.090426,0.081881,0.1896,0.087707,0.052008,0.053459,0.11997
0.11975,0.1415,0.16494,0.12371,0.13663,0.062795,0.030592,0.068786,0.064319,0.086979
0.027593,0.07449,0.067355,0.13381,0.19148,0.21157,0.1176,0.080047,0.055741,0.040321
0.083086,0.048342,0.036038,0.10275,0.15487,0.13512,0.22778,0.15728,0.036909,0.017834
0.14236,0.10122,0.043003,0.082955,0.069288,0.12116,0.10699,0.11389,0.17646,0.042677
0.017192,0.044114,0.077148,0.11986,0.17422,0.22316,0.13487,0.084584,0.043864,0.080995
0.061025,0.09538,0.12099,0.18389,0.12566,0.039756,0.092458,0.13319,0.12941,0.018236
0.032166,0.14471,0.20365,0.18249,0.11494,0.01855,0.086114,0.057324,0.08472,0.075335
0.00071024,0.043778,0.38913,0.25265,0.066414,0.055868,0.051207,0.059561,0.041547,0.039138
0.016226,0.053599,0.21085,0.19032,0.098798,0.076674,0.077547,0.081801,0.095688,0.098497
0.0949,0.1471,0.14432,0.054037,0.10444,0.12818,0.22085,0.074191,0.0085332,0.023465
0.0066657,0.22163,0.051092,0.026771,0.16051,0.4296,0.067173,0.025606,0.0010248,0.0099274
0.050231,0.06044,0.05565,0.092005,0.25231,0.19126,0.15291,0.059787,0.062767,0.022633
0.010771,0.056118,0.098814,0.084278,0.25115,0.21736,0.1657,0.049442,0.026506,0.039864
0.071301,0.041541,0.07054,0.17794,0.18222,0.16932,0.080541,0.034719,0.06693,0.10495
0.055276,0.057809,0.065564,0.14799,0.23328,0.067794,0.062341,0.079627,0.13895,0.091371
0.074214,0.34342,0.12328,0.052399,0.088449,0.090739,0.06411,0.089663,0.0096621,0.064073
0.0063784,0.011123,0.0020928,0.01359,0.015233,0.023214,0.019771,0.047048,0.11546,0.74609
0,0,0.0046327,0.0037463,0.081028,0.091832,0.27744,0.42117,0.11611,0.0040371
0.0056139,0.02707,0.012188,0.028576,0.11733,0.13934,0.21333,0.11876,0.22123,0.11655
0.91765,0.039021,0.026757,0.0012045,0,0.0045001,0.0040617,0.005294,0,0.0015112
0.082979,0.045817,0.081264,0.25913,0.13535,0.21347,0.14379,0.018287,0.0075672,0.012345
0.013035,0.022458,0.037884,0.11374,0.26655,0.19898,0.11617,0.089612,0.057111,0.084468
0.016766,0.0092477,0.083373,0.14253,0.23047,0.24034,0.11197,0.065426,0.067585,0.032294
0.01541,0.027077,0.012056,0.20866,0.10919,0.16366,0.14361,0.13919,0.10177,0.079374
0.17673,0.10241,0.14639,0.26124,0.052514,0.1029,0.081418,0.040475,0.0082412,0.02768
0.003882,0.017345,0.078999,0.097674,0.16206,0.22478,0.16562,0.034026,0.11185,0.10377
0.036947,0.047631,0.025429,0.047791,0.13324,0.11693,0.20641,0.26752,0.091885,0.026221
0.043848,0.050044,0.028494,0.056074,0.12262,0.16076,0.28409,0.10942,0.084286,0.060371
0.054922,0.02449,0.070892,0.041881,0.12102,0.22364,0.17467,0.12315,0.089206,0.07613
0.098705,0.081689,0.037001,0.13409,0.2906,0.13022,0.093983,0.037972,0.034697,0.061038
0.13614,0.080387,0.43605,0.073829,0.044193,0.097509,0.042552,0.016918,0.038584,0.033845
0.034648,0.16671,0.12394,0.19472,0.18042,0.10162,0.071131,0.061593,0.047345,0.017875
0.61997,0.17911,0.058877,0.051292,0.016888,0.016357,0.0053553,0.010905,0.031708,0.0095303
0.39656,0.073684,0.075952,0.028572,0.087461,0.086901,0.041211,0.046733,0.075323,0.087606
