0.080455,0.026936,0.031906,0.060604,0.098449,0.16977,0.30232,0.12497,0.035797,0.068784
0.015057,0.034459,0.048161,0.043952,0.23397,0.10743,0.16572,0.25959,0.050397,0.041264
0.013223,0.025252,0.046009,0.13764,0.12865,0.14836,0.10352,0.14045,0.20273,0.054164
0.050677,0.016706,0.028334,0.026036,0.040879,0.086,0.077161,0.17325,0.17929,0.32167
0.029893,0.030002,0.022019,0.060382,0.032533,0.075075,0.065393,0.5759,0.068548,0.040253
0.0016129,0.0020693,0.010029,0.019049,0.023422,0.0030006,0.0064875,0.0070937,0.042089,0.88515
0.013184,0,0.017007,0.024061,0.045792,0.17795,0.48064,0.23985,0.0015209,0
0,0.003427,0,0,0.0038957,0.0057223,0.064524,0.87991,0.037835,0.0046887
0.00035358,4.3472e-05,0.0011447,0.006025,0.037228,0.021157,0.023749,0.13488,0.13677,0.63865
0.020433,0.020625,0.025355,0.15023,0.49432,0.22154,0.064114,0.0023766,0,0.0010109
0.34931,0.50647,0.060538,0.0015146,0.041762,0.012302,0.015529,0.0098355,0,0.002741
0.050201,0.32552,0.1895,0.091459,0.057614,0.036639,0.030333,0.052649,0.058515,0.10757
0.14456,0.2048,0.17471,0.072215,0.24116,0.028632,0.052445,0.017188,0.030435,0.033862
0.23443,0.097562,0.077666,0.059774,0.21191,0.13405,0.033236,0.035987,0.046913,0.06847
0.078916,0.080747,0.0645,0.13394,0.089488,0.054558,0.11213,0.31814,0.032161,0.035418
0.038267,0.099522,0.071948,0.068461,0.021136,0.047822,0.074818,0.14576,0.26434,0.16793
0.20136,0.1418,0.064378,0.02529,0.074362,0.10385,0.067109,0.084039,0.082293,0.15551
0.31196,0.075562,0.02914,0.046758,0.076962,0.09404,0.025957,0.039343,0.026484,0.27379
0.096833,0.12653,0.0043024,0.028448,0.025123,0.01898,0.052859,0.029488,0.22201,0.39543
0.0036425,0.051943,0.018886,0.0013932,0.010567,0.067706,0.14355,0.080973,0.43997,0.18137
0,0,0,0,0,0.0030004,0.0061271,0.076299,0.53518,0.37939
0.11725,0.026183,0,0.0070921,0.0044657,0.063206,0.050778,0.23205,0.47869,0.02028
0.012575,0.060377,0.020598,0.0063068,0.019293,0.27358,0.58056,0.0046527,0.022052,0
0.026797,0.014062,0.022318,0.20911,0.48355,0.23009,0,0.012563,0,0.0015114
0.0062176,5.1456e-05,0,0.00061423,0.00051182,0.0091552,0.0016361,0.2221,0.64257,0.11714
0.011389,0,0.0062539,0.26424,0.59498,0.11409,0.0090482,0,0,0
0.080764,0.21023,0.097564,0.095925,0.18515,0.23836,0.085157,0.0031471,0.0013684,0.0023307
0,0.011276,0,0.00112,0.0072425,0.015758,0.15277,0.77742,0.016348,0.018058
0.10168,0.076776,0.027576,0.014836,0.19402,0.15513,0.049069,0.12228,0.078534,0.1801
0.54138,0.37898,0.057858,0.016571,0.0052159,0,0,0,0,0
0.054734,0.54171,0.13695,0.015844,0.01644,0.00010134,0.10381,0.056647,0.073388,0.00037328
0,0.00024235,0,0.0021326,0,0.02608,0.0032145,0.49438,0.44914,0.024817
0.066536,0.03115,0.044152,0.006594,0.050429,0.25605,0.36633,0.13851,0.035634,0.0046054
0.01462,0.049232,0.16413,0.52949,0.23795,0,0.0045758,0,0,0
0.037307,0.10542,0.056983,0.049289,0.094389,0.14198,0.1833,0.10879,0.16242,0.060123
0.0021785,0.0070964,0,0.0055843,0.0051649,0.0035124,0.021181,0.0059431,0.54078,0.40856
0.05015,0.04833,0.41702,0.3682,0.11506,0.0012353,0,0,0,0
0.02909,0.011259,0.12933,0.26964,0.21965,0.18971,0.063981,0.047289,0.013927,0.026117
0,0,0.002453,0,0.0017734,0.0065279,0.0054147,0.074995,0.43252,0.47632
0.0063959,0.0033821,0.0030397,0.0063599,0.0065851,0.0044741,0.009521,0.038908,0.014047,0.90729
0.011999,0.073419,0.023803,0.041056,0.30345,0.16612,0.26853,0.10552,0.0060956,0
0.87083,0.066599,0.028979,0.012375,0.0080517,0,0.011395,0,0,0.0017657
0,0.0038907,0.0029342,0.0019319,0.06034,0.048167,0.27736,0.52467,0.046794,0.033905
0.02785,0.064034,0.0018794,0.005826,0.0077994,0.012626,0.024242,0.15876,0.31675,0.38023
0.71078,0.20211,0.015659,0.01428,0.023382,0.01647,0.00088068,0,0.012706,0.0037262
0.25188,0.37629,0.23181,0.083446,0.020136,0.010736,0.010693,0,0.012281,0.0027266
0,0,0.00064389,0,0,0.0078093,0.0043069,0.0019313,0.019663,0.96565
0.0017438,0.057118,0.0044724,0.0099857,0.016127,0.033575,0.062173,0.36038,0.26142,0.19301
0.053516,0.01351,0.0095203,0.0033913,0.019676,0.026013,0.019217,0.044347,0.35279,0.45802
0.0097134,0.012081,0.016971,0.46124,0.35732,0.12114,0.011003,0,0,0.010541
0.065991,0.28093,0.10741,0.079366,0.1279,0.20784,0.10255,0.028014,0,0
0.10866,0.12736,0.31784,0.068512,0.097454,0.20597,0.072848,0.0013477,0,0
0.0086139,0.016706,0.16688,0.22134,0.2096,0.12062,0.12758,0.049208,0.037713,0.041734
0.043898,0.027422,0.076592,0.156,0.1487,0.33493,0.079405,0.021201,0.065877,0.045983
0.032391,0.058342,0.060255,0.16181,0.33613,0.18104,0.082544,0.042147,0.03201,0.013331
0.16295,0.1403,0.13165,0.18899,0.10062,0.10089,0.11862,0.029397,0.018053,0.0085167
0.089071,0.090406,0.14138,0.23177,0.10585,0.13131,0.04248,0.085362,0.050721,0.031655
0.24661,0.19085,0.057282,0.10926,0.071345,0.11122,0.070986,0.061587,0.01848,0.06239
0.35166,0.081736,0.076473,0.047966,0.14555,0.11934,0.10966,0.031189,0.012569,0.023849
