0.030051,0.016399,0.06245,0.039578,0.072419,0.13489,0.19599,0.18989,0.16775,0.090594
0.039957,0.094735,0.061847,0.049953,0.10369,0.24829,0.14909,0.13456,0.045979,0.071895
0.08944,0.077585,0.091645,0.036558,0.11814,0.32718,0.036586,0.011606,0.10406,0.1072
0.21699,0.088378,0.083749,0.080858,0.14676,0.14318,0.090178,0.037476,0.042549,0.06988
0.15343,0.15065,0.069929,0.079449,0.060961,0.087623,0.069871,0.03478,0.034918,0.25839
0.053357,0.026117,0.020348,0.037402,0.20291,0.26925,0.19152,0.054007,0.049146,0.095937
0.014103,0.06638,0.034387,0.018779,0.039291,0.02335,0.069232,0.24179,0.16767,0.32502
0.18414,0.081195,0.026861,0.04499,0.051448,0.073213,0.012784,0.051435,0.17131,0.30263
0.029796,0.12846,0.047398,0.086056,0.21792,0.25075,0.077753,0.08969,0.047941,0.024234
0.039489,0.044632,0.049902,0.037469,0.05511,0.039482,0.020362,0.022551,0.083508,0.60749
0.54101,0.093204,0.046488,0.021401,0.073022,0.057776,0.052854,0.065464,0.01597,0.032813
0.5098,0.13373,0.055276,0.031616,0.078532,0.054434,0.05626,0.038246,0.022361,0.019749
0,0,0.0048603,0,0.0088529,0.008164,0.011029,0.045881,0.18503,0.73618
0.28428,0.28333,0.30375,0.083007,0.032678,0,0.0025752,0,0.0050507,0.0053308
0.2626,0.12529,0.12048,0.23173,0.061519,0.071022,0.040254,0.051136,0.0071505,0.028813
0.79391,0.071892,0.023267,0.015733,0.016401,0.011522,0.049158,0,0.0045587,0.013563
0.047585,0.069266,0.040319,0.11211,0.13065,0.23118,0.12442,0.18861,0.043307,0.012568
0.28726,0.24966,0.11195,0.047342,0.10605,0.030974,0.052455,0.036822,0.066732,0.010759
0.055326,0.7408,0.088864,0.088832,0.016946,0.00923,0,0,0,0
0.041491,0.069525,0.060511,0.059986,0.041411,0.052212,0.059799,0.073063,0.071147,0.47086
0.059115,0.07595,0.036358,0.043691,0.018818,0.01531,0.033776,0.039577,0.062108,0.6153
0,0.025336,0.0027736,0.011043,0.075237,0.020346,0.16909,0.12999,0.19939,0.3668
0.39688,0.23623,0.033708,0.024171,0.052578,0.030956,0.057808,0.018597,0.070436,0.078642
0.41461,0.16967,0.051993,0.055797,0.10136,0.092463,0.033482,0.024385,0.03432,0.021912
0.28447,0.24693,0.118,0.018827,0.012566,0.072926,0.073945,0.10399,0.036711,0.031631
0.0020734,0.013209,0.0040365,0.058463,0.0019372,0.011942,0.014214,0.063675,0.16452,0.66593
0.01906,0.015932,0.028304,0.01617,0.043116,0.065613,0.048408,0.02768,0.26856,0.46715
0.44519,0.24317,0.056026,0.061471,0.04406,0.093917,0.024362,0.011158,0.012455,0.0081844
0.86286,0.033915,0.0085724,0.025799,0.024298,0.015877,0.023739,0.0042188,0.00072439,0
0.058608,0.078223,0.14291,0.15358,0.27337,0.093871,0.046202,0.015433,0.030235,0.10757
0.62161,0.1175,0.036475,0.052764,0.038513,0.013197,0.026677,0.023997,0.035946,0.033322
0.041038,0.10303,0.44098,0.22092,0.086611,0.059544,0.0096053,0,0.0051166,0.033163
0.002022,0.063852,0.18068,0.12102,0.12057,0.16556,0.087981,0.14027,0.025424,0.092626
0.13966,0.016949,0.085514,0.032194,0.065791,0.050103,0.19354,0.11761,0.25924,0.039407
0.1211,0.19717,0.13404,0.053426,0.18423,0.21871,0.065177,0.023868,0.0016582,0.00062343
0.013124,0.0023603,0.046267,0.12476,0.048499,0.44868,0.21413,0.0092752,0.041143,0.051764
0.062252,0.070837,0.074147,0.15292,0.11903,0.24175,0.064521,0.0046622,0.095744,0.11413
0.036794,0.045888,0.095037,0.15279,0.14778,0.067807,0.043964,0.10324,0.25745,0.049249
0.021698,0.027953,0.10879,0.099551,0.064243,0.071238,0.099701,0.1955,0.21902,0.092298
0.07119,0.062723,0.034215,0.038242,0.064761,0.033838,0.088377,0.21779,0.23019,0.15867
0.039252,0.05949,0.28605,0.3417,0.088284,0.058359,0.0019034,0.021775,0.0077288,0.095464
0.060758,0.092002,0.14796,0.059639,0.071958,0.16284,0.070581,0.13553,0.098423,0.10031
0.14879,0.063561,0.079548,0.11906,0.17858,0.091469,0.12153,0.1141,0.049304,0.034065
0.036946,0.069172,0.02093,0.13678,0.046665,0.33194,0.33726,0.0083744,0.0077378,0.0041908
0.20613,0.18335,0.13487,0.25296,0.10534,0.063682,0.014931,0.029717,0.0090223,0
0.13841,0.3314,0.23077,0.070952,0.079861,0.068853,0.068496,0.006581,0,0.0046796
0.055039,0.12602,0.12803,0.19473,0.31523,0.13836,0.0036809,0.010931,0.000161,0.027826
0.045685,0.0080171,0,0.00039218,0.0026464,0.034375,0.046319,0.048338,0.20284,0.61139
0.25123,0.37013,0.21176,0.13267,0.011156,0.0058106,0.0046702,0,0.0088912,0.0036777
0.021319,0.069759,0.15797,0.1784,0.23843,0.12436,0.10861,0.030505,0.044262,0.026382
0.06022,0.068569,0.03005,0.042419,0.2168,0.17498,0.24222,0.084412,0.056773,0.023561
0.13827,0.051654,0.20869,0.32708,0.055755,0.12464,0.0026201,0.018553,0.025814,0.04692
0.010361,0.00085652,0.0039235,0,0.035428,0.022828,0.18861,0.21441,0.2752,0.24839
0.82864,0.083476,0.0196,0.0046102,0.0099274,0.037505,0.0042575,0.00129,0.0060455,0.0046449
0.0057308,0.029321,0.018643,0.012968,0.10109,0.023076,0.029663,0.021444,0.067091,0.69098
0.0080814,0.00093968,0.010083,0.028669,0.059896,0.046629,0.069668,0.18202,0.23617,0.35784
0.044514,0.017243,0.078748,0.23342,0.20756,0.13441,0.12846,0.040148,0.097195,0.018305
0.1065,0.071706,0.057265,0.1785,0.18199,0.13734,0.074071,0.073048,0.033327,0.086253
0.061723,0.11703,0.10003,0.080579,0.11556,0.14853,0.085175,0.036572,0.13229,0.1225
