0.062202,0.062224,0.20331,0.27634,0.13045,0.055425,0.094736,0.03409,0.045966,0.035253
0.13375,0.26217,0.12077,0.055251,0.022263,0.019156,0.02852,0.097235,0.13839,0.12248
0.064549,0.039907,0.05365,0.10446,0.073121,0.10647,0.080087,0.08077,0.17822,0.21876
0.063698,0.11419,0.12351,0.085083,0.10273,0.12715,0.1237,0.12854,0.067626,0.06378
0.012488,0.14057,0.086884,0.13188,0.063871,0.10661,0.1068,0.11814,0.17033,0.062416
0.003659,0.02853,0.033898,0.089552,0.12482,0.086679,0.059699,0.099091,0.29968,0.1744
0.013628,0.013456,0.022771,0.030784,0.011583,0.049988,0.028341,0.09974,0.38411,0.3456
0.0088237,0.0051373,0.034939,0.025839,0.051415,0.12845,0.33021,0.15405,0.097684,0.16345
0.0030297,0.048053,0.17844,0.11663,0.03004,0.0062654,0.0063231,0.0099201,0.014174,0.58713
0.0072051,0.060757,0.062523,0.19899,0.020995,0.010462,0.025279,0.013976,0.4474,0.15241
0.029645,0.045403,0.04472,0.0070878,0.019494,0.063594,0.19925,0.013474,0.058794,0.51854
0.0015638,0.054894,0.18711,0.099471,0.10296,0.050174,0.012996,0.025099,0.072213,0.39352
0,0,0,0.00122,0.00039994,0.0074377,0,0.060263,0.16576,0.76492
0.46951,0.25345,0.11331,0.08678,0.06465,0.0077417,0,0.0032964,0,0.0012653
0,0.00097933,0,0,0.00037174,0.0094764,0.0082574,0.0084431,0.6264,0.34608
0.0038146,0.00024449,0,0.0004299,0.00050577,0.0056501,0.0017013,0.11744,0.47828,0.39193
0.2947,0.11858,0.0008409,0.0070127,0.042555,0.22157,0.27772,0.025563,0.0065216,0.0049411
0.019483,0.75682,0.081841,0.0093992,0.00875,0.004295,0,0.11941,0,0
0.03346,0.00048863,0.267,0.087004,0.15871,0.046863,0.13007,0.19906,0.077342,0
0.024455,0.026452,0.042745,0.049281,0.034185,0.033671,0.0084833,0.53811,0.23803,0.00459
0.15588,0.10383,0.10942,0.071618,0.10715,0.030967,0.019008,0.10592,0.16926,0.12695
0.015858,0.044241,0.03642,0.034043,0.11195,0.24827,0.054731,0.060105,0.11448,0.27989
0.41535,0.099298,0.1001,0.078496,0.051831,0.022798,0.060418,0.036235,0.053807,0.081663
0.21067,0.18277,0.056983,0.044526,0.1377,0.026996,0.029539,0.03762,0.15707,0.11613
0.03389,0.053466,0.048841,0.08724,0.1749,0.14807,0.062532,0.12447,0.12845,0.13815
0.37756,0.15924,0.05659,0.090635,0.08636,0.12295,0.040753,0.041289,0.013704,0.010913
0.035331,0.0086886,0.10033,0.054471,0.14066,0.047458,0.25479,0.11427,0.16849,0.075514
0.12904,0.070793,0.099037,0.079208,0.1434,0.24503,0.061299,0.096678,0.064758,0.010756
0.010198,0.0018053,0.0034454,0.011018,0.029266,0.061159,0.10861,0.25923,0.33636,0.17891
0,0.027124,0.0052814,0.004518,0.13181,0.071037,0.16626,0.34248,0.061985,0.1895
0,0.025462,0.0013787,0,0.14546,0.027495,0.39011,0.16527,0.11191,0.13292
0.38408,0.084031,0.024036,0.020771,0.05625,0.056766,0.3035,0.050914,0.008205,0.011448
0,0.25352,0.4054,0.27636,0.034737,0.0078157,0.00062806,0.0044624,0.017086,0
0.030854,0.091272,0.12082,0.13161,0.052621,0.051859,0.10054,0.086139,0.16173,0.17255
0.051012,0.052788,0.039195,0.13817,0.16618,0.16347,0.13149,0.13763,0.073675,0.04639
0.095703,0.097948,0.036905,0.15423,0.07913,0.051764,0.15849,0.10783,0.07323,0.14478
0.035283,0.060304,0.10152,0.19644,0.23697,0.094923,0.097174,0.13514,0.036107,0.0061329
