0.11929,0.12902,0.19586,0.12069,0.12727,0.18892,0.10083,0.015257,0.00273,0.00012674
0.04352,0,0,0.097325,0.27506,0.44719,0.10672,0.0090308,0.021151,0
0.0033848,0.023791,0.040218,0.019397,0.13835,0.15254,0.3829,0.17804,0.033308,0.028066
0.033202,0.018402,0.062523,0.14059,0.1139,0.096678,0.1973,0.12594,0.10997,0.1015
0.013803,0.031276,0.075204,0.14174,0.17873,0.16143,0.17514,0.11321,0.078538,0.030937
0.10188,0.16383,0.096819,0.15505,0.13567,0.19906,0.085181,0.031214,0.023821,0.0074746
0.06972,0.12831,0.15652,0.15141,0.17155,0.11635,0.1268,0.023367,0.047,0.0089835
0.039151,0.10836,0.032559,0.051214,0.13032,0.20473,0.082214,0.077232,0.1441,0.13012
0.15518,0.07645,0.077056,0.034261,0.058402,0.14692,0.11529,0.19227,0.061495,0.082669
0.17599,0.06916,0.023557,0.034852,0.065345,0.025748,0.030742,0.32921,0.11903,0.12636
0.050968,0.062604,0.016144,0.10545,0.14118,0.18919,0.23475,0.16087,0.029837,0.0090074
0.011036,0.017652,0.033034,0.0072498,0.031488,0.1797,0.06739,0.046306,0.31637,0.28978
0.00042568,0,0.00044158,0.0026877,0.11408,0.0065554,0.0045099,0.0092163,0.034576,0.82751
0.043754,0.0017728,0,0.035833,0.08104,0.016143,0.014792,0.1666,0.33149,0.30858
0.040118,0.34613,0.37763,0.15941,0.030295,0.027904,0.012394,0,0,0.0061157
0.38337,0.53836,0.070566,0.0022925,0.00024406,0.0038597,0.0013083,0,0,0
0.13704,0.046927,0.027358,0.043964,0.025111,0.052505,0.19929,0.22295,0.10647,0.13839
0.057953,0.22164,0.4946,0.12146,0.019831,0.013237,0.0061546,0.0017874,0.013768,0.049565
0.15452,0.094019,0.073291,0.10694,0.077257,0.08793,0.041781,0.056422,0.091425,0.21642
0.10193,0.1035,0.10071,0.11508,0.10194,0.10394,0.13321,0.092717,0.10927,0.037706
0.12575,0.059329,0.094651,0.04177,0.091385,0.092354,0.081208,0.15497,0.12817,0.13041
0.033047,0.023535,0.019457,0.0071804,0.043025,0.046814,0.17629,0.10431,0.22245,0.32389
0.28792,0.1647,0.07497,0.1151,0.11062,0.083507,0.021497,0.018039,0.060629,0.063022
0.18175,0.25542,0.081534,0.12629,0.078503,0.15333,0.054972,0.018743,0.027827,0.021639
0.44668,0.35269,0.049364,0.024908,0.039512,0.081776,0.0037081,0,0.0013675,0
0.0055006,0.035395,0.0026658,0.006062,0.17725,0.068557,0.022345,0.14714,0.19425,0.34084
0.00051777,0.0020854,0.013279,0.10136,0.2769,0.11414,0.029297,0.093608,0.17025,0.19856
0.14247,0.19578,0.17358,0.049702,0.1012,0.08476,0.10445,0.11394,0.025408,0.0087078
0.020981,0.10114,0.17423,0.13643,0.40979,0.063685,0.032487,0.019894,0.00742,0.033929
0.064649,0.0090768,0.017055,0.031259,0.15244,0.095009,0.24552,0.14646,0.16251,0.076027
0.014539,0.054033,0.021453,0.039253,0.14194,0.10231,0.3567,0.15109,0.074201,0.044478
0.29698,0.10205,0.081228,0.16242,0.30599,0.01822,0.017485,0.0091551,0.0064708,0
0.12532,0.072755,0.10231,0.082001,0.076614,0.18108,0.14479,0.15588,0.013537,0.045714
0.21111,0.16511,0.146,0.12966,0.12206,0.068202,0.016807,0.091886,0.039504,0.0096678
0.18734,0.13623,0.069302,0.045599,0.041438,0.081101,0.12919,0.075168,0.11138,0.12326
0.13367,0.086333,0.072459,0.19201,0.14691,0.10369,0.055496,0.10689,0.059726,0.042811
0.16886,0.28269,0.10582,0.11319,0.097391,0.055281,0.042133,0.025398,0.040683,0.068557
0.082336,0.25027,0.088519,0.059312,0.119,0.075019,0.07894,0.10311,0.089664,0.05383
0.14317,0.10513,0.12694,0.14919,0.1764,0.051155,0.060461,0.055669,0.051362,0.080537
0.34678,0.037111,0.041798,0.058946,0.27143,0.15085,0.036829,0.028717,0.018823,0.0087176
0.041429,0.059668,0.072673,0.13375,0.15624,0.14755,0.089061,0.11249,0.11216,0.074981
0.027002,0.055959,0.12721,0.26993,0.19101,0.14877,0.045327,0.02879,0.020103,0.08591
0.055592,0.089514,0.20314,0.16671,0.19398,0.068142,0.16172,0.033371,0.013021,0.014798
