0.017942,0.2447,0.34446,0.093616,0.058379,0.046361,0.16564,0.025206,0.0022971,0.0014047
0.026184,0.039427,0.12257,0.16058,0.14653,0.17008,0.20098,0.037859,0.047019,0.048765
0.018059,0.047143,0.064857,0.056591,0.34899,0.31157,0.088129,0.047656,0.012459,0.0045437
0.0015382,0.087295,0.1308,0.067163,0.091071,0.29618,0.2561,0.046138,0.021058,0.002659
0.012353,0.022615,0.005252,0.026788,0.14135,0.11925,0.10744,0.093973,0.3652,0.10578
0.088247,0.048778,0.033809,0.43032,0.112,0.14453,0.026578,0.037267,0.035139,0.04333
0.10234,0.041351,0.070792,0.013976,0.082001,0.075133,0.066463,0.04313,0.083289,0.42153
0.013039,0.020304,0.087475,0.11999,0.12016,0.2265,0.097326,0.1071,0.083334,0.12478
0.064147,0.046759,0.072319,0.092748,0.15068,0.14012,0.15101,0.11272,0.099299,0.070199
0.0077666,0.087735,0.19494,0.24305,0.12041,0.09596,0.098661,0.10165,0.02092,0.028906
0.11995,0.047962,0.10198,0.11753,0.1976,0.20531,0.096138,0.065458,0.038065,0.010006
0.0087546,0.015853,0.08876,0.14563,0.27913,0.24944,0.07682,0.071432,0.042446,0.021739
0.081164,0.078224,0.033828,0.10319,0.17716,0.22917,0.10405,0.079857,0.066778,0.046587
0.026772,0.043839,0.044821,0.076706,0.1911,0.14294,0.1487,0.27558,0.0091691,0.040369
0.091677,0.072525,0.036377,0.03681,0.072916,0.14602,0.14345,0.097077,0.21754,0.085613
0.17761,0.14871,0.083856,0.053508,0.11337,0.063435,0.071045,0.054996,0.11124,0.12223
0.10937,0.068865,0.040473,0.068375,0.12373,0.17207,0.14429,0.11852,0.068709,0.085584
0.035841,0.024714,0.060226,0.031469,0.056769,0.025667,0.14251,0.28867,0.1893,0.14483
0.12826,0.070538,0.054251,0.054188,0.03144,0.031466,0.02611,0.33138,0.17766,0.094705
0.026612,0.053254,0.035213,0.047134,0.15867,0.055191,0.022988,0.06249,0.265,0.27345
0.041853,0.073755,0.018766,0.015098,0.08528,0.18084,0.15944,0.26626,0.1568,0.0019128
0.61402,0.19589,0.042658,0.014881,0.029857,0.018707,0.010073,0.05064,0.0071041,0.016171
0.010643,0.00069244,0.0011061,0.19276,0.035149,0.022303,0.036309,0.13328,0.18184,0.38592
0.070674,0.01718,0.045289,0.092708,0.049287,0.10951,0.10107,0.13104,0.15651,0.22673
0.0088663,0,0.0062581,0.015525,0.095419,0.035807,0.098836,0.34116,0.27705,0.12108
0.024544,0.012119,0.0044338,0.0063247,0.021469,0.13784,0.025332,0.022821,0.2743,0.47081
0.085895,0.4001,0.21988,0.13138,0.063709,0.018813,0.019818,0,0.017588,0.042808
0.014892,0.0028192,0.0018747,0.0046615,0.0050573,0.0060147,0.013782,0.063985,0.064174,0.82274
0.85725,0.061122,0.032013,0.032064,0.014668,0.0018063,0,0,0,0.0010722
0.023037,0.0019404,0.12731,0.2797,0.39304,0.11154,0.011293,0.029143,0.015537,0.0074574
0.0747,0.10738,0.15013,0.1334,0.17424,0.10097,0.059021,0.021491,0.065559,0.11311
0.25707,0.53717,0.12821,0.020099,0.033036,0.0071017,0.0013265,0.003314,0.0026528,0.010019
0.023186,0.0078228,0.026852,0.0296,0.038589,0.16913,0.11116,0.2535,0.24557,0.094593
0.16177,0.20358,0.12125,0.13221,0.19784,0.064075,0.065664,0.01555,0.023652,0.014424
0.56265,0.41666,0,0.0065945,0.0028334,0.011268,0,0,0,0
0.082602,0.029382,0.086255,0.11889,0.21598,0.27097,0.0062238,0.021776,0.06569,0.10224
0.20355,0.1194,0.052054,0.093642,0.02968,0.082068,0.025597,0.083248,0.084437,0.22632
0.084466,0.029703,0.11438,0.074923,0.092519,0.11587,0.14467,0.14178,0.097942,0.10374
0.1404,0.16792,0.042835,0.041138,0.11433,0.07258,0.11693,0.059135,0.17495,0.06978
0.3327,0.10118,0.1295,0.067651,0.025877,0.097225,0.017149,0.036475,0.06634,0.1259
0.13604,0.081359,0.029637,0.070243,0.042136,0.076557,0.16833,0.15553,0.081459,0.1587
0.12765,0.10203,0.044039,0.059712,0.093011,0.065811,0.061079,0.19279,0.076493,0.17738
0.016158,0.0315,0.044356,0.049575,0.036651,0.05399,0.10398,0.20883,0.25125,0.20371
0.20352,0.076367,0.071066,0.073093,0.11916,0.052133,0.077312,0.099739,0.13647,0.091144
0.13829,0.4729,0.1372,0.066038,0.033324,0.06967,0.041944,0.024954,0.012335,0.0033444
0.34786,0.14132,0.087743,0.099009,0.057106,0.062401,0.053514,0.025214,0.057058,0.068769
0.11589,0.17323,0.084598,0.078349,0.14452,0.12741,0.1205,0.031142,0.073879,0.05048
0.27875,0.080603,0.11786,0.031574,0.065777,0.26861,0.018082,0.037509,0.050382,0.050853
0.2989,0.51188,0.021598,0.02385,0.050712,0.073693,0.016672,0.0026883,0,0
0.434,0.15661,0.1005,0.084731,0.11659,0.081632,0.0061848,0.0014342,0.0037845,0.014535
0.0048613,0.043121,0.01863,0.040553,0.17632,0.10826,0.26132,0.07836,0.076022,0.19255
0.005057,0.025087,0.00084197,0.023989,0.081898,0.022877,0.0057746,0.041091,0.1549,0.63849
0,0.00065098,0.03905,0.015604,0.097259,0.21118,0.099248,0.048158,0.17806,0.3108
0.15742,0.30018,0.05366,0.053591,0.049252,0.12528,0.11004,0.092081,0.023522,0.034978
0.0060682,0.01312,0.00083723,0.0026955,0.027337,0.18938,0.17121,0.1666,0.21696,0.2058
0.16091,0.1778,0.14395,0.13888,0.20647,0.12199,0.0097998,0.036984,0.0032122,0
0.040266,0.024955,0.045484,0.027201,0.1019,0.28677,0.20479,0.12859,0.07454,0.065513
0.24303,0.49674,0.10215,0.03723,0.029239,0.048379,0.016036,0.021435,0.0021437,0.0036168
0.031243,0.052222,0.21915,0.1569,0.30607,0.20569,0.014046,0.01341,0.0012762,0
0.0038493,0.02517,0.0053788,0.00037065,0.084894,0.079008,0.17201,0.1234,0.31838,0.18753
0.13246,0.092274,0.10845,0.15927,0.4067,0.06045,0.0042442,0.031621,0.001707,0.0028236
0.020108,0.022884,0.014907,0.010358,0.035789,0.12494,0.20465,0.1336,0.29606,0.13671
0.089487,0.098974,0.14758,0.32358,0.22328,0.080793,0.0139,0.0027108,0.0043217,0.015365
0.038445,0.014033,0.12128,0.15132,0.39204,0.23868,0.020544,0.0051152,0.009055,0.0094897
0,0.0011428,0.022718,0.047838,0.05213,0.40856,0.29376,0.090478,0.078799,0.0045734
0.17699,0.11762,0.09769,0.041712,0.13725,0.11651,0.064877,0.16611,0.045073,0.036164
0.15645,0.26181,0.19291,0.074818,0.12621,0.054001,0.054725,0.066509,0.008148,0.0044192
0.18889,0.083956,0.10677,0.049191,0.046972,0.092175,0.05939,0.17341,0.086411,0.11283
0.021637,0.040244,0.14443,0.068359,0.065451,0.080394,0.11439,0.22025,0.1596,0.085245
0.15321,0.066117,0.1105,0.093685,0.079855,0.07583,0.11825,0.093275,0.098062,0.11121
0.096953,0.057108,0.10395,0.097708,0.13752,0.15744,0.045838,0.074162,0.068032,0.16129
0.17837,0.15653,0.12643,0.14469,0.1067,0.084155,0.053523,0.046996,0.049064,0.053546
0.086061,0.096945,0.39218,0.16954,0.10826,0.059526,0.032509,0.01517,0.030558,0.0092506
0.33608,0.14706,0.059756,0.095461,0.112,0.049411,0.011053,0.024193,0.070442,0.094549
0.11748,0.2561,0.2309,0.14241,0.05197,0.065534,0.043297,0.016517,0.050318,0.025467
0.14283,0.17381,0.093496,0.05524,0.067507,0.060208,0.046991,0.054409,0.11102,0.19449
0.18542,0.15877,0.05804,0.089495,0.14527,0.041742,0.018507,0.070349,0.11029,0.12212
0.17347,0.14013,0.2034,0.098726,0.18387,0.031305,0.034826,0.030369,0.051489,0.052412
0.34947,0.091266,0.037759,0.052966,0.22138,0.10133,0.042022,0.043923,0.039498,0.020386
0.62005,0.081815,0.040781,0.034533,0.14525,0.025928,0.031702,0.0050392,0.0061699,0.0087297
0.039819,0.035615,0.022028,0.15506,0.077092,0.21338,0.15645,0.15555,0.1217,0.023308
0.059371,0.066819,0.040858,0.086288,0.18229,0.12364,0.171,0.15954,0.084604,0.025581
0.026165,0.039806,0.10841,0.057513,0.29015,0.1812,0.095894,0.050597,0.045981,0.10429
0.06327,0.098217,0.37222,0.11752,0.16221,0.096337,0.056909,0.024519,0.0088049,0
0.020867,0.032118,0.061299,0.067864,0.27986,0.23507,0.2475,0.011451,0.028784,0.015184
0.047937,0.083403,0.20072,0.18824,0.17529,0.095349,0.092929,0.10225,0.0048616,0.0090159
0.030566,0.052427,0.095463,0.14835,0.21374,0.23262,0.12827,0.069469,0.023958,0.0051429
