0.034127,0.063513,0.077904,0.046041,0.12631,0.23431,0.17161,0.15345,0.049955,0.042788
0.15095,0.076325,0.067875,0.096856,0.13899,0.14304,0.14886,0.09686,0.051435,0.028808
0.11383,0.060953,0.15409,0.17072,0.1763,0.17667,0.096168,0.023035,0.024629,0.0036082
0.014946,0.028634,0.053776,0.10948,0.26022,0.13398,0.17922,0.15388,0.034092,0.031767
0.0099489,0.0020297,0.067121,0.11769,0.23429,0.21565,0.047002,0.068421,0.11322,0.12463
0.09886,0.092223,0.017661,0.12636,0.38086,0.10414,0.077452,0.037874,0.020786,0.043789
0.00769,0.008816,0.037835,0.18812,0.27434,0.19554,0.20631,0.028711,0.038676,0.013958
0.00091466,0.02054,0.19998,0.069209,0.19209,0.19338,0.04788,0.057761,0.1256,0.092646
0.049333,0.096225,0.10487,0.077662,0.11033,0.11061,0.05204,0.10113,0.2016,0.096195
0.016545,0.18068,0.24208,0.072803,0.018981,0.028489,0.0075892,0.21259,0.19181,0.02843
0.065792,0.037434,0.070418,0.24182,0.11418,0.07154,0.10327,0.19007,0.065341,0.040139
0.026981,0.055247,0.11086,0.083078,0.10033,0.12725,0.21144,0.1505,0.099817,0.034487
0.10307,0.12222,0.030625,0.099495,0.1634,0.18453,0.097881,0.039843,0.078516,0.080429
0.12069,0.081184,0.13542,0.12304,0.15521,0.16585,0.067711,0.034432,0.042243,0.07422
0.085498,0.080783,0.063026,0.067152,0.23003,0.21296,0.14022,0.056324,0.036775,0.02723
0.0091614,0.025532,0.011956,0.1457,0.50842,0.19406,0.052764,0.011572,0.01094,0.029889
0.1961,0.050917,0.015051,0.036801,0.060154,0.15218,0.17132,0.12337,0.10157,0.092533
0.12017,0.080338,0.27749,0.21038,0.22819,0.046655,0.019376,0.0089723,0.0084231,0
0.077722,0.027192,0.009366,0.0065593,0.013545,0.031306,0.011894,0.031175,0.059863,0.73138
0.16955,0.37457,0.077298,0.044606,0.15587,0.045707,0.020071,0.030151,0.050455,0.031729
0.18948,0.011134,0.031231,0.0028557,0.025213,0.065771,0.1134,0.07218,0.15608,0.33266
0.18041,0.054849,0.030742,0.032284,0.19989,0.056362,0.056718,0.071742,0.12254,0.19446
0.046012,0.11634,0.038542,0.034864,0.19042,0.16227,0.18284,0.18151,0.026145,0.021054
0.17485,0.07808,0.1818,0.053773,0.073823,0.061694,0.066524,0.060196,0.084613,0.16465
0.070077,0.10039,0.33698,0.052645,0.043262,0.04899,0.026246,0.013446,0.019907,0.28806
0.43388,0.076785,0.03106,0.037529,0.049485,0.070038,0.058962,0.029032,0.045019,0.16821
0.3245,0.19397,0.11528,0.028639,0.082192,0.051985,0.025091,0.030661,0.077187,0.070491
0.3394,0.23466,0.050878,0.064025,0.083959,0.062764,0.078317,0.019602,0.031564,0.034824
0.33668,0.1963,0.14008,0.040988,0.037463,0.0071717,0.015572,0.046254,0.033646,0.14585
0.20675,0.23853,0.16014,0.02914,0.06866,0.056451,0.06333,0.075475,0.025712,0.075816
0.035035,0.22239,0.42132,0.090028,0.073349,0.05765,0.022578,0.01012,0.022804,0.044723
0.065776,0.034138,0.030923,0.09952,0.28885,0.22018,0.081089,0.024087,0.054678,0.10076
0.015089,0.0079305,0.0045932,0.032937,0.055338,0.057442,0.09272,0.46593,0.17282,0.0952
0,0.0092082,0.0099919,0.11004,0.062501,0.16048,0.27378,0.094593,0.10971,0.1697
0.042506,0.018523,0.03807,0.0047289,0.099999,0.13186,0.24512,0.33395,0.058566,0.026673
0.040373,0.025608,0.032415,0.065918,0.069163,0.22598,0.084967,0.061078,0.12518,0.26932
0.0164,0.060212,0.017142,0.059846,0.41211,0.38459,0.01394,0.029984,0.0057778,0
0,0.0011766,0.011723,0.0079467,0.023643,0.14117,0.21272,0.18802,0.37552,0.038083
0.37819,0.13298,0.059645,0.1666,0.14905,0.069689,0.006579,0.0054584,0.0082379,0.023572
0.013497,0.0065577,0.061945,0.043032,0.07219,0.19955,0.010687,0.01372,0.063059,0.51576
0.033278,0.49394,0.23743,0.028702,0.11097,0.041395,0.026735,0.0084079,0.019134,0
0,0.0020332,0.040236,0.09371,0.20903,0.14321,0.092548,0.10013,0.24736,0.071742
0.05431,0,0.013109,0.033867,0.22826,0.28104,0.3642,0.0090614,0.0042561,0.011897
0.025961,0.0042405,0.062397,0.0056001,0.13345,0.33507,0.37567,0.024987,0.012285,0.020342
0.0009477,0.0020229,0.029165,0.028508,0.14963,0.064256,0.011256,0.069099,0.16572,0.47939
0.0013375,0.01061,0.11578,0.27547,0.18497,0.20636,0.15786,0.018801,0.028823,0
0.060296,0.29301,0.15264,0.20947,0.10959,0.090608,0.056371,0.013337,0.0021643,0.012515
0,0.0017172,0.0014703,0.078544,0.16423,0.12707,0.095841,0.14603,0.2108,0.1743
0.3002,0.17191,0.11656,0.21378,0.062761,0.07659,0.029279,0.0057454,0.0058036,0.017369
0.0095198,0,0.037107,0.060821,0.080265,0.24158,0.026414,0.045629,0.069005,0.42965
0.01757,0.018151,0.05573,0.38031,0.35494,0.12561,0.0079432,0.016022,0.010292,0.013435
0.030276,0.023305,0.0089453,0.14661,0.013765,0.084714,0.18922,0.40826,0.063505,0.031395
0.0067772,0.003526,0.0044934,0.09744,0.29206,0.31341,0.14053,0.014515,0.025516,0.10174
0.40006,0.026424,0.031462,0.056318,0.30283,0.15013,0.0010957,0.021903,0.004022,0.0057533
0.077008,0.23794,0.20424,0.28936,0.052118,0.065272,0.039036,0.01072,0.018833,0.0054687
0.0038493,0.014218,0.013786,0.074374,0.08682,0.33537,0.088793,0.285,0.054096,0.043703
0.0083655,0.0047029,0.00057496,0.00067151,0.0029533,0.0047564,0.027516,0.04545,0.28754,0.61747
0.019414,0.086106,0.20328,0.22057,0.24684,0.10487,0.031047,0.0066931,0.017942,0.06324
0.03487,0.042246,0.076615,0.063009,0.13332,0.26649,0.074348,0.18528,0.063121,0.060701
0.018752,0.048518,0.053928,0.0021615,0.082269,0.046633,0.14245,0.11565,0.081373,0.40827
0.037407,0.0022108,0.013325,0.14603,0.19081,0.44738,0.11878,0.025013,0.0092438,0.0098128
0.031216,0.043965,0.013569,0.046956,0.25618,0.3417,0.11358,0.017741,0.011144,0.12395
0.026841,0.024072,0.057352,0.11223,0.27355,0.2599,0.076683,0.04732,0.053266,0.068788
