0,0.014176,0.0069586,0.01303,0.10536,0.18549,0.28402,0.26803,0.037328,0.085603
0.009935,0.0085597,0.006246,0.018941,0.047555,0.33007,0.46519,0.10102,0.0056062,0.0068764
0.0014431,0,0.0072103,0.077504,0.048895,0.46138,0.34804,0.049298,0.0052033,0.0010257
0.0009764,0.016245,0.024971,0.049882,0.32163,0.21612,0.053385,0.30236,0.0078517,0.0065747
0.019643,0.14658,0.16875,0.28839,0.15674,0.094172,0.01982,0.0094837,0.0042738,0.092145
0.030766,0.037131,0.0094484,0.069818,0.23521,0.33852,0.071872,0.051674,0.11444,0.041127
0.089611,0.67228,0.065119,0.038194,0.065228,0.022418,0.034396,0.0073643,0.0026651,0.0027209
0.086992,0.08541,0.028283,0.016424,0.027074,0.15389,0.093998,0.11255,0.24154,0.15384
0.053319,0.02062,0.031776,0.042812,0.062348,0.1072,0.23734,0.32355,0.046397,0.074633
0.003441,0.0068576,0.0069812,0.091956,0.020624,0.22611,0.16963,0.13753,0.32157,0.015296
0.098427,0.082148,0.023644,0.11813,0.098115,0.17141,0.046242,0.046993,0.073885,0.24101
0.0077375,0.003003,0.073441,0.21517,0.14405,0.37768,0.11138,0.0098053,0.030349,0.027384
0.19011,0.13479,0.10989,0.15327,0.18997,0.055442,0.062321,0.066217,0.0064356,0.031564
0.04489,0.020836,0.047032,0.15263,0.084428,0.32147,0.17318,0.047153,0.077043,0.03134
0.07535,0.094431,0.07884,0.093682,0.15866,0.17642,0.06502,0.087821,0.085007,0.08477
0.02724,0.050249,0.087267,0.084722,0.12086,0.17942,0.17641,0.092931,0.093551,0.087342
0.085892,0.09752,0.11662,0.14558,0.13151,0.12372,0.061514,0.13256,0.076518,0.028564
0.014016,0.016792,0.12789,0.015206,0.15661,0.097605,0.022304,0.051461,0.16075,0.33736
0.052449,0.066132,0.083951,0.035648,0.10727,0.089831,0.037837,0.1578,0.17483,0.19425
0.062476,0.1283,0.16573,0.14354,0.057678,0.09914,0.070994,0.10631,0.085931,0.079903
0.064088,0.063046,0.078192,0.1365,0.12866,0.095205,0.12031,0.10122,0.077466,0.13531
0.078589,0.066659,0.08276,0.096675,0.1308,0.19764,0.1488,0.085007,0.05514,0.057926
0.28841,0.35051,0.087701,0.03692,0.026767,0.064276,0.030281,0.006263,0.045456,0.063412
0.49289,0.31902,0.066511,0.024809,0.021033,0.026984,0.027659,0.016548,0,0.0045502
0.22013,0.073601,0.043598,0.0073226,0.022608,0.029594,0.091678,0.058865,0.20142,0.25118
0.064718,0.13498,0.099872,0.053005,0.043375,0.050707,0.096008,0.080623,0.078491,0.29822
0.18999,0.046898,0.091193,0.030733,0.062142,0.06157,0.024642,0.19119,0.18861,0.11302
0.10727,0.055816,0.1003,0.10804,0.11578,0.12727,0.16268,0.096123,0.079849,0.046871
0.061026,0.092377,0.074377,0.080578,0.042305,0.05567,0.055494,0.071809,0.12081,0.34556
0.17485,0.14397,0.068165,0.027135,0.053533,0.054774,0.036003,0.064025,0.14376,0.23379
0.22105,0.04785,0.032965,0.060762,0.08051,0.11905,0.15878,0.080706,0.16304,0.035276
0.21135,0.20603,0.177,0.082414,0.10153,0.09275,0.03749,0.031522,0.042147,0.017768
0.11862,0.088339,0.051207,0.061798,0.035025,0.12878,0.081973,0.052246,0.16073,0.22129
0.28716,0.16652,0.082726,0.035693,0.03979,0.027363,0.036025,0.061142,0.072576,0.191
0.13757,0.065688,0.051972,0.11729,0.059434,0.11863,0.11206,0.094595,0.11884,0.12393
