0.011657,0.011057,0.0021947,0.010052,0.057552,0.24806,0.46068,0.1738,0.018796,0.006153
0.0083874,0.0037141,0.0016924,0.029337,0.15562,0.38974,0.33273,0.059952,0.012246,0.006582
0.032871,0.030459,0.58159,0.14341,0.10596,0.019204,0.031606,0.0021385,0.0064328,0.046328
0.094165,0.1486,0.1061,0.11251,0.064313,0.067279,0.050741,0.070062,0.14671,0.13951
0.049871,0.015499,0.0269,0.025981,0.045328,0.069286,0.045446,0.015742,0.32848,0.37747
0.012172,0.008607,0.0057159,0.059921,0.27133,0.50029,0.090287,0.020443,0.0033976,0.027837
0.063335,0.032288,0.13262,0.026547,0.16003,0.29385,0.093962,0.065049,0.077808,0.05452
0.042932,0.080043,0.054559,0.06284,0.21055,0.1626,0.10791,0.13156,0.076966,0.070032
0.12825,0.085949,0.06002,0.097346,0.13443,0.15319,0.087646,0.13689,0.044742,0.071532
0.10266,0.10734,0.15214,0.15746,0.11056,0.070683,0.064033,0.03104,0.091933,0.11215
0.062687,0.054626,0.09551,0.089005,0.21662,0.13326,0.063822,0.058889,0.061433,0.16415
0.49003,0.28062,0.054552,0.026646,0.036739,0.01826,0.0019035,0.039319,0.025216,0.026716
0.1199,0.067063,0.11633,0.031333,0.031295,0.063583,0.085317,0.07182,0.12409,0.28927
0.066624,0.09948,0.10876,0.068973,0.091457,0.14211,0.048561,0.058569,0.14744,0.16802
0.092955,0.06985,0.13162,0.080958,0.044747,0.12223,0.072277,0.081429,0.07057,0.23336
0.18639,0.13546,0.089032,0.12074,0.17115,0.11458,0.094213,0.035023,0.032963,0.020447
0.14908,0.074653,0.072472,0.082056,0.079828,0.10692,0.057254,0.065676,0.1303,0.18177
