0.013652,0.37827,0.52132,0.040589,0.012446,0.0098295,0.00029759,0.0067828,0.00642,0.010394
0.062773,0.24532,0.11581,0.06555,0.13531,0.18824,0.10961,0.028532,0.033538,0.015308
0.0024762,0.0039552,0.0013904,0.001935,0.0016055,0.023489,0.0015485,0.018381,0.041689,0.90353
0.043403,0.020039,0.010884,0.0022346,0.016825,0.1705,0.12271,0.2067,0.33015,0.076554
0,0.0091712,0.023678,0.017396,0.073511,0.15936,0.14174,0.15615,0.27158,0.14742
0.0077465,0.0016998,0.076468,0.4463,0.15498,0.028468,0.030544,0.051934,0.18843,0.01343
0.12864,0.065617,0.13335,0.081584,0.1358,0.0097932,0.13168,0.16192,0.10691,0.0447
0.050265,0.034344,0.21327,0.1406,0.043237,0.053917,0.055686,0.16355,0.21561,0.029513
0.019917,0.069007,0.016908,0.33312,0.10575,0.21968,0.03883,0.12896,0.030456,0.037374
0.074757,0.358,0.45268,0.042867,0.030517,0.026564,0.012649,0.001961,0,0
0,0,0,0,0.0019189,0.006816,0.56882,0.17614,0.16173,0.084569
0,0.0032356,0.0074378,0.0069698,0.019674,0.050418,0.60948,0.2672,0.021152,0.014436
0.07577,0.065718,0.13692,0.23832,0.17934,0.058528,0.031264,0.027915,0.071958,0.11426
0.027486,0.029154,0.11436,0.075492,0.25219,0.089734,0.04872,0.10843,0.15405,0.10037
0.096061,0.040492,0.038637,0.045606,0.10172,0.12271,0.23834,0.25335,0.04004,0.02304
0.016263,0.027087,0.035718,0.047889,0.026764,0.06626,0.055321,0.16876,0.46959,0.086352
0.026137,0.073839,0.15976,0.22125,0.19386,0.075012,0.12138,0.025943,0.044683,0.058138
0.0098514,0.0067404,0.020609,0.41283,0.16295,0.23519,0.071312,0.027512,0.023176,0.02983
0.00040186,0.00128,0.0061433,0.21744,0.29937,0.1452,0.041242,0.16847,0.058026,0.062423
