0.029156,0.031646,0.077815,0.063109,0.16402,0.12706,0.24982,0.10489,0.061104,0.091379
0.066823,0.023648,0.14409,0.05729,0.084278,0.27813,0.14756,0.09494,0.063584,0.039655
0.057621,0.05405,0.1016,0.096528,0.15818,0.26107,0.22897,0.0357,0.0035003,0.0027766
0.0070147,0.021329,0.013525,0.08913,0.14355,0.19309,0.26401,0.19662,0.02672,0.04501
0.12795,0.019823,0.064023,0.026735,0.01909,0.091243,0.071925,0.059015,0.16445,0.35575
0.029343,0.024061,0.012273,0.044573,0.05549,0.098872,0.55667,0.075749,0.071989,0.030978
0.028871,0.039328,0.054771,0.046454,0.10975,0.42957,0.091001,0.034182,0.065884,0.10019
0.02909,0.051477,0.14453,0.29817,0.24299,0.11727,0.050158,0.023597,0.025774,0.016943
0.037648,0.029173,0.11795,0.35388,0.16344,0.095094,0.11329,0.081868,0.0033575,0.0043079
0.045109,0.16043,0.22601,0.33163,0.12596,0.064911,0.01609,0.014692,0.015172,0
0.060042,0.066462,0.39788,0.15166,0.14866,0.060634,0.043347,0.025012,0.0039595,0.042337
0.017002,0.0079041,0.13308,0.042528,0.078734,0.098833,0.25151,0.0927,0.080619,0.19709
0.041857,0.096039,0.039288,0.025455,0.017975,0.031838,0.025791,0.16966,0.26322,0.28888
0.10322,0.43454,0.19531,0.02259,0.035483,0.014671,0.003518,0.0090168,0.031551,0.15011
0.26869,0.21136,0.10953,0.07018,0.099033,0.048381,0.056334,0.10999,0.020955,0.0055391
0.36696,0.1025,0.035291,0,0.016796,0.024392,0.032304,0.019567,0.1064,0.2958
0.020954,0.079806,0.41271,0.30824,0.04741,0.038119,0.012214,0.0066652,0.0050456,0.068837
0.51885,0.081519,0.003132,0.0018919,0.0093967,0.021538,0.10195,0.24231,0.0089091,0.010508
0.0010933,0.027467,0.016204,0.009916,0.01495,0.15008,0.033176,0.07457,0.16564,0.50691
0.0041265,0.0036723,0.0045023,0,0.033258,0.18435,0.13722,0.17878,0.059778,0.39432
0.00080851,0,0.0037087,0.10301,0.094685,0.26549,0.40489,0.12143,0.0031355,0.002837
0.51689,0.025863,0.24512,0.081938,0.018096,0.038321,0.051149,0.017008,0.00075658,0.0048579
0.028863,0.50567,0.051327,0.14478,0.13715,0.041402,0.079416,0.0095072,0.0011213,0.00075904
0.61588,0.035768,0.01198,0,0,0.0049039,0,0.12119,0.11979,0.090493
0,0,0.0035964,0.0090563,0.047695,0.017457,0.017172,0.31513,0.38292,0.20697
0.007079,0.0023425,0.023772,0.044724,0.034271,0.0271,0.051927,0.30544,0.23693,0.26641
0.012435,0.015294,0.0038575,0.060781,0.074105,0.050316,0.025135,0.38952,0.31601,0.052552
0.0020275,0.0096947,0.0023463,0.0014445,0.0024105,0.060683,0.031761,0.37465,0.36272,0.15226
0.044763,0.011052,0.019517,0.011252,0.014128,0.063453,0.047013,0.070513,0.082179,0.63613
0.20522,0.28621,0.047481,0.017275,0.01932,0.011216,0.01481,0.049073,0.20763,0.14176
0.083235,0.024712,0.032021,0.076437,0.040102,0.042839,0.049762,0.042527,0.16847,0.4399
0,0.0080051,0,0.025037,0.16686,0.36482,0.29215,0.041438,0.054202,0.047485
0,0.00080143,0,0,0,0,0,0.0035961,0.049824,0.94578
0.010033,0.046255,0,0.040872,0,0.004435,0,0.20951,0.56454,0.12435
0,0.0028487,0,0.00066628,0.0075608,0.11156,0.43234,0.10319,0.14314,0.1987
0.027165,0.030361,0.28398,0.17662,0.074423,0.057471,0.077974,0.15084,0.10119,0.019981
0.068686,0.20495,0.054708,0.033449,0.025129,0.021984,0.0054861,0.28223,0.20619,0.097189
0.088778,0.14784,0.25117,0.067297,0.056818,0.053789,0.063472,0.042979,0.055714,0.17214
0.0017796,0.0015892,0.01435,0.011732,0.026719,0.12697,0.54191,0.20434,0.038227,0.032385
0,0.0048556,0.002004,0.034915,0.0081322,0.0014407,0.045228,0.12813,0.24044,0.53485
0.024681,0.0035803,0.03596,0.0084568,0.0038316,0.0043178,0.037393,0.043057,0.26984,0.56889
0.0056383,0.01354,0.16337,0.08516,0.12298,0.19389,0.17945,0.18087,0.038488,0.016615
0.38528,0.34387,0.038186,0.096926,0.043632,0.010047,0,0.019218,0.0088809,0.053965
0.038945,0.072611,0.33893,0.28381,0.076382,0.029398,0.030078,0.014317,0.081049,0.034482
0.32909,0.16936,0.14565,0.085621,0.070415,0.024929,0.035824,0.024465,0.031021,0.083624
0.057535,0.12953,0.096566,0.25371,0.19772,0.099477,0.055495,0.015242,0.052135,0.042592
0.047908,0,0.0052287,0.064394,0.091615,0.19567,0.51943,0.035986,0.020999,0.018772
0.10562,0.010291,0.073214,0.15915,0.28134,0.25566,0.10528,0.0062401,0.0032174,0
0,0,0,0,0.0062613,0.022541,0.011092,0.18146,0.30515,0.4735
0.13692,0.17503,0.25487,0.18483,0.13596,0.020005,0.01387,0.0074345,0.014585,0.056507
0.013776,0.010169,0.037757,0.19319,0.22918,0.23352,0.080746,0.018635,0.051575,0.13145
0.0059597,0.083877,0.0011626,0.0012663,0.00073103,0.011105,0.23956,0.10185,0.36725,0.18723
0.1294,0.34626,0.44034,0.036751,0.047245,0,0,0,0,0
0.19741,0.1863,0.21431,0.096292,0.088145,0.018204,0.030656,0.13684,0.010458,0.021382
0.0096841,0.15285,0.44227,0.11537,0.15075,0.029563,0.011649,0.079593,0.0082722,0
0.026799,0.35726,0.17735,0.0086981,0.20708,0.022429,0.020458,0.037613,0.013443,0.12887
0.011175,0.063222,0.0049085,0.0030931,0.15968,0.086835,0.18605,0.19413,0.20298,0.087924
0.0038243,0.0044636,0,0,0.010911,0.02517,0.19365,0.24665,0.32503,0.19031
0.00095773,0,0,0.060813,0.26602,0.13604,0.31271,0.10582,0.075315,0.042313
0.036933,0.018487,0.0085538,0.028131,0.060349,0.11594,0.099168,0.0342,0.32187,0.27637
0.025801,0.041608,0.021874,0.023564,0.0012628,0.0080928,0.025292,0.34084,0.46532,0.04634
0.0027063,0,0.0042671,0.00058795,0,0,0.020039,0.30741,0.20819,0.4568
0.019184,0.029818,0.25621,0.237,0.12271,0.10225,0.02446,0.041267,0.081633,0.085473
0.27273,0.39097,0.14865,0.068802,0.035615,0.011766,0.0078084,0.033467,0.0059116,0.024272
0.1538,0.30507,0.13081,0.19567,0.054939,0.011069,0.0044062,0.013707,0.093323,0.037213
0.080989,0.16308,0.25872,0.15055,0.075986,0.090568,0.043889,0.011086,0.049843,0.075288
0.21397,0.21807,0.12953,0.34733,0.03642,0.0093087,0.0098997,0.021937,0.0081099,0.0054165
0.21029,0.17,0.15884,0.1209,0.13209,0.034082,0.017443,0.073757,0.079279,0.003322
0.00081491,0,0.013599,0.018669,0,0.1856,0.3637,0.24385,0.061015,0.11275
0.00017535,0.014347,0.002781,0.00021812,0.038381,0.13212,0.17747,0.075869,0.33465,0.22398
0.010845,0.0076293,0.029231,0.043304,0.032391,0.028281,0.086815,0.41182,0.24729,0.10239
0.24683,0.32049,0.073628,0.040277,0.052503,0.073473,0.035798,0.060287,0.065707,0.031008
0.14812,0.15532,0.24738,0.11445,0.04241,0.10631,0.068545,0.014509,0.04708,0.055873
0.07226,0.063729,0.010612,0.011944,0.036991,0.012754,0.031799,0.17657,0.20561,0.37774
0.091334,0.05794,0.022606,0.0050928,0,0.031177,0.12189,0.148,0.2068,0.31517
0.10772,0.011702,0.014298,0.0022724,0.04776,0.18427,0.12681,0.15403,0.21855,0.13258
0.071107,0.29435,0.57423,0.012703,0.010614,0,0.002086,0.0053228,0.0065419,0.023048
0.081505,0.042006,0.035265,0.20704,0.56041,0.0068681,0,0.0016434,0.0032393,0.062024
0.19553,0.36781,0.24344,0.072645,0.074626,0.015218,0.011957,0.018781,0,0
0.26127,0.16496,0.3414,0.076843,0.039597,0.030829,0.0020226,0.012262,0.035766,0.035055
0.40988,0.44023,0.054521,0.013839,0.045488,0.016164,0.0035197,0.0023859,0,0.013975
0.0059458,0.0029015,0.045646,0.012129,0.006162,0.12427,0.33657,0.31715,0.087207,0.062019
0.0036295,0,0,0.0050925,0.10143,0.40594,0.45095,0.023098,0.0098552,0
