0.020306,0,0,0,0.00048227,0,0.0066197,0.0042723,0.42618,0.54214
0.021351,0.15365,0.0057623,0.0050146,0.0052637,0.10004,0.16208,0.32017,0.14927,0.077401
0.13043,0.17007,0.11205,0.064305,0.13084,0.06275,0.13337,0.015872,0.0103,0.16999
0.014246,0.068317,0.019805,0.040955,0.028585,0.22483,0.10345,0.25726,0.14397,0.098582
0.010975,0.0018733,0.012143,0.014502,0.0028016,0.012796,0.020372,0.40567,0.32559,0.19328
0,0,0,0,0.0080311,0.040023,0.063322,0.23324,0.42299,0.23239
0.018848,0.051447,0.0041297,0.012868,0.036393,0.096381,0.21572,0.21167,0.24811,0.10443
0.0031202,0.0056486,0.17781,0.3457,0.21967,0.022143,0.073275,0.03907,0.092114,0.021452
0.25086,0.21412,0.18166,0.10751,0.14498,0.011055,0.0199,0.020876,0.0053382,0.043689
0.026329,0.0038592,0.053149,0.13103,0.18761,0.21919,0.16355,0.11365,0.054807,0.046818
0.040672,0.030336,0.059087,0.24832,0.19872,0.18977,0.17391,0.039335,0.0097232,0.01013
0.068508,0.023487,0.04892,0.20254,0.16024,0.08399,0.11942,0.15845,0.06146,0.072992
0.010698,0.012261,0.010325,0.097695,0.15795,0.084326,0.07753,0.25532,0.19295,0.10095
0.072622,0.05163,0.16052,0.23902,0.11661,0.089359,0.061698,0.13789,0.045455,0.025198
0.043544,0.10851,0.053987,0.11966,0.15121,0.18909,0.1549,0.11489,0.034019,0.030196
0.014345,0.046025,0.034526,0.17187,0.14847,0.2518,0.2194,0.10393,0.0036925,0.005946
0.033821,0.060724,0.057436,0.08892,0.19218,0.25098,0.19363,0.08515,0.027223,0.0099444
0.02797,0.1112,0.17791,0.1204,0.066947,0.187,0.23817,0.046209,0.01273,0.011457
0.026915,0.071968,0.10211,0.22747,0.338,0.11107,0.05686,0.052971,0.0085712,0.0040662
0.12187,0.059783,0.11211,0.23112,0.20122,0.13048,0.046566,0.027377,0.047068,0.022401
0.0022525,0.017283,0.035856,0.088145,0.097268,0.12086,0.066602,0.047689,0.19329,0.33076
0.12796,0.026165,0.030529,0.02098,0.023819,0.04932,0.060123,0.31046,0.167,0.18364
0.076899,0.1085,0.38089,0.12922,0.15745,0.031813,0.037989,0.0047075,0.018107,0.054418
0.016123,0.090985,0.090565,0.010096,0.038797,0.10249,0.13629,0.12019,0.18939,0.20507
0.028848,0.051848,0.013366,0.018116,0.020067,0.032928,0.088093,0.076365,0.10759,0.56278
0.07064,0.04897,0.024337,0.037055,0.33592,0.17924,0.25733,0.027584,0.018206,0.00071655
0.42428,0.14581,0.096615,0.048073,0.036712,0.1306,0.024619,0.044706,0.0065729,0.042014
0.010527,0.036434,0.054909,0.013393,0.10643,0.21381,0.20711,0.11592,0.092558,0.1489
0.34045,0.10711,0.065718,0.059942,0.085941,0.065692,0.07176,0.046199,0.033162,0.12402
0.21675,0.19473,0.014186,0.010411,0.01153,0.046907,0.0807,0.028607,0.089418,0.30676
0.011571,0.024101,0.017657,0.10575,0.038163,0.14698,0.095663,0.1402,0.2445,0.17541
0.0029716,0,0.0018586,0.0016724,0.0018146,0.0007079,0.10178,0.072939,0.46027,0.35598
0.0054212,0,0.01343,0.01682,0.097834,0.18147,0.37935,0.19267,0.093164,0.019837
0,0,0.0052778,0.042987,0.21323,0.21813,0.21831,0.11685,0.036578,0.14864
0.028294,0.062304,0.026863,0.087258,0.070634,0.044156,0.038824,0.10788,0.18623,0.34756
0,0.008983,0.023068,0.18016,0.081452,0.39908,0.18483,0.11074,0.009571,0.0021229
0,0,0,0.020951,0.0093542,0.12098,0.22731,0.3777,0.094305,0.1494
0,0.0031031,0.00047931,0.00653,0.041095,0.14175,0.10186,0.29642,0.17791,0.23085
0.077184,8.2834e-05,0.0052266,0.016504,0.037309,0.075688,0.023689,0.1453,0.23962,0.37939
0.0058146,0.052255,0.01898,0.0095276,0.016618,0.0074819,0.055774,0.23228,0.4567,0.14457
0.1616,0.030366,0.036986,0,0,0.0011466,0.0043631,0.0081563,0.085961,0.67143
0,0.0075383,0.0058778,0.027017,0.064984,0.84126,0.048358,0.0021525,0.0028126,0
0,0.0046434,0.0020336,0.028407,0.017353,0.011511,0.093053,0.11097,0.17393,0.5581
0.4225,0.13086,0.096514,0.10716,0.061522,0.094839,0.036921,0.020676,0.0097108,0.019296
0.096404,0.085765,0.16135,0.26172,0.15018,0.092577,0.019205,0.012923,0.03032,0.089562
0.10496,0.30105,0.22122,0.13856,0.1385,0.039485,0.014966,0.022457,0.011199,0.0076025
0.06772,0.10478,0.081586,0.067273,0.093343,0.19943,0.14665,0.16062,0.068352,0.010248
0.15179,0.26779,0.23641,0.044523,0.07317,0.041785,0.070598,0.055906,0.044534,0.013504
0.018064,0.052206,0.091724,0.097353,0.044607,0.075064,0.043462,0.053512,0.090147,0.43386
0.16035,0.0086152,0.058723,0.052634,0.34197,0.093386,0.081053,0.060914,0.067448,0.074909
0.012301,0.014962,0.039781,0.063004,0.077883,0.11054,0.25167,0.27547,0.11875,0.035646
0.23554,0.1653,0.054127,0.086614,0.082785,0.01642,0.028058,0.062581,0.20535,0.063226
0.024274,0.12705,0.061576,0.0033018,0.018785,0.06368,0.12205,0.42352,0.14884,0.0069278
0.028548,0.0093414,0.02283,0.030958,0.071138,0.2142,0.32637,0.11856,0.070283,0.10777
0.29952,0.31042,0.051939,0.037007,0.25076,0.023472,0.016668,0,0.0094014,0.00081314
0.28788,0.19994,0.032092,0.012756,0.19415,0.060363,0.067814,0.044218,0.096821,0.0039741
0.045901,0.015979,0.017779,0.13124,0.14703,0.51144,0.082757,0.01893,0.006318,0.022624
0.0042443,0.016571,0.0056429,0.051397,0.18736,0.012761,0.10669,0.27122,0.2544,0.089705
0.017753,0.020453,0.034881,0.12535,0.11211,0.15032,0.22714,0.1603,0.092456,0.059241
0.010766,0.043735,0.042384,0.057535,0.045471,0.069958,0.19283,0.23562,0.12865,0.17305
0.00094377,0.021773,0.032377,0.060027,0.07618,0.041508,0.063158,0.13471,0.35153,0.21779
0.42945,0.074012,0.015853,0.042926,0.13631,0.032626,0.11679,0.024708,0.018666,0.10866
0.030037,0.012665,0.023885,0.008052,0.0090495,0.034924,0.26224,0.47484,0.099806,0.044511
0.042872,0.060624,0.18953,0.35777,0.20164,0.072333,0.043703,0.022572,0.0089634,0
0.017712,0.035224,0.2828,0.18407,0.30513,0.15736,0.0013507,0.0077489,0.0076146,0.00098903
0.11924,0.030532,0.03217,0.13597,0.41376,0.16106,0.037997,0.020752,0.029963,0.018561
0.052567,0.14815,0.04662,0.045021,0.037917,0.09317,0.19236,0.21023,0.15266,0.021307
0.060704,0.16221,0.34384,0.15946,0.11246,0.01087,0,0.097879,0.043056,0.0095209
0.089305,0.17003,0.28131,0.28336,0.085623,0.0076409,0.052066,0.0011973,0.0040517,0.025418
0.0017218,0.0012081,0.0102,0.0068201,0.021152,0.11127,0.27539,0.15569,0.17633,0.24021
0.10147,0.026712,0.092706,0.2057,0.090868,0.24482,0.15228,0.077972,0.0037769,0.003696
0.12764,0.12647,0.5587,0.061669,0.01894,0.0027756,0.0043896,0.059892,0.0074586,0.032069
0.1652,0.019545,0.0046477,0.031265,0.03716,0.24155,0.31375,0.1293,0.018912,0.038667
0.0053552,0.024332,0.11012,0.070172,0.13539,0.12527,0.093965,0.023096,0.15691,0.25539
0.015981,0,0.0069007,0.055973,0.12794,0.086763,0.16307,0.29743,0.14305,0.10289
0.069141,0.039373,0.10679,0.1725,0.27733,0.21885,0.0081122,0.0069938,0.060719,0.040199
0.44169,0.15383,0.091247,0.07586,0.060512,0.018073,0.042812,0.030001,0.0056648,0.08031
0.026341,0.027868,0.18785,0.48654,0.082796,0.12502,0.0090605,0.034934,0.01552,0.0040743
0.0085468,0,0.089999,0.14946,0.33701,0.14172,0.041917,0.12831,0.091392,0.011646
0.01014,0.11597,0.13916,0.13909,0.061611,0.061466,0.0676,0.088987,0.14534,0.17064
0.3278,0.45045,0.025645,0.014662,0.028416,0.059937,0.0033595,0.017546,0.047455,0.024728
0.12301,0.1229,0.14529,0.24205,0.1872,0.082139,0.035089,0.025268,0.016819,0.020235
0.14713,0.085093,0.16276,0.22747,0.18395,0.11463,0.023951,0.011325,0.022932,0.020759
0.0085153,0.059704,0.042305,0.38598,0.26108,0.10776,0.032812,0.031501,0.021622,0.048722
0.021707,0.0080402,0.049864,0.018123,0.13865,0.14567,0.14997,0.044455,0.12152,0.30201
0.031878,0.045948,0.045201,0.010828,0.026935,0.052493,0.072331,0.23794,0.44486,0.031592
0,0.0005038,0.043134,0.0064034,0.016198,0.3527,0.24231,0.19934,0.044541,0.094869
0.085455,0.068583,0.065382,0.33294,0.27502,0.021151,0.058764,0.0099583,0.0090531,0.073693
0.41386,0.046418,0.057176,0.31551,0.15039,0.0099381,0.002136,0.0045733,0,0
0.29743,0.21465,0.2286,0.19923,0.038263,0.0098431,0.0011949,0.0017578,0.0090301,0
0.17036,0.26519,0.46752,0.051513,0.035709,0.0068493,0.0028665,0,0,0
0.081715,0.2786,0.42511,0.068796,0.025443,0.0022601,0.017089,0.014301,0.052312,0.034373
0.051872,0.073777,0.12389,0.2741,0.18765,0.029352,0.041414,0.016997,0.061268,0.13968
0.025991,0.018654,0.033567,0.047356,0.24002,0.23702,0.10066,0.071414,0.074384,0.15093
0.067036,0.026389,0.024423,0.015114,0.064047,0.25667,0.13255,0.10922,0.18329,0.12126
