0.042371,0.011562,0.042309,0,0,0.0021439,0.0050438,0.025312,0.61481,0.25645
0.02656,0.028553,0.042474,0.026088,0.073357,0.28566,0.28161,0.16272,0.0022288,0.070752
0.021638,0.0024024,0.0087292,0.0070657,0.011536,0.0066777,0.017082,0.4006,0.35526,0.169
0.023736,0.047274,0.011575,0.016777,0.022991,0.14535,0.18036,0.039726,0.24187,0.27034
0.030846,0.0071013,0.064854,0.15856,0.09481,0.11408,0.097071,0.1506,0.14383,0.13825
0.074774,0.050376,0.12688,0.096976,0.11333,0.17271,0.18575,0.1144,0.017968,0.046829
0.043045,0.025814,0.01862,0.070316,0.17066,0.070941,0.13593,0.18499,0.18144,0.098242
0.054144,0.021119,0.05321,0.096762,0.20029,0.20868,0.096831,0.16771,0.065999,0.03526
0.11449,0.097511,0.048221,0.12003,0.1969,0.19955,0.12239,0.049293,0.018475,0.033139
0.066982,0.066773,0.1595,0.30091,0.2053,0.086819,0.060058,0.029002,0.015753,0.0088988
0.036051,0.030043,0.01352,0.069788,0.10041,0.11691,0.15369,0.12649,0.17146,0.18164
0.15729,0.12603,0.1128,0.15847,0.11527,0.06842,0.11274,0.045278,0.047342,0.05636
0.086672,0.049662,0.030884,0.028221,0.040644,0.085121,0.11496,0.21644,0.27636,0.071037
0.058169,0.52829,0.083886,0.1235,0.03997,0.083432,0.023999,0.012016,0.016555,0.030181
0.40177,0.09577,0.095269,0.015726,0.056153,0.02404,0.030816,0.04141,0.084844,0.1542
0,0,0.0066333,0.019478,0.0018116,0.039746,0.16493,0.13874,0.33748,0.29118
0.004337,0.0032584,0.0056156,0.010199,0.1076,0.2268,0.30189,0.1577,0.17045,0.012149
0,0.016046,0.082769,0.11587,0.084075,0.089918,0.3314,0.17209,0.1024,0.0054287
0,0,0.018106,0.0017616,0.033017,0.12802,0.090402,0.32995,0.16141,0.23733
0.0022563,0,0.0023874,0.017595,0,0.048118,0.0050553,0.057551,0.26533,0.60171
0.11385,0.023632,0.0035252,0.010346,0.0026099,0.0051303,0.14596,0.61868,0.069192,0.0070785
0.093268,0.00039993,0.02,0.011568,0.052213,0.047561,0.29954,0.13786,0.15903,0.17856
0.023003,0.15547,0.11308,0.34787,0.16355,0.096592,0.027711,0.021907,0.03418,0.016642
0.12472,0.1467,0.063774,0.10113,0.10433,0.15547,0.16829,0.077161,0.053611,0.0048111
0.031002,0.10957,0.032587,0.010105,0.041155,0.2097,0.067174,0.068718,0.22308,0.20691
0.17164,0.060681,0.033773,0.022483,0.057045,0.10642,0.08618,0.12669,0.075185,0.2599
0.014964,0.11519,0.11913,0.015422,0.0052752,0.046469,0.0051883,0.055333,0.3881,0.23492
0.2973,0.26231,0.09758,0.090506,0.15203,0.02203,0.025147,0.011452,0.037231,0.0044127
0.0085488,0.026195,0.0032091,0.056564,0.13535,0.018423,0.07794,0.44281,0.12618,0.10479
0,0.03619,0.02057,0.10336,0.034732,0.086388,0.15384,0.28033,0.040438,0.24415
0.015673,0.12715,0.016631,0.0304,0.077476,0.073107,0.19613,0.099868,0.093849,0.26972
0.028626,0.037338,0.021407,0.026575,0.10664,0.51481,0.22223,0.016062,0.024646,0.0016619
0.075995,0.2433,0.15657,0.16694,0.13701,0.13093,0.033896,0.012968,0.032812,0.0095858
0.14188,0.44769,0.047802,0.064435,0.11436,0.0057589,0.015964,0.047643,0.086499,0.027967
0.0096501,0.014098,0.050575,0.038023,0.075306,0.14389,0.13947,0.18144,0.18893,0.15862
0.39271,0.19192,0.04848,0.13684,0.064659,0.066889,0.026515,0.028648,0.024458,0.018889
0.055836,0.078392,0.026406,0.048251,0.0083042,0.039761,0.051166,0.10582,0.26592,0.32014
0,0,0.0052711,0.12229,0.16213,0.13786,0.29268,0.26582,0.013948,0
0.11467,0.24546,0.49196,0.059417,0.009599,0.017125,0.013242,0.018952,0.012692,0.016881
0.012046,0.0036034,0.12888,0.2149,0.10908,0.11496,0.068517,0.025578,0.16457,0.15787
0.099799,0.23675,0.15685,0.22118,0.082182,0.053774,0.05511,0.017245,0.042175,0.034935
0.17197,0.13434,0.12383,0.19673,0.20448,0.089488,0.006383,0.020829,0.040571,0.011379
0.057288,0.0012237,0.05842,0.13004,0.018447,0.13615,0.16969,0.10287,0.051908,0.27396
0,0.078466,0.0059543,0.023159,0.093606,0.27194,0.12339,0.021613,0.076928,0.30494
0.42603,0.03706,0.14066,0.29132,0.07956,0.017385,0.0048529,0.0031371,0,0
0.11172,0.24304,0.22657,0.036729,0.044846,0.11731,0.064449,0.044728,0.028833,0.081771
0.012139,0.024411,0.065071,0.10088,0.16893,0.17202,0.13965,0.12836,0.077084,0.11146
