0.060188,0.22395,0.27575,0.050568,0.018966,0.033529,0.022705,0.06022,0.10706,0.14707
0.031716,0.058372,0.017473,0.014025,0.038973,0.037746,0.039922,0.072036,0.55289,0.13684
0.016002,0.06438,0.68856,0.070964,0.066184,0.010552,0.013445,0.020288,0.031958,0.017664
0.010199,0.057342,0.055828,0.40932,0.29098,0.084494,0.021943,0.016598,0.014316,0.038984
0.13038,0.098636,0.19795,0.096117,0.078931,0.15969,0.15211,0.056627,0.026877,0.0026836
0.025148,0.011264,0.0078441,0.0025634,0.014787,0.026423,0.035672,0.023081,0.27684,0.57638
0.0084534,0.32865,0.14437,0.14296,0.10132,0.037119,0.04207,0.037249,0.05037,0.10744
0.011856,0.022609,0.0005345,0.03076,0.043949,0.0057357,0.26161,0.2088,0.30881,0.10534
0.024915,0.024599,0.020364,0.097597,0.49158,0.25052,0.06218,0.024884,0.002964,0.00039696
0.027098,0.017626,0.099459,0.14101,0.0512,0.46606,0.15023,0.0078777,0.020228,0.019214
0.39039,0.089138,0.091969,0.11975,0.060098,0.050231,0.032051,0.0091632,0.007249,0.14996
0.0017556,0.081316,0.26684,0.21402,0.21814,0.19071,0.008341,0.0082575,0.0024469,0.0081758
0.20316,0.10678,0.035926,0.033098,0.092099,0.044769,0.21839,0.069308,0.18093,0.015535
0.15744,0.23994,0.080662,0.06741,0.11146,0.10648,0.063097,0.033551,0.076306,0.063654
0.015251,0.011999,0.051301,0.044876,0.049739,0.034196,0.045991,0.097231,0.54233,0.10708
0.089325,0.075407,0.088763,0.098192,0.12427,0.28291,0.058954,0.088646,0.070031,0.023498
0.13081,0.080819,0.055824,0.088691,0.1806,0.16828,0.11345,0.029057,0.10283,0.049651
0.033854,0.034952,0.051577,0.061905,0.082891,0.22179,0.16472,0.095568,0.13178,0.12097
0.016772,0.058908,0.12892,0.13253,0.15601,0.15063,0.085381,0.095077,0.087029,0.088746
0.03525,0.039955,0.097114,0.17356,0.26783,0.16973,0.074527,0.061745,0.034565,0.045723
0.0030489,0.017328,0.068848,0.25614,0.19111,0.25306,0.10238,0.061188,0.035304,0.011593
0.021659,0.067113,0.083546,0.12568,0.20618,0.10983,0.13755,0.11239,0.048356,0.087687
0.015964,0.041217,0.0084255,0.11498,0.079271,0.24158,0.18705,0.13559,0.092951,0.082965
0.052081,0.040184,0.028342,0.049323,0.33548,0.10365,0.18787,0.16362,0.030976,0.0084769
0.030662,0.023605,0.065244,0.10283,0.064967,0.057275,0.090104,0.18821,0.18269,0.19442
0.082773,0.052275,0.03739,0.13227,0.091742,0.27065,0.2464,0.060108,0.021997,0.0043908
0.059258,0.028231,0.055117,0.092737,0.15701,0.16158,0.22989,0.11205,0.065165,0.038964
0.039152,0.047003,0.09274,0.059484,0.29014,0.2299,0.179,0.043185,0.0075044,0.011892
0.016979,0.022787,0.043972,0.21878,0.16844,0.41898,0.058655,0.037477,0.0092822,0.0046491
0.0095103,0.11002,0.048493,0.060853,0.19316,0.23842,0.14782,0.055331,0.062852,0.073541
0.0098972,0.074529,0.32439,0.1656,0.089689,0.11057,0.07623,0.053155,0.055087,0.040855
0.010247,0.037041,0.013909,0.16983,0.27602,0.27502,0.041235,0.029523,0.045753,0.10143
0.029272,0.10294,0.21904,0.25223,0.12631,0.069514,0.058539,0.0081553,0.078197,0.055803
0.16092,0.40036,0.046044,0.043164,0.043822,0.068484,0.034338,0.07813,0.058199,0.066541
0.2544,0.28223,0.073678,0.036012,0.11099,0.11514,0.059463,0.048152,0.012525,0.0074126
0.096241,0.14533,0.20099,0.091416,0.17913,0.16607,0.060219,0.040455,0.012039,0.0081071
0.085918,0.088602,0.029473,0.18991,0.087615,0.12636,0.12534,0.17636,0.05596,0.034462
0.086756,0.052288,0.13862,0.13719,0.071141,0.12783,0.090746,0.10785,0.13157,0.056016
0.22068,0.1185,0.16493,0.076453,0.078681,0.14963,0.03028,0.042357,0.018108,0.10038
0.061914,0.25324,0.2803,0.094626,0.070294,0.16181,0.030224,0.011533,0.034451,0.0016037
0.010751,0.0023124,0.012983,0.13918,0.16182,0.087383,0.22902,0.27548,0.054867,0.0262
0.012601,0.012132,0.0067978,0.089038,0.072312,0.1382,0.4947,0.10927,0.033322,0.03163
0.50985,0.16721,0.21689,0.015276,0.050101,0.024839,0.01526,0.00057653,0,0
