0.004637,0.001276,0,0.084519,0.020498,0.03115,0.094639,0.22327,0.20495,0.33507
0.14791,0.10286,0.16014,0.037349,0.039415,0.11443,0.14629,0.005329,0.0037375,0.24254
0.00842,0.023625,0.063203,0.063112,0.12403,0.21363,0.26238,0.09511,0.095365,0.05112
0.021516,0.058991,0.12019,0.2109,0.15671,0.1369,0.10551,0.082089,0.037681,0.069511
0.019871,0.021381,0.058968,0.10557,0.27286,0.18367,0.095677,0.059987,0.095835,0.086179
0.014541,0.020398,0.04029,0.097935,0.40037,0.24283,0.089299,0.060002,0.018107,0.016234
0.041101,0.025129,0.11511,0.23702,0.16442,0.18239,0.1442,0.030783,0.04917,0.010672
0.046301,0.042239,0.16242,0.18297,0.20963,0.072991,0.076045,0.06209,0.1174,0.027905
0.010801,0.048326,0.020103,0.19343,0.22161,0.2518,0.08254,0.092037,0.054938,0.024413
0.127,0.049165,0.064508,0.088042,0.12411,0.20938,0.21985,0.066913,0.035737,0.015297
0.009525,0.012775,0.015896,0.052862,0.086864,0.11896,0.10164,0.24064,0.29386,0.066987
0.011068,0,0.0077149,0.053282,0.04432,0.10994,0.081217,0.22098,0.25041,0.22107
0.044522,0.11478,0.087018,0.06982,0.064178,0.093433,0.039346,0.16724,0.17461,0.14506
0.0024658,0.018121,0.082355,0.0051691,0.0057717,0.008018,0.079437,0.4073,0.21338,0.17798
0.086018,0.0784,0.098755,0.16729,0.095914,0.033618,0.014423,0.10229,0.23095,0.092336
0.0031516,0.044414,0.015747,0.021921,0.042474,0.27938,0.22294,0.15402,0.17849,0.037463
0.0020617,0.0024153,0.012584,0.039573,0.28768,0.46194,0.059812,0.12797,0.0059674,0
0.045413,0.048977,0.30297,0.17649,0.053249,0.17601,0.091876,0.030693,0.052634,0.021678
0.3,0.05934,0.038042,0.063556,0.1705,0.076121,0.13085,0.047797,0.027576,0.086219
0.039437,0.04586,0.025007,0.075155,0.10042,0.15164,0.15722,0.19613,0.13205,0.077079
0.038136,0.027037,0.028184,0.052773,0.09039,0.2284,0.099052,0.06857,0.14166,0.22579
0.078289,0.071221,0.13536,0.13907,0.29668,0.12689,0.037964,0.048012,0.030242,0.036271
0.019508,0.032925,0.040171,0.13665,0.26547,0.28574,0.070085,0.086137,0.030373,0.032939
0.0567,0.076503,0.090669,0.20157,0.13132,0.18941,0.089432,0.046264,0.064735,0.053398
0.023304,0.021163,0.038801,0.10546,0.19087,0.28891,0.2119,0.055488,0.026565,0.037542
0.017464,0.09166,0.11187,0.19167,0.31393,0.11824,0.049083,0.020441,0.040068,0.045574
0.016133,0.064617,0.073237,0.11244,0.27349,0.30075,0.097387,0.019886,0.006983,0.035078
0.019264,0.015288,0.054785,0.2143,0.31459,0.18571,0.079096,0.020457,0.03066,0.06584
0.030573,0.017763,0.026619,0.15115,0.25117,0.13177,0.091259,0.18393,0.083003,0.032754
0.0041319,0.02015,0.029258,0.032644,0.21727,0.11497,0.21365,0.088364,0.16026,0.1193
0.030371,0.033691,0.06103,0.027377,0.047168,0.033386,0.13225,0.21415,0.21601,0.20457
0.034987,0.034492,0.023881,0.045418,0.12296,0.13138,0.13615,0.11666,0.12455,0.22952
0.012732,0.0098426,0.014661,0.043665,0.041305,0.10392,0.23581,0.24399,0.13002,0.16406
0.17393,0.074134,0.069283,0.18711,0.16434,0.078531,0.062612,0.037799,0.041059,0.11121
0.020747,0.024748,0.018985,0.11094,0.3596,0.26789,0.058608,0.067414,0.022097,0.048981
0.054683,0.0095444,0.033432,0.084596,0.11306,0.49618,0.16055,0.018907,0.019364,0.0096842
0.031624,0.034417,0.029435,0.090444,0.20455,0.045686,0.16133,0.18992,0.097157,0.11545
0.10489,0.047364,0.049354,0.14736,0.15729,0.086664,0.098498,0.06763,0.05912,0.18183
0.041292,0.066142,0.03374,0.091704,0.10242,0.19516,0.25971,0.090795,0.044224,0.074811
0.03796,0.10713,0.073888,0.081639,0.15859,0.21116,0.082314,0.036169,0.084364,0.12679
0.052014,0.13255,0.094343,0.073482,0.1498,0.046366,0.058406,0.034106,0.041052,0.31789
0.069821,0.037115,0.030324,0.04045,0.064148,0.1352,0.099429,0.1819,0.13983,0.20178
0.051961,0.11672,0.050322,0.076388,0.11027,0.1111,0.10212,0.056486,0.1262,0.19844
0.018063,0.0055769,0.019572,0.022252,0.10343,0.12234,0.071998,0.087074,0.17502,0.37468
0.0037164,0.01424,0.048565,0.082296,0.24167,0.12382,0.052816,0.043788,0.19361,0.19548
0.0373,0.1523,0.3527,0.072384,0.12968,0.043878,0.011359,0.060748,0.0095979,0.13005
0.0039602,0.0039146,0.0033917,0.027015,0.02773,0.076547,0.026749,0.025945,0.38015,0.42459
0.027854,0.058542,0.015607,0.047726,0.059401,0.2997,0.41051,0.036214,0.026399,0.018054
0.39856,0.046349,0.06155,0.066046,0.13472,0.22894,0.022237,0.0077125,0.023942,0.0099388
0.42246,0.11645,0.043193,0.086351,0.10664,0.088916,0.018623,0.046102,0.024907,0.046355
0.32825,0.067792,0.13281,0.19474,0.035791,0.085375,0.049242,0.028188,0.036064,0.041746
0.12497,0.25543,0.12618,0.12884,0.10884,0.046371,0.015749,0.034044,0.070302,0.089281
0.24667,0.18738,0.37245,0.029594,0.04943,0.015542,0.028532,0.0087471,0.0012864,0.060372
0.052173,0.048009,0.060343,0.048185,0.037844,0.27785,0.20271,0.08825,0.10722,0.07742
0.14837,0.077108,0.012558,0.02407,0.092347,0.01469,0.039737,0.061917,0.1018,0.4274
0.086339,0.030298,0.0098587,0.02838,0,0.018597,0.034134,0.026613,0.051122,0.71466
0.038659,0.18061,0.035465,0.39931,0.11895,0.13442,0.038904,0.043157,0.010517,0
0.0052154,0.0092151,0.067701,0.02162,0.00050486,0.0042706,0.0099332,0.067067,0.15973,0.65474
0.035896,0.07948,0.10865,0.052988,0.092382,0.29781,0.23576,0.076399,0.016917,0.0037229
0.1275,0.23873,0.14955,0.1244,0.044861,0.040383,0.0028232,0.0055035,0.17308,0.093169
0.041815,0.10324,0.036346,0.047806,0.0045318,0.30364,0.16725,0.2698,0.013357,0.012212
0,0.0048114,0.02441,0.007595,0.0033245,0.16042,0.45923,0.269,0.045292,0.02591
0.87233,0.0096069,0.015427,0.001246,0.0022432,0.033096,0.0051059,0.0011088,0.056605,0.0032318
0.00054879,0.015514,0.0035907,0.057864,0.0022885,0.15982,0.024189,0.012401,0.41575,0.30803
0.024343,0.049974,0.076729,0.020621,0.035923,0.11403,0.25173,0.11391,0.21265,0.10009
0.02009,0.041131,0.21913,0.14408,0.16371,0.10168,0.028797,0.066447,0.10874,0.1062
0.062044,0.33579,0.16267,0.081813,0.070343,0.085461,0.075746,0.090778,0.030195,0.005159
0.04583,0.0061749,0.02792,0.040377,0.07714,0.059106,0.048034,0.16798,0.24553,0.28191
0.033501,0.015138,0.044506,0.012674,0.063182,0.050932,0.040489,0.25349,0.3893,0.096779
0.094584,0.125,0.023503,0.12476,0.095057,0.22536,0.13223,0.069639,0.050286,0.059572
0.027291,0.016822,0.17794,0.25622,0.23247,0.11332,0.076185,0.03217,0.014305,0.053284
0.16026,0.12465,0.10194,0.10033,0.12908,0.07102,0.037846,0.037765,0.085921,0.15119
0.052324,0.049986,0.045449,0.08683,0.36346,0.28656,0.064572,0.021974,0.013857,0.014996
0.0070361,0.065939,0.089652,0.11653,0.19344,0.23918,0.16619,0.049636,0.042563,0.029829
0.016716,0.050874,0.035693,0.05249,0.029771,0.0031489,0.053681,0.027444,0.21243,0.51775
0.014245,0.0073336,0.0020116,0.013221,0.065017,0.14498,0.37361,0.27482,0.083379,0.021389
0.2106,0.11281,0.12834,0.14621,0.12942,0.11976,0.037442,0.047335,0.049688,0.018402
0.22139,0.22273,0.083563,0.081652,0.14834,0.035921,0.01454,0.05356,0.088117,0.050188
0.067917,0.1374,0.12499,0.081441,0.093189,0.035775,0.032102,0.078249,0.098985,0.24996
0.072881,0.064025,0.041041,0.04942,0.10003,0.3902,0.094165,0.080224,0.071249,0.03676
0.13288,0.15448,0.10498,0.050863,0.037001,0.054187,0.17059,0.12374,0.098457,0.072815
0.076684,0.21463,0.074188,0.02193,0.039327,0.11797,0.037722,0.02439,0.054819,0.33834
0.088671,0.22834,0.068129,0.14953,0.11676,0.079696,0.042402,0.027615,0.043041,0.15581
0.18111,0.063987,0.085311,0.034891,0.02429,0.050513,0.083833,0.13658,0.1948,0.1447
0.055485,0.062194,0.040856,0.022008,0.073513,0.1367,0.10737,0.10372,0.1033,0.29485
0.10435,0.064319,0.06393,0.033203,0.1295,0.084845,0.10663,0.06157,0.078574,0.27308
0.10793,0.022213,0.070951,0.03441,0.041052,0.13123,0.063792,0.063348,0.26435,0.20072
0.048814,0.01384,0.030406,0.024115,0.06219,0.071275,0.079771,0.14274,0.25183,0.27502
0.056934,0.10154,0.16078,0.22834,0.15624,0.047976,0.10274,0.049061,0.0077078,0.088685
0.0071121,0.0017116,0.0079282,0.10397,0.06819,0.16462,0.29827,0.13995,0.06875,0.13949
0.418,0.053073,0.1204,0.16863,0.055038,0.047384,0.039192,0.033776,0.023988,0.040516
0.41836,0.08594,0.1022,0.15857,0.097815,0.055917,0.034911,0.0089517,0.024071,0.013263
0.18819,0.19695,0.12488,0.15586,0.11069,0.075275,0.02342,0.02384,0.028665,0.072231
0.017659,0.17285,0.11022,0.050072,0.1219,0.13746,0.14534,0.084896,0.04883,0.11077
0.080653,0.10465,0.017514,0.082758,0.11015,0.074554,0.059508,0.074742,0.29635,0.099124
0.098236,0.050907,0.044933,0.069809,0.23699,0.23943,0.21118,0.01205,0.020373,0.016093
0.051335,0.11276,0.013751,0.039484,0.058617,0.10579,0.097784,0.26376,0.22296,0.033756
0.099953,0.12776,0.074806,0.079375,0.13735,0.061799,0.16336,0.19163,0.036459,0.027513
0.06106,0.22176,0.072685,0.00070821,0.0098116,0.0035705,0.0046999,0.0084186,0.10576,0.51153
0.24544,0.2721,0.030834,0.029053,0.021605,0.13977,0.012324,0.055113,0.093477,0.10029
0.056697,0.20461,0.38999,0.20362,0.010204,0.05266,0.056414,0.0038907,0.0088798,0.013042
0.016348,0.015967,0,0.0013998,0.0011066,0.0044176,0.0035134,0.076736,0.63668,0.24383
0,0.0026002,0.11755,0.003053,0.0090427,0.0027888,0.0053924,0.05237,0.80039,0.0068107
0.14673,0.22428,0.24115,0.17573,0.023936,0.021403,0.0024566,0.0011615,0.030652,0.1325
0,0.033515,0,0.00086855,0.0058541,0.00066264,0.021666,0.11986,0.35217,0.4654
0.11707,0.018701,0,0.08289,0.4333,0.17937,0.15423,0.01301,0.0014345,0
0.013363,0.054377,0.025185,0.1441,0.10729,0.027629,0.081746,0.35742,0.11814,0.070754
0.081259,0.23613,0.070042,0.10695,0.055203,0.0027722,0.0036794,0.070464,0.24599,0.12751
0,0.0015355,0.042989,0.028009,0.083933,0.10087,0.091159,0.077274,0.2431,0.33113
0.0040877,0.016753,0.021281,0.066074,0.040929,0.083256,0.069688,0.17486,0.29531,0.22776
0.00021245,0.0021985,0.0019827,0.00062065,0.0035312,0.050126,0.031693,0.20998,0.41919,0.28047
0.036517,0.0041555,0,0.0022089,0.28521,0.60162,0.066717,0.0035751,0,0
0.18407,0.41795,0.1704,0.087644,0.073169,0.014036,0.013736,0.010711,0.022381,0.0059014
0.002889,0.0045049,0.00090386,0.0036723,0.0034817,0.022477,0.54204,0.11591,0.15822,0.1459
0.020358,0.026357,0.034251,0.12795,0.15781,0.19974,0.11246,0.05075,0.089317,0.181
0.053136,0.019728,0.01083,0.16909,0.12402,0.081221,0.016503,0.039458,0.23592,0.25009
0,0,0.023695,0.020832,0.047706,0.16353,0.56818,0.093607,0.061254,0.021191
0.013815,0.006493,0.11142,0.06172,0.24718,0.47693,0.040477,0.029142,0.012827,0
0.0091176,0.0029422,0.0019804,0.0073434,0.023256,0.14318,0.5931,0.026124,0.16671,0.026245
0.0065343,0.0023907,0.0055113,0.0080142,0.0029096,0.011005,0.050356,0.18681,0.16676,0.55971
0.11349,0.14739,0.37069,0.10971,0.1691,0.044737,0.0073811,0.011568,0.01256,0.013372
0.019824,0.014471,0.089139,0.2447,0.2222,0.18661,0.065754,0.090525,0.0046123,0.062157
0.015308,0.16096,0.24997,0.05697,0.203,0.017088,0.083519,0.20129,0.0072942,0.0046144
0,0,0.0067045,0,0.010142,0.31226,0.27978,0.36134,0.018498,0.011272
0,0,0,0.0068776,0.028519,0.28631,0.5036,0.1747,0,0
0.04252,0.0009272,0,0,0.00025183,0.010973,0.10502,0.14491,0.25506,0.44034
0.013755,0.06669,0.043365,0.06501,0.157,0.015861,0.050079,0.34377,0.2137,0.030777
0.0074497,0.073717,0.47629,0.1114,0.12197,0.19102,0.014492,0.0031289,0.00053285,0
0.052971,0.061092,0.057296,0.14255,0.051431,0.0099654,0.016234,0.19639,0.1858,0.22628
0.0045111,0.018977,0.009098,0.039062,0.13489,0.2023,0.14914,0.2123,0.12788,0.10185
0.0026819,0.0026859,0.011016,0.091127,0.45666,0.32276,0.093309,0.0076802,0.0064725,0.0056085
0.094874,0.33006,0.09987,0.022763,0.20779,0.18933,0.036292,0.0065019,0.0011923,0.011325
0.037025,0.017142,0.028983,0.096567,0.15076,0.29172,0.17772,0.097283,0.060089,0.042709
0.0091345,0.027943,0.019172,0.21194,0.09398,0.33025,0.047004,0.11167,0.1307,0.018217
0.050657,0.027974,0.096987,0.16633,0.081383,0.29243,0.06209,0.067539,0.14623,0.008378
0.062255,0.073494,0.10078,0.083114,0.18707,0.054637,0.086976,0.24156,0.10477,0.0053309
0.15907,0.13026,0.020884,0.031134,0.061625,0.087267,0.12749,0.1134,0.18584,0.083024
0.021053,0.044126,0.11807,0.040828,0.12304,0.16726,0.089355,0.052881,0.092529,0.25086
0.097,0.10047,0.03376,0.051929,0.078605,0.11749,0.18737,0.16139,0.13922,0.032764
0.030544,0.041882,0.060843,0.12961,0.16792,0.12866,0.18462,0.12313,0.098042,0.034745
0.090739,0.026696,0.025724,0.091787,0.17752,0.31833,0.21491,0.023388,0.016841,0.014071
0.044077,0.052959,0.067257,0.076845,0.20292,0.27741,0.044598,0.10926,0.025812,0.098868
0.11409,0.19624,0.19456,0.095465,0.047717,0.15811,0.069795,0.013617,0.047004,0.0634
0.012239,0.0075099,0.050179,0.10602,0.15927,0.18294,0.21483,0.13683,0.088291,0.041882
0.0077474,0,0.022458,0.034888,0.42811,0.17625,0.055549,0.14029,0.083414,0.05129
0.18613,0.046807,0.045105,0.09212,0.13893,0.16008,0.092032,0.050018,0.12626,0.062511
0.12255,0.17964,0.12412,0.045546,0.079399,0.10473,0.084324,0.11672,0.12703,0.015952
0.12332,0.078785,0.053569,0.076468,0.19234,0.09936,0.082871,0.086535,0.093279,0.11348
0.064383,0.069319,0.067782,0.040624,0.033003,0.039139,0.10525,0.10095,0.18659,0.29297
0.15023,0.20814,0.081781,0.079968,0.16877,0.12225,0.044608,0.075855,0.049864,0.018527
0.029325,0.021243,0.06075,0.18119,0.16716,0.076542,0.13499,0.062874,0.15282,0.1131
0.010159,0,0.0014729,0.020307,0.050502,0.061609,0.13965,0.31505,0.21735,0.1839
0.16345,0.225,0.14561,0.037354,0.10168,0.074171,0.04293,0.069568,0.10838,0.031857
0.046569,0.017713,0.0086305,0.011296,0.077305,0.12818,0.17819,0.092368,0.23066,0.20909
0.1514,0.18163,0.2796,0.21358,0.065009,0.059162,0.03221,0.00058547,0.0021974,0.014618
0.23103,0.11169,0.15674,0.074055,0.19871,0.1032,0.06841,0.026672,0.024259,0.0052329
0.058976,0.046532,0.09829,0.048086,0.08247,0.033677,0.044611,0.091161,0.10334,0.39285
0.010978,0.005259,0.012261,0.028869,0.054188,0.049785,0.086417,0.19627,0.4313,0.12467
0.026942,0.014537,0.0042436,0.015524,0.11834,0.035383,0.042397,0.14617,0.26422,0.33224
0,0,0.03567,0.050698,0.096822,0.15171,0.46607,0.17471,0.02384,0.00047927
0.057483,0.083976,0.041646,0.041517,0.23357,0.05326,0.033884,0.059066,0.21625,0.17934
0.3773,0.15067,0.18748,0.028,0.026697,0.10806,0.034937,0.015595,0.061132,0.01013
0.0027528,0.015248,0.029248,0.38032,0.092783,0.074713,0.082813,0.11852,0.10972,0.09389
0.0053149,0.018708,0.22571,0.0072926,0.14502,0.070701,0.1054,0.089898,0.18576,0.1462
0.081648,0.3188,0.37023,0.019021,0.011054,0.14239,0.010252,0.006624,0.031613,0.0083626
0.10939,0.11854,0.32908,0.32585,0.041527,0.013307,0.035535,0.012701,0.011919,0.0021569
0.12132,0.11353,0.11197,0.065952,0.016605,0.070394,0.075282,0.062943,0.053619,0.30839
