0.028299,0.025403,0.0050191,0.024246,0.027223,0.0068667,0.02348,0.069312,0.13921,0.65094
0.022171,0.027123,0.049827,0.32426,0.28322,0.17098,0.059115,0.013096,0.02172,0.028496
0.071178,0.081408,0.025981,0.030498,0.07895,0.23494,0.17083,0.039674,0.071119,0.19542
0.037745,0.02575,0.11382,0.30924,0.038517,0.041483,0.23147,0.044234,0.068696,0.089046
0.018637,0.034657,0.034148,0.062837,0.070579,0.19219,0.082719,0.21282,0.12189,0.16953
0.0013015,0.0063492,0.025193,0.028725,0.016961,0.019669,0.13503,0.26229,0.29993,0.20455
0.0080411,0.11336,0.15049,0.27326,0.12027,0.089593,0.096253,0.033286,0.064065,0.051373
0.40546,0.33367,0.04995,0.023348,0.031436,0.099182,0.0094018,0.0023424,0.0041599,0.041052
0,0.033543,0.011895,0.017439,0.021067,0.018464,0.012044,0.31822,0.42589,0.14145
0.0048046,0.06104,0.12234,0.29154,0.26092,0.063922,0.088826,0.026433,0.038254,0.041918
0.022044,0.10873,0.35978,0.27096,0.085324,0.065855,0.030431,0.021219,0.032428,0.0032358
0.037511,0.0079035,0.0090567,0.040474,0.048528,0.10784,0.21261,0.20527,0.28507,0.045748
0.012646,0.007951,0.002584,0.0067316,0.13578,0.067336,0.40201,0.13479,0.050426,0.17976
0.33344,0.26467,0.061275,0.064533,0.062678,0.095856,0.039077,0.026698,0.011844,0.039935
0.031975,0.18461,0.29727,0.14052,0.12618,0.081633,0.081036,0.041695,0.0045695,0.010514
0.06044,0.10608,0.23042,0.12527,0.10883,0.13119,0.043888,0.10754,0.049291,0.037048
0.085875,0.056385,0.080054,0.10239,0.11863,0.2582,0.066125,0.070696,0.045669,0.11598
0.057869,0.051454,0.061809,0.02784,0.24947,0.24297,0.12252,0.095616,0.04527,0.045184
0.058579,0.13484,0.12477,0.10112,0.148,0.076895,0.022756,0.096749,0.025469,0.21084
0.016166,0.023351,0.057313,0.079752,0.27402,0.20295,0.10798,0.084873,0.094966,0.058638
0.037106,0.047809,0.073581,0.15036,0.30205,0.10202,0.035784,0.070091,0.075645,0.10555
0.032467,0.039021,0.066309,0.092024,0.38656,0.10651,0.10745,0.077625,0.070009,0.022027
0.17651,0.050551,0.043378,0.072957,0.11894,0.14648,0.14689,0.080153,0.097205,0.066943
0.070592,0.040297,0.074571,0.071484,0.088311,0.16267,0.11373,0.092918,0.13647,0.14895
0.096283,0.009828,0.040573,0.040854,0.12449,0.12943,0.38605,0.096465,0.040342,0.035679
0.043764,0.074986,0.079319,0.099694,0.10922,0.060518,0.062484,0.034874,0.15934,0.2758
0.017981,0.047634,0.083776,0.11151,0.17849,0.2339,0.12006,0.10368,0.060787,0.042182
0.1598,0.11368,0.08428,0.090733,0.1488,0.15217,0.1273,0.087895,0.0052194,0.03013
0.089432,0.16801,0.13223,0.15258,0.068969,0.12079,0.14211,0.072526,0.019363,0.033986
0.1253,0.17707,0.1002,0.049072,0.0282,0.10179,0.11724,0.16396,0.085928,0.051233
0.10665,0.12879,0.11447,0.07938,0.24415,0.14642,0.10389,0.05495,0.017903,0.0034074
0.12899,0.11473,0.078512,0.034545,0.14121,0.13592,0.056167,0.13982,0.097073,0.073044
0.033762,0.059538,0.11021,0.096422,0.12251,0.076071,0.23023,0.14337,0.096319,0.031569
0.082244,0.023423,0.10259,0.19336,0.11057,0.13842,0.10789,0.067962,0.094101,0.079431
0.0059657,0.017343,0.070872,0.076112,0.14386,0.20651,0.27227,0.086258,0.083185,0.037621
0.039471,0.053157,0.05488,0.089853,0.27856,0.11049,0.17561,0.088699,0.074677,0.034609
0.01692,0.032639,0.11822,0.056986,0.10348,0.05955,0.10742,0.1891,0.17015,0.14554
0.019658,0.069298,0.18694,0.030276,0.083171,0.11451,0.1535,0.20047,0.11729,0.024883
0.026601,0.025133,0.040983,0.13041,0.18761,0.3309,0.12815,0.037828,0.076643,0.015745
0.0039713,0.032226,0.036617,0.03722,0.057357,0.065568,0.16718,0.1899,0.063608,0.34636
0.10483,0.3557,0.2005,0.089727,0.088087,0.01212,0.040823,0.07933,0.027392,0.0015033
0.2103,0.1831,0.11128,0.11039,0.055711,0.035398,0.13357,0.06876,0.045916,0.04558
0.18275,0.088389,0.10737,0.12988,0.085941,0.15404,0.098602,0.058119,0.03444,0.060469
0.10857,0.081542,0.16495,0.076955,0.07609,0.033549,0.046839,0.089046,0.10823,0.21423
0.10189,0.12431,0.10279,0.055119,0.076734,0.066317,0.12464,0.093175,0.14106,0.11396
0.054027,0.098106,0.16861,0.10951,0.037658,0.06983,0.089229,0.0335,0.19355,0.14598
0.097563,0.11137,0.17944,0.17505,0.05794,0.035091,0.0095602,0.10239,0.069526,0.16208
0.0070477,0.014908,0.023803,0.011107,0.022064,0.087855,0.10777,0.2001,0.40173,0.12362
0.29266,0.098402,0.1063,0.041966,0.031569,0.14995,0.12049,0.080888,0.058656,0.019109
0.029593,0.028061,0.024652,0.02495,0.032479,0.045504,0.16679,0.23118,0.16795,0.24883
0.14212,0.083812,0.12929,0.084326,0.07284,0.11474,0.090706,0.17178,0.095278,0.015112
0.085242,0.059551,0.027698,0.07299,0.1084,0.089971,0.11301,0.061658,0.12221,0.25927
0.0072014,0,0,0.00040468,0.017874,0.032121,0.057379,0.1758,0.38765,0.32156
0.072686,0.094485,0.057999,0.066983,0.046698,0.021506,0.044599,0.075348,0.1244,0.3953
0.10189,0.14386,0.16285,0.10408,0.14601,0.066413,0.10458,0.051304,0.063057,0.055954
0.18631,0.17159,0.11369,0.17208,0.10348,0.12978,0.096376,0.020566,0,0.0061291
0.078757,0.22706,0.082605,0.10091,0.045363,0.046226,0.046079,0.029978,0.14191,0.20111
0.036791,0.090876,0.051318,0.10857,0.11242,0.13828,0.093877,0.17483,0.081796,0.11124
0.015347,0.018335,0,0.00077465,0.0087561,0.038373,0.12527,0.47126,0.26089,0.060992
0.0032966,0.0040999,0.030613,0.049832,0.10874,0.27266,0.23728,0.14659,0.052053,0.094839
0.0081417,0.0051801,0.025425,0.019243,0.12047,0.2204,0.31678,0.12196,0.075643,0.086757
0.29882,0.068234,0.072878,0.1835,0.19021,0.077697,0.032484,0.023635,0.050162,0.0023773
0.28583,0.17688,0.39426,0.072156,0.057764,0.0058282,0.0028858,0,0.0040705,0.00031954
0.24571,0.1528,0.29319,0.19754,0.065348,0.038986,0.00095035,0.0021024,0,0.0033714
0,0.00064427,0.0084128,0.00040187,0.016698,0.018792,0.043134,0.17008,0.6463,0.095539
0.0080096,0,0.0026994,0.0070126,0.077885,0.172,0.18513,0.39105,0.1287,0.027514
0.089864,0.11851,0.13639,0.10012,0.07463,0.092483,0.045252,0.073962,0.1519,0.11688
0.080379,0.056301,0.02976,0.012087,0.03016,0.099308,0.023033,0.075538,0.14272,0.45072
0.24647,0.15628,0.19869,0.027979,0.018431,0.032354,0.010705,0.11644,0.1249,0.067758
0.029336,0.018125,0.050408,0.21302,0.21539,0.12768,0.05975,0.10348,0.07054,0.11228
0.025651,0.037033,0.15446,0.16862,0.33598,0.11887,0.034518,0.039873,0.019434,0.065566
0.12081,0.13059,0.071815,0.073518,0.10938,0.10396,0.046873,0.15433,0.091264,0.097468
0.14705,0.15904,0.084484,0.082353,0.081162,0.084475,0.033671,0.033406,0.11112,0.18324
0.043511,0.061716,0.053475,0.072506,0.34341,0.20723,0.068614,0.077216,0.055246,0.017068
0.12193,0.10728,0.10445,0.1445,0.094674,0.19993,0.055981,0.035392,0.035637,0.10023
0.054522,0.060968,0.091111,0.1207,0.21195,0.33152,0.070345,0.027518,0.016571,0.0148
0.038625,0.13933,0.091042,0.13584,0.067532,0.12896,0.079523,0.17977,0.066182,0.07319
0.018489,0.024347,0.041729,0.026682,0.1664,0.10582,0.23658,0.23106,0.10871,0.040185
0.05531,0.034096,0.12429,0.095559,0.13764,0.21172,0.10213,0.12378,0.042692,0.072783
0.097984,0.15915,0.018443,0.0015856,0.043107,0.075209,0.18908,0.1735,0.17658,0.065371
0.28388,0.1425,0.10873,0.25333,0.13355,0.036797,0.0059148,0.00036795,0.013889,0.02104
0.54841,0.13294,0.052188,0.052776,0.043624,0.03637,0.05249,0.016994,0.015737,0.04848
0.17446,0.086084,0.061128,0.024191,0.077264,0.10413,0.021902,0.16655,0.2336,0.050701
0.10686,0.16469,0.10925,0.18793,0.2974,0.070852,0.0062597,0.043966,0.0046233,0.0081619
0.013834,0.0090069,0.05921,0.047028,0.12234,0.023655,0.36692,0.21283,0.13823,0.0069514
0.26346,0.37116,0.083165,0.02999,0.11105,0.051267,0.0056903,0.010002,0.026329,0.04789
0.0032337,0.020184,0.00086936,0.0016927,0.012115,0.054618,0.0032262,0.0034363,0.36776,0.53287
0,0.0029581,0.0091536,0.020117,0.094454,0.055593,0.10287,0.076979,0.17863,0.45924
0.2827,0.38187,0.059303,0.0066068,0.23186,0.0021154,0.0012278,0.014131,0.014604,0.0055869
0,0.19113,0.51268,0.15578,0.045876,0.084634,0.0081242,0.0017673,0,0
0.0336,0.02611,0.0081037,0.022795,0.12232,0.068245,0.30848,0.29285,0.09441,0.023082
0.22137,0.095845,0.13355,0.17725,0.24823,0.044403,0.012378,0.048311,0.011376,0.0072947
0.0092045,0,0.015062,0.69394,0.16387,0.069928,0.023181,0.011381,0.0085231,0.0049077
0.0018305,0.0011514,0.0087713,0.0059457,0.007917,0.061923,0.0077903,0.1206,0.76607,0.018005
0.0089723,0.0032333,0.021941,0.0071419,0.0054339,0.10018,0.093309,0.59529,0.15312,0.011378
0.0012135,0.0050146,0.0093124,0.026327,0.044145,0.051316,0.046416,0.30003,0.48396,0.032268
0.005844,0.13358,0.12235,0.21941,0.28892,0.061539,0.0067601,0.024689,0.057823,0.07909
0.0067784,0.0023335,0.0034514,0.0033734,0.0049386,0.035362,0.0029463,0.0012753,0.18546,0.75408
0,0.016781,0.019556,0.0084358,0.02644,0.071622,0.16186,0.20256,0.48412,0.0086193
0.23919,0.23512,0.18514,0.10792,0.097719,0.074676,0.041128,0.015074,0.0040423,0
0.40817,0.29416,0.010815,0.0090916,0.22095,0.0092535,0.0047184,0.0077378,0.002957,0.032146
0,0.010468,0.13237,0.2835,0.28856,0.23106,0.044613,0.0069397,0,0.0024801
0.15526,0.20614,0.098853,0.076767,0.26859,0.059045,0.012778,0.02409,0.016368,0.082109
0.048753,0.12897,0.060664,0.019698,0.21289,0.17377,0.11753,0,0.20959,0.028131
0.26779,0.10899,0.03384,0.0021845,0.23431,0.011537,0.0093821,0.10283,0.17283,0.056312
0.017312,0.03138,0.036341,0.034325,0.28372,0.11289,0.15087,0.18479,0.043612,0.10476
0.067086,0.065221,0.035981,0.10147,0.14742,0.3044,0.10152,0.089612,0.062672,0.024618
