0.14853,0.051077,0.059452,0.10112,0.25423,0.14885,0.11453,0.049487,0.031468,0.041245
0.10213,0.08366,0.048013,0.10029,0.089321,0.12498,0.067947,0.12414,0.24346,0.016046
0.0095308,0.032612,0.068915,0.17113,0.3775,0.13431,0.062544,0.0074944,0.054394,0.081565
0.036876,0.041467,0.044422,0.13691,0.15297,0.16606,0.027039,0.10208,0.17449,0.11769
0.022766,0.029108,0.1445,0.1941,0.33617,0.11504,0.06322,0.030234,0.0616,0.0032537
0.08247,0.12645,0.10539,0.090617,0.10052,0.19021,0.16427,0.087927,0.030842,0.021314
0.096974,0.047053,0.055657,0.071836,0.058178,0.07847,0.1753,0.28275,0.085302,0.048484
0.044728,0.13746,0.10283,0.087362,0.11985,0.061326,0.13564,0.1493,0.037061,0.12444
0.10483,0.072804,0.025346,0.013322,0.098351,0.072826,0.041275,0.063833,0.15855,0.34886
0.055931,0.01428,0.049112,0.064728,0.055708,0.045904,0.039871,0.14335,0.17034,0.36078
0.12167,0.080224,0.14873,0.11411,0.090881,0.095103,0.069222,0.14907,0.09298,0.038013
0.0071231,0.039569,0.11789,0.18228,0.048827,0.070948,0.062886,0.33524,0.045086,0.090153
0.01781,0.031805,0.04557,0.073588,0.092744,0.16151,0.17713,0.11297,0.18586,0.10101
0.048558,0.070687,0.16662,0.12506,0.10749,0.078348,0.20364,0.10073,0.0559,0.042958
0.018498,0.082128,0.12115,0.082853,0.12423,0.14427,0.1474,0.077605,0.17232,0.02955
0.067554,0.18236,0.12678,0.17164,0.09519,0.083009,0.038765,0.025993,0.11167,0.097041
0.04827,0.090368,0.018618,0.023887,0.1123,0.11884,0.079651,0.27994,0.15341,0.074712
0.054824,0.034722,0.091096,0.14874,0.13202,0.13134,0.062018,0.083882,0.15494,0.10642
0.081837,0.056909,0.045112,0.15881,0.23277,0.16594,0.041964,0.069257,0.053428,0.09397
0.12042,0.10927,0.12545,0.062635,0.14538,0.21019,0.059662,0.052514,0.052408,0.062066
0.047445,0.091201,0.22299,0.14219,0.15195,0.1803,0.033802,0.061071,0.026599,0.042465
0.00591,0,0.001292,0.0045186,0.028774,0.62694,0.3075,0.020874,0.001627,0.0025649
0.0051169,0.022092,0.058747,0.29419,0.34548,0.10879,0.11958,0.018391,0.01373,0.013875
0.16299,0.1526,0.11263,0.076598,0.15084,0.1564,0.078013,0.070835,0.026282,0.012813
0.068715,0.045311,0.085027,0.08288,0.16929,0.16397,0.13436,0.12651,0.077437,0.046502
0.035668,0.012285,0.058709,0.12104,0.36221,0.14475,0.10767,0.088131,0.055385,0.01415
0.014552,0.013446,0.022673,0.076812,0.068924,0.34021,0.24898,0.16983,0.022469,0.022108
0.024894,0.15057,0.10184,0.076115,0.12986,0.23185,0.102,0.04909,0.090648,0.043143
0.032796,0.027234,0.11387,0.12626,0.2,0.16712,0.13661,0.080207,0.050668,0.065252
0.028212,0.14178,0.080486,0.10517,0.14527,0.10242,0.063725,0.058063,0.13383,0.14104
0.18669,0.20206,0.06749,0.13592,0.11656,0.13488,0.020268,0.021358,0.038651,0.076118
0.024615,0.055766,0.13833,0.37097,0.14198,0.091053,0.04956,0.041944,0.065334,0.020456
0.091233,0.023352,0.084042,0.1362,0.24709,0.22353,0.11142,0.030575,0.017479,0.035074
0.058058,0.076289,0.032939,0.088299,0.23169,0.19379,0.16952,0.052424,0.052711,0.044281
0.10183,0.095454,0.091521,0.044814,0.21241,0.12283,0.14549,0.035485,0.089792,0.060366
0.16307,0.066663,0.016316,0.11391,0.13168,0.20174,0.10858,0.072057,0.097954,0.028034
0.10109,0.028103,0.092416,0.21144,0.19699,0.12933,0.072382,0.083866,0.040348,0.044041
0.091549,0.084185,0.02686,0.064153,0.16262,0.14006,0.060346,0.096196,0.050086,0.22395
0.15249,0.029927,0.033506,0.018875,0.042132,0.058132,0.068163,0.13614,0.13455,0.32609
0.10161,0.21104,0.23151,0.065826,0.15475,0.18701,0.011172,0.01651,0.018428,0.0021518
0.042374,0.20477,0.33364,0.032771,0.11277,0.13211,0.039181,0.02264,0.035791,0.043959
0.11285,0.13401,0.20883,0.047424,0.13124,0.17649,0.087371,0.077585,0.017969,0.0062422
0.089925,0.21934,0.2041,0.050935,0.078343,0.13418,0.092642,0.045915,0.030581,0.054038
0.16168,0.21988,0.064777,0.064903,0.17769,0.072291,0.03784,0.088542,0.081864,0.030528
0.030014,0.10642,0.15891,0.089137,0.27235,0.11977,0.05651,0.046041,0.081522,0.039314
0.040587,0.17891,0.14645,0.075949,0.078093,0.13406,0.11314,0.10981,0.050604,0.072398
0.0074356,0.078712,0.11054,0.14427,0.059014,0.11144,0.099359,0.07775,0.10565,0.20583
0.032039,0.33386,0.45557,0.040361,0.097348,0.025034,0.0031203,0.0093575,0,0.0033025
0.033982,0.064102,0.076839,0.04981,0.11273,0.41562,0.17984,0.020481,0.036343,0.010252
0.011061,0.028067,0.16984,0.27413,0.2002,0.25631,0.05483,0.0047187,0.00061278,0.00022157
0.0039797,0.40751,0.11228,0.17889,0.213,0.035426,0.012317,0.010998,0.0036472,0.021951
