0.056782,0.048102,0.093082,0.078509,0.1573,0.20171,0.16403,0.060399,0.083236,0.056846
0.059625,0.072052,0.10023,0.084697,0.14298,0.040936,0.030356,0.12213,0.18502,0.16198
0.022685,0.028062,0.1203,0.14617,0.36574,0.18341,0.041323,0.040768,0.051543,0
0.13794,0.1725,0.090766,0.025924,0.15032,0.058823,0.079904,0.099093,0.074181,0.11054
0.065801,0.17379,0.072337,0.035011,0.10333,0.066026,0.040115,0.053789,0.14388,0.24591
0.099763,0.089103,0.084142,0.046276,0.1144,0.11212,0.1717,0.19868,0.049526,0.034286
0.046254,0.065966,0.07662,0.03004,0.10851,0.099233,0.085892,0.17121,0.24509,0.071184
0.07383,0.041,0.07669,0.071766,0.20698,0.17558,0.19205,0.067652,0.072687,0.02176
0.012065,0.0449,0.05378,0.019448,0.14721,0.075942,0.13378,0.28608,0.14395,0.082838
0.1477,0.098375,0.075185,0.11901,0.10425,0.095544,0.085362,0.064406,0.040154,0.17002
0.062638,0.037231,0.061071,0.17806,0.22831,0.1709,0.11849,0.038038,0.078419,0.02684
0.091498,0.10502,0.212,0.17292,0.13644,0.13507,0.048013,0.025427,0.022466,0.051148
0.0096319,0.012895,0.038807,0.10811,0.16157,0.14022,0.14992,0.19525,0.051495,0.1321
0.059508,0.020927,0.0089928,0.089126,0.13661,0.34702,0.19647,0.057478,0.057542,0.026321
0.025912,0.079021,0.097595,0.10124,0.21102,0.16988,0.12714,0.049229,0.056372,0.082593
0.17532,0.226,0.11604,0.07244,0.089067,0.10345,0.046884,0.052584,0.037368,0.08085
0.033971,0.095924,0.10712,0.13987,0.15583,0.1219,0.057398,0.064325,0.1189,0.10476
0.083983,0.10243,0.1044,0.068664,0.16611,0.15488,0.1277,0.13376,0.017075,0.041002
0.061781,0.056167,0.036691,0.12223,0.14,0.14046,0.052888,0.14228,0.12715,0.12035
0.24503,0.069075,0.067125,0.075839,0.057597,0.068756,0.044029,0.17292,0.11098,0.08865
0.10585,0.17483,0.20435,0.061358,0.082234,0.19321,0.10674,0.030221,0.018694,0.022521
0.10059,0.24536,0.15658,0.088726,0.092498,0.087074,0.044403,0.043779,0.08744,0.053545
0.040284,0.10873,0.10867,0.10603,0.11363,0.12395,0.16673,0.11101,0.068818,0.052146
0.38065,0.057713,0.079948,0.062738,0.21104,0.062429,0.010556,0.023214,0.073061,0.038649
0.045863,0.04028,0.065085,0.064085,0.24938,0.45207,0.037062,0.011977,0.02519,0.0090103
