0.031522,0.089859,0.06056,0.085218,0.25018,0.13148,0.14432,0.12443,0.051691,0.030727
0.079593,0.059791,0.10291,0.10941,0.15882,0.13733,0.02457,0.069406,0.18207,0.076103
0.035974,0.025691,0.028593,0.067069,0.25189,0.11751,0.086664,0.17238,0.12853,0.085689
0.027797,0.052271,0.090356,0.041489,0.027229,0.050162,0.055567,0.48527,0.11298,0.056875
0.26247,0.082708,0.10254,0.1686,0.14563,0.1377,0.015153,0.022958,0.04267,0.019573
0.02693,0.035604,0.084786,0.21179,0.051188,0.05441,0.073635,0.026867,0.096498,0.3383
0.0060268,0.00083587,0.011359,0.0071761,0.022614,0.011909,0.067975,0.18962,0.18966,0.49283
0.083133,0.23511,0.21448,0.18432,0.17635,0.058138,0.0097183,0.034579,0.0041636,0
0.062292,0.10555,0.33172,0.101,0.28057,0.061606,0.057257,0,0,0
0.31964,0.13857,0.12747,0.030357,0.12571,0.069273,0.10375,0.038839,0.035216,0.011171
0.091265,0.086516,0.19165,0.031353,0.033354,0.033244,0.10966,0.13191,0.099247,0.19179
0.45043,0.035306,0.17545,0.27081,0.027468,0.012577,0.0084563,0.019502,0,0
0.037413,0.012885,0.036605,0.45264,0.11844,0.24749,0.08494,0.0058764,0.0017402,0.0019775
0.0033414,0.0032515,0.020811,0.059924,0.27022,0.18271,0.24177,0.040241,0.16438,0.013355
0.0093455,0.025941,0.059415,0.3711,0.11651,0.26183,0.075051,0.042465,0.033547,0.0048007
0.015857,0.026389,0.036565,0.037285,0.033595,0.023347,0.13107,0.27146,0.40789,0.016543
0.0097477,0.022755,0.16427,0.15318,0.096554,0.14791,0.14986,0.06192,0.14969,0.044107
0.033659,0.056938,0.093545,0.064521,0.055548,0.030173,0.10625,0.20087,0.11432,0.24417
0.24991,0.15163,0.08754,0.063953,0.078461,0.060462,0.033333,0.026215,0.20688,0.04162
0.055463,0.032903,0,0.012123,0.030157,0.53997,0.050585,0.0158,0.22408,0.038912
0.31079,0.3903,0.153,0.0070927,0.035893,0.0029355,0,0.019777,0.080203,0
0.25309,0.32064,0.10118,0.25509,0.043591,0.0086899,0.0071697,0.00041752,0.0057998,0.0043293
0.063024,0.13474,0.012146,0.012639,0.011043,0.086876,0.38814,0.22211,0.057514,0.011774
0.17417,0.47202,0.17062,0.15869,0.014868,0.0096349,0,0,0,0
0.052698,0.079657,0.63901,0.15146,0.052987,0.013441,0.010746,0,0,0
0.02165,0.024793,0.012795,0.18241,0.47847,0.012927,0.013582,0.018357,0.22729,0.0077224
0.025173,0.22953,0.070127,0.14564,0.11976,0.17123,0.19956,0.033204,0.0057688,0
0.51972,0.36008,0.022993,0.02011,0.0088775,0.012409,0.019602,0.0045909,0.0054223,0.026191
0.0029173,0.036631,0.0056256,0.0037644,0.28747,0.2529,0.028387,0.2277,0.046941,0.10767
0.14595,0.031123,0.015688,0.0097622,0.0012515,0.020096,0.011744,0.50311,0.16609,0.095186
0.052736,0.07364,0.17108,0.16482,0.17615,0.11157,0.12161,0.087581,0.026641,0.014179
0.042338,0.075518,0.027645,0.076369,0.20054,0.096435,0.2385,0.19889,0.026937,0.016836
0.040229,0.008997,0.034572,0.091747,0.024536,0.12158,0.21067,0.40824,0.026314,0.033121
0.014506,0.026048,0.055361,0.088272,0.21489,0.16608,0.14115,0.036665,0.07767,0.17937
0.079621,0.096375,0.20574,0.10472,0.093878,0.11246,0.089002,0.069064,0.061747,0.087397
0.021129,0.042014,0.044546,0.16674,0.090176,0.19196,0.21283,0.10832,0.046971,0.075316
0.02485,0.071412,0.088151,0.099304,0.19347,0.24541,0.13497,0.0685,0.050497,0.023432
0.10561,0.1287,0.11712,0.14908,0.20364,0.14592,0.02298,0.045225,0.020056,0.061683
0.041825,0.047138,0.033887,0.043813,0.065647,0.26342,0.16483,0.17962,0.10257,0.05726
0.12059,0.046528,0.053399,0.073324,0.070367,0.10822,0.093475,0.10323,0.21454,0.11633
0.023675,0.033731,0.030389,0.22071,0.18794,0.23643,0.1314,0.029699,0.033367,0.072652
