0.023042,0.051309,0.023199,0.12456,0.26299,0.19718,0.26726,0.028851,0.018725,0.0028811
0.020596,0.091297,0.21705,0.077286,0.26831,0.23384,0.077232,0.0072154,0.0050981,0.0020747
0.28238,0.11848,0.032976,0.04569,0.25094,0.040624,0.04058,0.04002,0.075823,0.072479
0.011503,0.035833,0.16294,0.072896,0.041458,0.11175,0.14165,0.095029,0.13774,0.1892
0.0029508,0.017097,0.0054958,0.0015864,0.015676,0.0075685,0.019871,0.16152,0.59246,0.17578
0.10642,0.20657,0.13431,0.16511,0.18005,0.080017,0.10982,0.0099868,0.00099124,0.0067293
0.13143,0.092504,0.028931,0.089902,0.3489,0.12246,0.086607,0.030244,0.050169,0.01886
0.04408,0.064932,0.049486,0.025652,0.1423,0.13298,0.069335,0.032565,0.11906,0.31961
0.048074,0.0097787,0.033089,0.04889,0.044402,0.18038,0.035192,0.10204,0.23236,0.26579
0.53081,0.24537,0.075955,0.044976,0.065323,0.017142,0.0036391,0,0.0019084,0.014868
0.81735,0.1005,0.014626,0.031222,0.0086198,0,0,0.0044016,0,0.023274
0.46474,0.19299,0.079154,0.058903,0.086497,0.072598,0.0060241,0.0075158,0.031584,0
0.19314,0.38553,0.30021,0.022623,0.044712,0.030654,0,0.020847,0.0022881,0
0.10934,0.25574,0.44204,0.011573,0.032037,0.053445,0.038958,0.015761,0.0076477,0.033472
0.16892,0.04485,0.037837,0.0061453,0.09126,0.084981,0.029472,0.1238,0.25368,0.15906
0.016197,0.088045,0.048289,0.010563,0.073323,0.15624,0.14396,0.21603,0.16962,0.07773
0.066601,0.029791,0.065943,0.089565,0.19903,0.30865,0.12288,0.086287,0.0043467,0.026906
0.038258,0.0011893,0.019203,0.0010248,0.0048709,0.10751,0.29225,0.4062,0.11782,0.011679
0.0032355,0,0.0054456,0.011082,0.025055,0.055241,0.25525,0.47306,0.037863,0.13377
0.65272,0.16444,0.067787,0.032834,0.033717,0.010585,0.016506,0.019387,0.0020211,0
0.76537,0.18768,0.011466,0.0057044,0.0025058,0.0079766,0.019299,0,0,0
0.040173,0.10039,0.053708,0.075086,0.23159,0.34488,0.040479,0.042794,0.049459,0.021443
0.14717,0.13047,0.37506,0.18454,0.034423,0.019498,0.01034,0.045651,0.052849,0
0.0077831,0.023837,0.5583,0.16248,0.048447,0.017627,0.018838,0.076771,0.05169,0.034229
0.013246,0.0047987,0.21895,0.31377,0.13934,0.065372,0.018914,0.045888,0.040659,0.13906
0.35239,0.17123,0.016624,0.012519,0.099011,0.13397,0.030567,0.11392,0.025518,0.044248
0.027922,0.29514,0.13566,0.20429,0.070232,0.098688,0.066291,0.055375,0.02994,0.016454
0.041062,0.086304,0.29325,0.13728,0.059015,0.024191,0.021028,0.034758,0.20896,0.094149
0,0.03626,0.0038821,0.0090363,0.058457,0.05689,0.14113,0.25705,0.35227,0.085025
0.089512,0.043256,0.087374,0.021222,0.034904,0.16481,0.25311,0.16586,0.044875,0.095066
0.011927,0.031946,0,0.0086683,0.021106,0.11132,0.49029,0.27935,0.03546,0.0099362
0.18496,0.25896,0.21548,0.13725,0.021669,0.045108,0.050705,0.052057,0.017015,0.016792
0.030811,0.1192,0.25373,0.18151,0.24822,0.059326,0.017275,0.035008,0.013124,0.041785
0.24593,0.37788,0.16178,0.089591,0.037653,0.016433,0.056832,0.0070188,0.0030526,0.0038251
0.19458,0.17541,0.028654,0.046458,0.11942,0.015503,0.046138,0.046017,0.27971,0.048119
0.058783,0.063638,0.13105,0.20609,0.077753,0.18466,0.1442,0.068686,0.026978,0.038168
0.0080714,0.033292,0.014986,0.020157,0.016421,0.099349,0.085542,0.25491,0.15055,0.31672
0.0021721,0.0014966,0.010666,0.01701,0.073877,0.096284,0.15615,0.21057,0.17139,0.26039
0.030079,0.025527,0.031232,0.011056,0.042335,0.071606,0.023362,0.038383,0.41925,0.30717
0.24218,0.12559,0.14863,0.20008,0.076462,0.065945,0.051226,0.016664,0.066146,0.0070754
0.065365,0.02702,0.13974,0.07465,0.10428,0.033465,0.10703,0.11522,0.088202,0.24504
0.0017458,0,0.0024768,0.028226,0.15483,0.18533,0.41964,0.081728,0.085946,0.040083
0.049103,0.18169,0.1293,0.12257,0.12745,0.043422,0.061942,0.048854,0.17101,0.064655
0.014762,0.0033373,0.0050445,0,0.016274,0.14967,0.39335,0.27878,0.11503,0.023751
0.0080956,0.070238,0.034756,0.12131,0.24358,0.12044,0.097191,0.15844,0.10148,0.044478
0.017087,0.30496,0.20723,0.065654,0.15076,0.085176,0.0087818,0.019863,0.071561,0.068925
0.033972,0.063955,0.15837,0.01685,0.007958,0.071091,0.064501,0.10342,0.36677,0.11311
0.0062327,0.029847,0.19724,0.29882,0.26391,0.076924,0.059274,0.019261,0.011288,0.037199
0.09126,0.14088,0.069284,0.01485,0.062292,0.23906,0.060495,0.063103,0.19801,0.060769
0.021056,0.034706,0.3827,0.25223,0.19281,0.026085,0.0012554,0.042866,0.022368,0.023925
0.077353,0.064704,0.035842,0.09905,0.22482,0.24202,0.1118,0.029966,0.059257,0.055194
0.25362,0.52763,0.09004,0.043821,0.018723,0.019835,0.012468,0.0077516,0.014541,0.011569
0.12229,0.13976,0.040562,0.11626,0.033702,0.16255,0.056058,0.029005,0.16008,0.13973
0.28356,0.0053994,0.1539,0.078103,0.021781,0.121,0.24535,0.030843,0.010154,0.049904
0.040812,0.10594,0.36768,0.19251,0.15923,0.044955,0.017593,0.010566,0.018242,0.042469
0.064033,0.043495,0.017587,0.028758,0.09906,0.068581,0.21085,0.15768,0.17672,0.13323
0.064654,0.16713,0.20768,0.092315,0.058614,0.075986,0.1047,0.063277,0.11895,0.046708
0.072424,0.14314,0.12532,0.21487,0.1146,0.077648,0.061777,0.046058,0.094875,0.049293
0.010646,0.058121,0.13103,0.11236,0.31946,0.19774,0.05736,0.020529,0.043484,0.049274
0.026496,0.022571,0.13531,0.1761,0.3291,0.12512,0.073618,0.023919,0.050022,0.037737
0.026667,0.1364,0.072672,0.16642,0.041882,0.13359,0.042979,0.25076,0.097011,0.031616
0.013831,0.16344,0.13278,0.28829,0.12229,0.056556,0.078575,0.069895,0.03052,0.043824
0.13477,0.11025,0.06867,0.22586,0.14709,0.17527,0.070063,0.02338,0.028079,0.016571
0.017186,0.03567,0.066503,0.096048,0.1648,0.15531,0.31458,0.072204,0.039301,0.038403
0.011611,0.040446,0.021766,0.098005,0.21129,0.10413,0.083292,0.15323,0.2073,0.068924
0.025734,0.048579,0.014662,0.027338,0.15143,0.073793,0.079682,0.070396,0.13595,0.37244
0.0048875,0.056551,0.082087,0.096518,0.29767,0.25547,0.11271,0.037368,0.035693,0.021045
0.013293,0.012383,0.05351,0.28307,0.34089,0.18145,0.067061,0.022419,0.021938,0.0039865
0.015356,0.041835,0.053259,0.23736,0.39474,0.095144,0.039595,0.055339,0.021679,0.045702
0.07079,0.011769,0.023468,0.072656,0.13694,0.55721,0.040904,0.03773,0.038244,0.010287
0.21499,0.066991,0.053747,0.044651,0.0079295,0.11251,0.11465,0.28032,0.089802,0.014418
