0,0.0096042,0.0030842,0.010892,0.038282,0.098766,0.26335,0.54827,0.024175,0.0035744
0.017,0.10043,0.012219,0.016973,0.14507,0.42739,0.27888,0.0020479,0,0
0.13341,0.099053,0.0087773,0,0,0.017068,0.01211,0.010318,0.0068481,0.71241
0.25679,0.12602,0.055743,0.03254,0.028308,0.05137,0.16506,0.19972,0.059443,0.025017
0.035869,0.043753,0.042981,0.10955,0.12511,0.30825,0.18027,0.080546,0.046029,0.027648
0.14555,0.13438,0.033084,0.053214,0.12432,0.30828,0.08545,0.052779,0.042961,0.019989
0.056663,0.098821,0.062425,0.030622,0.12146,0.28792,0.067279,0.10937,0.048339,0.1171
0.095788,0.075014,0.1237,0.18272,0.097443,0.16315,0.094503,0.10427,0.043186,0.020221
0.1218,0.20889,0.10044,0.11983,0.17271,0.20257,0.047177,0.020099,0.0027335,0.0037528
0.13988,0.080926,0.14728,0.16734,0.18425,0.16818,0.082844,0.005846,0.0016331,0.021828
0.018501,0.038871,0.050945,0.097826,0.324,0.25158,0.073617,0.11986,0.02251,0.0022882
0.017673,0.017273,0.05367,0.089047,0.32265,0.28392,0.072048,0.086903,0.034107,0.022708
0.022446,0.035884,0.066507,0.05426,0.31403,0.22368,0.059792,0.073888,0.077072,0.072442
0.041524,0.062558,0.096775,0.11007,0.16343,0.20876,0.10965,0.096623,0.059907,0.050705
0.0098783,0.013425,0.083961,0.16261,0.19101,0.15182,0.138,0.133,0.078154,0.038134
0.050294,0.066549,0.1894,0.25609,0.20101,0.12159,0.043932,0.03887,0.030498,0.0017698
0.13873,0.12453,0.14725,0.13252,0.10469,0.22088,0.019417,0.01463,0.069575,0.027769
0.065011,0.19797,0.17329,0.13104,0.15661,0.088354,0.061783,0.051722,0.043559,0.030658
0.41378,0.21667,0.037348,0.038549,0.04351,0.067826,0.0031769,0.0081263,0.061332,0.10968
0.43032,0.090216,0.039998,0.045476,0.092122,0.14857,0.057224,0.012911,0.040927,0.042239
0.62318,0.11562,0.05667,0.073493,0.056099,0.04554,0.0265,0.0028971,0,0
0.034867,0.49464,0.045469,0.068216,0.17959,0.031729,0.071958,0.032421,0.013843,0.027269
0.012415,0.0078073,0.0020626,0.0016086,0.055444,0.087567,0.02212,0.046341,0.099649,0.66499
0.010949,0.0073738,0.016185,0.058251,0.044307,0.058815,0.071438,0.25781,0.19886,0.27601
0.0086261,0.0054251,0.046109,0.028106,0.045903,0.10396,0.076086,0.12752,0.29431,0.26395
0.03843,0.057575,0.018687,0.023587,0.052579,0.21956,0.31951,0.060276,0.052652,0.15715
0.047326,0.044538,0.079199,0.30024,0.37857,0.032335,0.017666,0.056407,0.00818,0.035539
0.018554,0.021764,0.067952,0.11632,0.10934,0.034433,0.049087,0.092771,0.22251,0.26726
0.11604,0.13474,0.16598,0.10597,0.18827,0.16168,0.037108,0.021839,0.024563,0.04381
0.007154,0.022875,0.035495,0.16251,0.23866,0.20034,0.1055,0.10568,0.070326,0.051462
0.048555,0.02274,0.067366,0.14879,0.23114,0.24768,0.12097,0.053765,0.016356,0.04264
0.053588,0.018579,0.025376,0.034019,0.0714,0.067065,0.076073,0.11464,0.19259,0.34668
0.049783,0.048999,0.099917,0.13879,0.11083,0.16476,0.162,0.05128,0.087793,0.085855
0.030886,0.020691,0.23212,0.11479,0.008619,0.037837,0.066431,0.10983,0.1288,0.25
0.13589,0.061698,0.02864,0.0093434,0.056652,0.059136,0.018585,0.082419,0.2476,0.30003
