0.016134,0.018163,0.046178,0.19604,0.31613,0.19104,0.054056,0.069489,0.030198,0.062566
0.049942,0.038188,0.16524,0.11881,0.11694,0.15164,0.11185,0.048511,0.075277,0.1236
0.032418,0.055845,0.030083,0.055001,0.13115,0.16359,0.0607,0.14982,0.13811,0.18328
0.37825,0.1672,0.058304,0.021187,0.018859,0.095788,0.046967,0.060937,0.081909,0.0706
0,0.0014236,0.002403,0.010709,0.042227,0.18618,0.18649,0.15121,0.16481,0.25454
0,0.0040251,0.0037927,0.016148,0.0514,0.068052,0.081276,0.049224,0.051975,0.67411
0.002729,0.010957,0.084997,0.031111,0.054895,0.021494,0.005172,0.0077659,0.030156,0.75072
0.0013641,0.00062649,0.0062038,0.0075909,0,0.0048096,0.011314,0.0039968,0.10631,0.85779
0.00017477,0.0011203,0,0.0084201,0.031641,0.035273,0.12093,0.087532,0.10894,0.60597
0,0.0051839,0,0,0.0024719,0.012912,0.0096521,0.10939,0.16834,0.69204
0,0,0,0.00075213,0.026011,0.11242,0.14502,0.08801,0.33121,0.29657
0.18095,0.64108,0.16123,0.00062209,0.00077054,0.015354,0,0,0,0
0.0014942,0.041126,0.086278,0.11664,0.20632,0.010634,0.043477,0.058702,0.15183,0.2835
0.21928,0.087815,0.095879,0.031502,0.019518,0.080915,0.14087,0.046855,0.1693,0.10806
0.038571,0.028564,0.020227,0.048947,0.10681,0.11076,0.013859,0.046658,0.25631,0.32929
0.072425,0.060858,0.016384,0.050804,0.065017,0.053806,0.045227,0.14108,0.20892,0.28547
0.04526,0.040604,0.031057,0.002098,0.02729,0.059223,0.15232,0.26599,0.26172,0.11445
0.073946,0.040756,0.057513,0.069163,0.041128,0.21847,0.11191,0.18764,0.11176,0.087714
0.094873,0.13613,0.13145,0.027223,0.20862,0.11353,0.058699,0.079246,0.10877,0.041468
0.1858,0.37599,0.13954,0.034444,0.058292,0.077853,0.03704,0.039605,0.015248,0.036182
0.099335,0.15122,0.22175,0.22829,0.056577,0.11679,0.096329,0.018412,0.011305,0
0.087531,0.042219,0.0089099,0.013385,0.031519,0.16756,0.28329,0.26377,0.021741,0.080074
0,0.0083372,0.031363,0.053762,0.37652,0.35528,0.055221,0.060473,0.043854,0.015191
0.0064704,0.0051752,0.030238,0.048926,0.26649,0.063522,0.17566,0.11906,0.23068,0.053776
0.059839,0.069138,0.0080911,0.032664,0.059298,0.020094,0.051116,0.66829,0.0022485,0.029225
0.63646,0.24837,0.029552,0.019536,0.023547,0.011601,0.0041112,0.00090998,0.023847,0.0020581
0.010422,0.020036,0.11101,0.37203,0.3161,0.11631,0.038578,0.0055753,0.00074012,0.0091899
0.10305,0.10551,0.053131,0.037641,0.057311,0.052489,0.036717,0.12606,0.37665,0.051442
0.12613,0.096954,0.12671,0.19,0.19605,0.083643,0.057028,0.035416,0.045935,0.042135
0.10154,0.16406,0.17244,0.059907,0.17441,0.13567,0.056386,0.038561,0.065329,0.031703
0.29514,0.26714,0.12013,0.11019,0.041768,0.035426,0.079032,0.023913,0.015256,0.012013
0.0051219,0.03939,0.07105,0.22414,0.19392,0.24844,0.11546,0.039444,0.048166,0.014861
0.14461,0.18267,0.049651,0.086823,0.092726,0.081477,0.059433,0.10424,0.082205,0.11617
0.093113,0.084518,0.11398,0.3424,0.10233,0.091684,0.029661,0.021389,0.066083,0.054849
0.025249,0.049553,0.093374,0.1148,0.22924,0.21888,0.063907,0.040276,0.055674,0.10905
0.050214,0.047595,0.029069,0.032347,0.13348,0.30543,0.25652,0.075513,0.031008,0.038819
0.018316,0.022741,0.043798,0.062851,0.20149,0.23562,0.2487,0.10298,0.048874,0.014637
0.056983,0.061787,0.076317,0.077836,0.10354,0.18481,0.21271,0.094818,0.083158,0.048041
0.035618,0.052208,0.090252,0.093901,0.18044,0.19349,0.1479,0.094048,0.065252,0.04689
0.16636,0.099343,0.086262,0.14741,0.21003,0.20303,0.053096,0.028898,0.0040184,0.0015551
0.057063,0.013329,0.065139,0.048043,0.22462,0.43869,0.11307,0.015385,0.018911,0.005751
0.017194,0.025882,0.026599,0.037711,0.19432,0.38975,0.10833,0.050456,0.080862,0.068898
0.073079,0.037394,0.043987,0.023468,0.12824,0.25266,0.0405,0.054808,0.15818,0.18768
