0.012188,0.011334,0.020873,0.11626,0.19026,0.21687,0.075258,0.091661,0.12766,0.13763
0.045381,0.040539,0.023893,0.15808,0.13689,0.088206,0.037178,0.15272,0.23163,0.085486
0.085152,0.052282,0.14198,0.11245,0.16606,0.10661,0.10776,0.056076,0.077434,0.094198
0.013482,0.02934,0.036184,0.059473,0.093951,0.082151,0.078808,0.034967,0.14242,0.42922
0.033273,0.027887,0.11656,0.037494,0.077089,0.02993,0.11412,0.26677,0.20244,0.094435
0.029265,0.014286,0.17416,0.36836,0.14893,0.034873,0.091259,0.051435,0.034288,0.053146
0.54582,0.14475,0.030511,0.02146,0.049992,0.074574,0.015238,0.010952,0.078539,0.028162
0.094426,0.053327,0.12734,0.096974,0.13963,0.072782,0.11047,0.052581,0.12958,0.12289
0,0.0092409,0.0022393,0.021097,0.079506,0.18488,0.14224,0.13836,0.12736,0.29508
0,0.00094727,0.00033718,0,0.0072673,0.1134,0.24339,0.40848,0.15742,0.068764
0,0.0016512,0.0016446,0.00088749,0.023059,0.035984,0.093093,0.12202,0.16792,0.55374
0.28076,0.40742,0.023797,0,0.011412,0,0,0.019005,0.026963,0.23065
0,0,0.0011658,0.025685,0.11612,0.054311,0.069551,0.05245,0.10214,0.57858
0.15056,0.14297,0.075274,0.0092756,0.0028591,0,0,0.0046499,0.24687,0.36754
0,0,0,0,0,0.0036597,0.038208,0.17178,0.13671,0.64965
0.00030118,0,0.0028188,0.0002083,0,0,0.00021735,8.8596e-05,0.027116,0.96925
0.0011043,0.0039099,0.01907,0.18811,0.101,0.12643,0.1668,0.22133,0.011121,0.16113
0.00038103,0,0.002092,0.00025353,0.00075915,0.0041938,0.012708,0.016763,0.57576,0.38709
0,0,0,0,0.0038115,0.014366,0.20365,0.36532,0.016898,0.39595
0,0,0,0.0040569,0.0075916,0,0.002192,0.077388,0.48708,0.42169
0.00048188,0.00013015,0,0.0015402,0.003843,0.0052297,0.017464,0.04387,0.52802,0.39942
0,0,0.0030825,0.016717,0.28738,0.41158,0.21204,0.059064,0.010132,0
0,0.064391,0.31935,0.48503,0.12551,0.0057226,0,0,0,0
0.96992,0.0093129,0.015839,0,0.0010646,0,0,0.0038627,0,0
0.075446,0.26063,0.39551,0.25001,0.012031,0.0047456,0.0016303,0,0,0
0.013679,0.00094746,0.062254,0.082715,0.22908,0.059129,0.061159,0.035711,0.13863,0.31669
0.063622,0.019054,0.15549,0.0031737,0.059655,0.13023,0.0083777,0.15884,0.1077,0.29385
0.22134,0.12066,0.087319,0.12746,0.018696,0.054963,0.016823,0.027393,0.28029,0.045051
0.16117,0.055717,0.031789,0.069098,0.10062,0.042383,0.036159,0.032601,0.14561,0.32485
0.12291,0.069796,0.034617,0.057587,0.065129,0.084486,0.085864,0.045076,0.14143,0.2931
0.11939,0.062845,0.098671,0.043017,0.10078,0.099956,0.091617,0.073965,0.14082,0.16894
0.0092998,0.026417,0.015946,0.010452,0.046246,0.064052,0.0085107,0.049001,0.26445,0.50562
0.044055,0.0046081,0.0011009,0.0020598,0.01145,0.029589,0.09739,0.38323,0.15622,0.27029
0.020132,0.04414,0.025376,0.031314,0.078663,0.17989,0.35876,0.039184,0.16274,0.059807
0.061746,0.03442,0.0076822,0.080107,0.031309,0.12942,0.22113,0.23587,0.093437,0.10488
0.059679,0.060249,0.070818,0.09393,0.15987,0.17616,0.21205,0.13323,0.018643,0.015369
0.079728,0.17921,0.11478,0.097156,0.15855,0.05502,0.062845,0.11545,0.089702,0.047554
0.078446,0.21439,0.015054,0.028403,0.023378,0.055082,0.068413,0.13854,0.15249,0.2258
0.004458,0.014773,0.21693,0.15911,0.19731,0.08893,0.044809,0.047269,0.14009,0.086319
0.84467,0.076416,0.012543,0.013575,0.026748,0.021434,0,0,0,0.0046176
0.12199,0.091539,0.52123,0.17137,0.050512,0.040858,0.00055354,0.0017037,0,0.0002542
0.0082786,0.026095,0.0079893,0.010397,0.045074,0.014994,0.01444,0.061197,0.5461,0.26543
0.081256,0.0035144,0.014594,0.018733,0.030246,0.046882,0.098107,0.26161,0.34883,0.096222
0.4014,0.19338,0.09206,0.096979,0.15259,0.024799,0.010282,0.012808,0.0031205,0.01259
0.24136,0.019606,0.0047775,0.070835,0.060223,0.18147,0.18998,0.22285,0.0060943,0.0028044
0,0,0.0081648,0.14867,0.10638,0.32631,0.1964,0.18,0.025572,0.0085046
0.23927,0.0733,0.064515,0.15745,0.083068,0.060581,0.10619,0.20417,0.0065627,0.0048975
0.0038582,0.0054083,0.0029423,0.066371,0.052177,0.040261,0.10005,0.14365,0.1553,0.42998
0,0,0.022709,0.05917,0.19832,0.67556,0.035767,0.0065385,0.0019315,0
0.0013827,0.0018207,0.016687,0.11435,0.16042,0.061207,0.22146,0.40704,0.012547,0.0030868
0.0081281,0.0037945,0.049159,0.10305,0.12816,0.31253,0.18591,0.078613,0.10613,0.024525
0.2121,0.069332,0.082496,0.17039,0.039807,0.13792,0.26897,0.014595,0.0035669,0.0008186
0.0074731,0.0037873,0.19819,0.045359,0.088037,0.1107,0.18631,0.03593,0.11651,0.2077
0.15537,0.58846,0.19632,0.017977,0.017725,0.0051733,0.0064805,0.0026446,0.0020979,0.0077532
0,0.030799,0.13352,0.1076,0.089607,0.17408,0.29163,0.13402,0.021889,0.016859
0.12775,0.060501,0.05001,0.01689,0.064745,0.054169,0.13736,0.31514,0.15479,0.018635
0.16246,0.19915,0.11065,0.1081,0.055407,0.040592,0.14791,0.06791,0.087836,0.019974
0.16323,0.06493,0.075506,0.13961,0.23728,0.12752,0.065006,0.025041,0.052355,0.049517
0.13948,0.13424,0.10743,0.097591,0.12833,0.053438,0.1033,0.039124,0.062934,0.13414
0.21447,0.16009,0.11677,0.089812,0.16279,0.084291,0.045366,0.057264,0.037129,0.032013
0.042006,0.26046,0.25206,0.17158,0.075366,0.14809,0.026455,0.020068,0.0027189,0.0011923
0.24883,0.36168,0.07105,0.09579,0.074761,0.042791,0.053213,0.02694,0.014146,0.010804
0,0.026215,0.015069,0.072978,0.4457,0.36676,0.032335,0.0038627,0.01784,0.01924
0.0048052,0.014698,0.081726,0.35827,0.0606,0.10765,0.070214,0.1014,0.097464,0.10317
0.078717,0.27186,0.26376,0.083381,0.08466,0.061118,0.01525,0.0067497,0.023435,0.11107
0.259,0.12227,0.067823,0.030464,0.065052,0.10193,0.04546,0.080565,0.1387,0.088738
0.36662,0.067802,0.036146,0.064955,0.19536,0.077171,0.008539,0.041941,0.05587,0.085596
0.05977,0.013258,0.040427,0.09724,0.26392,0.19698,0.15566,0.091832,0.017767,0.063142
0.011772,0.024181,0.036013,0.089744,0.2419,0.15905,0.057669,0.04207,0.070504,0.2671
0.027766,0.036187,0.049287,0.070244,0.32347,0.24506,0.038053,0.073378,0.096978,0.039577
0.07196,0.061673,0.070631,0.057156,0.227,0.20289,0.14578,0.11347,0.032365,0.017078
0.026548,0.17548,0.21821,0.16916,0.094104,0.083764,0.072096,0.095909,0.031252,0.033471
0.055546,0.023581,0.044091,0.21313,0.28961,0.22714,0.087639,0.020476,0.021127,0.017656
0.035786,0.032864,0.058984,0.14309,0.28008,0.1774,0.18717,0.060822,0.013052,0.01075
0.027861,0.047608,0.061632,0.10869,0.19462,0.070591,0.26207,0.11139,0.054692,0.060847
0.023275,0.0055756,0.12895,0.051264,0.27816,0.28967,0.10946,0.071487,0.018307,0.023855
0.011548,0.050171,0.12212,0.11114,0.21469,0.24876,0.095142,0.058741,0.03933,0.048361
0.0042932,0.018274,0.055127,0.34407,0.28977,0.1295,0.11536,0.022196,0.0027878,0.018626
0.11206,0.13704,0.094478,0.13071,0.19205,0.18231,0.1214,0.022858,0,0.0070909
0.027354,0.02912,0.05148,0.080633,0.19152,0.18963,0.23957,0.10597,0.065489,0.01923
0.025891,0.041221,0.15867,0.14699,0.1227,0.25679,0.092496,0.10058,0.040668,0.014001
0.0086915,0.021816,0.025161,0.10477,0.18511,0.4366,0.08838,0.08556,0.026081,0.017832
0.063092,0.02288,0.030291,0.064484,0.24094,0.39538,0.067099,0.032078,0.035164,0.048589
0.069771,0.012832,0.047248,0.17469,0.13969,0.19926,0.24212,0.038598,0.037041,0.038741
0.13214,0.047561,0.029217,0.033472,0.24266,0.12709,0.028591,0.033069,0.045341,0.28087
0.11041,0.21176,0.049893,0.20393,0.14146,0.12388,0.020776,0.082105,0.035016,0.020777
0.18725,0.2456,0.0057861,0.038224,0.010481,0.30944,0.026959,0.00096174,0.013983,0.16131
