0.0041193,0.0071199,0.076353,0.0061949,0.031088,0.11561,0.080726,0.63672,0.032664,0.0094065
0.14927,0.091046,0.0015137,0.014876,0.011137,0.099804,0.051248,0.01954,0.020218,0.54134
0.13544,0.051529,0.0048365,0.0084119,0.038671,0.10704,0.024568,0.011542,0.17479,0.44318
0.4678,0.0014207,0.025093,0.0071337,0.0099746,0.0020627,0.00074767,0.00090431,0.26018,0.22468
0,0.0033995,0.0099835,0.0023762,0.047179,0.12219,0.25817,0.47672,0.039902,0.040081
0.00062892,0.003166,0.034598,0.0070581,0.00072099,0.10465,0.092029,0.30881,0.42379,0.024554
0.018556,0.022303,0.4071,0.35197,0.067294,0.1106,0.0057299,0,0.016188,0.00025274
0.79485,0.047681,0.013348,0.041366,0.096842,0,0.00028029,0.0044271,0.0003968,0.00080567
0.8581,0.013677,0.017304,0.050629,0.031766,0.0026241,0.023253,0,0.001507,0.0011397
0.21668,0.10893,0.0035796,0.065944,0.068234,0.068482,0.098161,0.20618,0.060345,0.10347
0.18296,0.17175,0.09597,0.10817,0.14137,0.10022,0.032696,0.03667,0.05206,0.078141
0.060004,0.052676,0.02283,0.040219,0.11246,0.3856,0.17543,0.048924,0.035969,0.06589
0.0076159,0.040046,0.069576,0.091473,0.1704,0.1982,0.11485,0.1406,0.12517,0.042073
0.050428,0.13017,0.10635,0.17092,0.13152,0.11607,0.068082,0.05973,0.083024,0.083707
0.16999,0.077988,0.043831,0.067911,0.067894,0.10316,0.07731,0.055226,0.17745,0.15924
0.056848,0.035454,0.04782,0.11798,0.099451,0.16855,0.28255,0.11451,0.021211,0.055623
0.11495,0.03621,0.066946,0.058985,0.11231,0.079823,0.050587,0.3041,0.11114,0.064958
0.0028635,0.0004664,0.0065865,0.031358,0.11516,0.10934,0.15734,0.3555,0.11666,0.10473
0.10694,0.037783,0.10163,0.11036,0.036208,0.19938,0.071462,0.10533,0.14637,0.084539
0.0039542,0.039196,0,0.11372,0.08601,0.12492,0.13914,0.036107,0.071819,0.38514
0,6.979e-05,0.0070107,0.041434,0.073478,0.073975,0.12885,0.43951,0.12454,0.11113
0,0.0003493,0.049906,0.027688,0.081824,0.14223,0.09767,0.094465,0.44918,0.056685
0.0057494,0.012425,0.095423,0.69693,0.10331,0.015046,0.0083413,0.023472,0.011539,0.027767
0.00095405,0,0.0057204,0,0.014959,0.027611,0.032859,0.2315,0.57382,0.11258
0.49262,0.094057,0.056406,0.08013,0.10212,0.035469,0.016383,0.026235,0.056177,0.040407
0.0094913,0.034373,0.001128,0.036344,0.065911,0.057069,0.027708,0.046621,0.043622,0.67773
0.65601,0.19851,0.10052,0.026368,0.014534,0.0025744,0.0014827,0,0,0
0.25676,0.71598,0.010328,0.005512,0.0095107,0.0019025,0,0,0,0
0.90735,0.028311,0.033043,0.013416,0.0024332,0.0048201,0.0028727,0.001223,0,0.0065275
0.010042,0,0.0017692,0.0023651,0.13794,0.2423,0.26102,0.030272,0.18207,0.13222
0,0,0,0,0.0057465,0.0088793,0,0.0010227,0.077021,0.90733
0,0,0,0,0.04584,0.005407,0.00075195,0.020124,0.067826,0.86005
0.00031001,0,0.015615,0.0092194,0.0024284,0.017639,0.0065057,0.020599,0.35054,0.57714
0,0.0013398,0.0042319,0,0.061058,0.077454,0.4216,0.40408,0.029208,0.0010263
0,0,0,0,0.01045,0.017443,0.030481,0.081815,0.14913,0.71068
0,0.0031314,0.013934,0.036999,0.15717,0.12084,0.21503,0.28925,0.10095,0.062692
0.0012109,0.0044917,0.0051569,0.0019895,0.029365,0.03771,0.1145,0.38334,0.31757,0.10467
0,0.0039128,0.0042954,0.010354,0.59666,0.36885,0.012442,0.00348,0,0
0.10444,0.18578,0.054889,0.08599,0.070231,0.020646,0.0075251,0.12473,0.11894,0.22682
0.13083,0.20138,0.18556,0.084647,0.046481,0.072131,0.058649,0.036116,0.079085,0.10511
0.039104,0.062603,0.10749,0.06677,0.049371,0.072361,0.1111,0.10498,0.15531,0.23092
0.27046,0.05393,0.093708,0.005965,0.037472,0.036791,0.030018,0.10028,0.11857,0.25281
0.18827,0.28136,0.062324,0.073829,0.060029,0.081433,0.046148,0.026613,0.12928,0.05071
0.37362,0.085459,0.061953,0.037318,0.075759,0.10169,0.15186,0.037274,0.032143,0.042922
0.10234,0.097121,0.033199,0.06982,0.069847,0.12237,0.095308,0.21414,0.098079,0.097783
0.05552,0.014355,0.0031492,0.029845,0.052403,0.12232,0.23489,0.28801,0.15291,0.046602
0.039771,0.10024,0.053241,0.16181,0.48718,0.1066,0.028797,0.018906,0.0022713,0.001181
0.40531,0.04556,0.011548,0.011122,0.12015,0.25598,0.13845,0.01091,0.00097605,0
0.095519,0.11068,0.12873,0.4292,0.16056,0.05193,0.0072171,0,0.01014,0.0060365
0.021071,0.011568,0.039616,0.1478,0.17031,0.036938,0.055696,0.12654,0.11336,0.2771
0.1217,0.048591,0.15052,0.13686,0.055934,0.099277,0.20399,0.083268,0.040358,0.059496
0.20231,0.1483,0.26951,0.19386,0.053138,0.06946,0.037518,0.0096016,0.0099837,0.0063059
0.052311,0.058177,0.041118,0.14559,0.14961,0.0062071,0.013016,0.44101,0.060329,0.032634
0.0393,0,0.0047144,0.10781,0.12998,0.41688,0.16916,0.10275,0.028769,0.00064092
0.48805,0.074619,0.044098,0.21853,0.054228,0.075787,0.019622,0.020139,0.0024866,0.0024381
0.0011298,0.0032542,0.01004,0,0.082377,0.034196,0.0043437,0.025033,0.28476,0.55487
0.060742,0.31621,0.36863,0.13356,0.038364,0.055965,0.022872,0.0011261,0.0013393,0.0011925
0.0029947,0.00048794,0,0.0015783,0.027586,0.023306,0.017523,0.11774,0.27872,0.53006
0.67895,0.089978,0.10267,0.09245,0.011463,0.02137,0,0.0020195,0,0.0010995
0.0053907,2.6181e-05,0.0070149,0.002896,0.013643,0.03717,0.013035,0.09261,0.2756,0.55261
0,0.0071283,0.008785,0.011223,0.064948,0.22313,0.43504,0.07448,0.080701,0.094568
0.6725,0.17371,0.059883,0.022117,0.03097,0.029963,0.00976,0.0011037,0,0
0.0063274,0.031271,0.13897,0.33541,0.24681,0.19009,0.034257,0.0044663,0.0026684,0.0097264
0.013768,0.013152,0.083244,0.055812,0.034902,0.17826,0.25057,0.18521,0.15893,0.026152
0.020734,0.025398,0.048558,0.041213,0.19576,0.3343,0.14724,0.046233,0.05127,0.089297
0.57195,0.04146,0.039735,0.1249,0.073442,0.11385,0.019086,0.0084462,0.0048945,0.0022318
0,0,0.00014414,0.00029666,0.066381,0.033391,0.013013,0.13876,0.62105,0.12697
0.11434,0.24369,0.27343,0.16543,0.080263,0.046258,0.0088084,0.024512,0.019117,0.024151
0.22781,0.24988,0.11143,0.086199,0.058058,0.043441,0.015906,0.007909,0.031798,0.16756
0.13756,0.079447,0.042498,0.04002,0.030844,0.10525,0.25276,0.11779,0.11667,0.077158
0.0071282,0.015683,0.11526,0.26904,0.39601,0.16677,0.024817,0,0.0041928,0.0010975
0.036776,0.014887,0.023073,0.01032,0.031309,0.23903,0.20652,0.12449,0.144,0.16959
0.49581,0.076991,0.010124,0.022931,0.039252,0.17201,0.06162,0.11513,0.0051875,0.000948
0.15817,0.043169,0.045267,0.066439,0.13582,0.080439,0.18845,0.11565,0.072708,0.093893
0.055611,0.041146,0.13085,0.10928,0.11008,0.18365,0.11575,0.091142,0.11642,0.046065
0.066309,0.062723,0.11079,0.12787,0.092843,0.1538,0.096633,0.091393,0.08735,0.11028
0.062204,0.13926,0.12822,0.087883,0.11877,0.16016,0.063943,0.10263,0.066186,0.070743
0.15134,0.1196,0.056395,0.073744,0.10243,0.10272,0.073307,0.097975,0.10958,0.11291
0.055942,0.088013,0.10611,0.087233,0.07571,0.23083,0.1885,0.093106,0.059842,0.014714
0.069908,0.055021,0.16459,0.095857,0.090691,0.10399,0.10056,0.12463,0.077326,0.11744
0.16278,0.126,0.17669,0.10192,0.1064,0.067369,0.10643,0.044094,0.063541,0.044775
0.17754,0.10762,0.10745,0.11251,0.15242,0.10448,0.05499,0.052673,0.064783,0.065528
0.075899,0.060391,0.16439,0.22004,0.14767,0.091793,0.047199,0.026599,0.034479,0.13153
0.11308,0.013837,0.028189,0.026932,0.027738,0.16879,0.11685,0.16396,0.19963,0.14101
0.029935,0.028353,0.011263,0.04765,0.22419,0.36146,0.17509,0.034701,0.054422,0.032934
0.07827,0.10589,0.060511,0.071706,0.15346,0.1987,0.18079,0.071246,0.034098,0.045333
0.22954,0.20327,0.036102,0.059758,0.28399,0.087924,0.031875,0.037807,0.019757,0.0099775
0.11288,0.062018,0.062211,0.1195,0.28678,0.20887,0.062044,0.031709,0.040754,0.013233
0.053555,0.058169,0.11996,0.16162,0.13469,0.23599,0.12466,0.035128,0.034712,0.041514
0.087894,0.094807,0.12752,0.21758,0.26377,0.10619,0.039815,0.04274,0.019687,0
0.10484,0.067652,0.050755,0.11517,0.21988,0.19992,0.084261,0.055131,0.05215,0.050234
0.11051,0.096387,0.10209,0.23748,0.23996,0.072946,0.043565,0.0316,0.03445,0.031009
0.14887,0.13962,0.12743,0.21191,0.092921,0.095529,0.044942,0.04572,0.029144,0.063924
0.033919,0.037571,0.030679,0.13033,0.18239,0.13043,0.063407,0.063384,0.13007,0.19781
0.17998,0.10644,0.075491,0.077935,0.16256,0.083694,0.039085,0.048793,0.098223,0.1278
