0.18335,0.098455,0.0099892,0.037524,0.018967,0.12058,0.058078,0.052176,0.39854,0.022347
0.50888,0.010846,0.0021398,0.0033734,0.01654,0.021068,0.024177,0.016208,0.046285,0.35048
0,0.0086146,0.023002,0.01076,0.060324,0.084845,0.19432,0.38045,0.21111,0.026576
0.08243,0.52922,0.15281,0.022559,0.13088,0.037733,0.0064387,0.0016766,0.02786,0.0083896
0.19827,0.015023,0.0096419,0.06066,0.063689,0.13019,0.08273,0.14953,0.17966,0.11061
0.12618,0.095714,0.085562,0.11899,0.19035,0.16298,0.066947,0.063619,0.043954,0.0457
0.051204,0.13732,0.057939,0.15034,0.093935,0.16411,0.13075,0.051329,0.11138,0.051687
0.12449,0.053626,0.059777,0.038382,0.088278,0.093847,0.15316,0.15833,0.15407,0.076048
0.099191,0.042347,0.043704,0.044162,0.067329,0.1018,0.11482,0.29235,0.1444,0.049895
0.0050129,0.041022,0.021467,0.009416,0.083625,0.13259,0.22786,0.10913,0.23048,0.1394
0,0,0,0.010205,0.035579,0.024084,0.077857,0.58467,0.20073,0.066875
0,0.0018505,0.001905,0.01727,0.032909,0.13307,0.3892,0.40236,0.021434,0
0.37753,0.17337,0.0396,0.01889,0.15274,0.0083768,0.034234,0.01085,0.12828,0.056123
0.39756,0.55796,0.020062,0.0064124,0.013673,0,0.0043257,0,0,0
0.82799,0.13608,0.0067225,3.732e-05,0.0081623,0.0089501,0.0012187,0.0031791,0.0034982,0.0041632
0,0.0073688,0.0020368,0.0010817,0.021272,0.0078619,0.0054868,0.0085971,0.078849,0.86745
0,0,0.0021386,0.018346,0.02305,0.05956,0.031283,0.1924,0.62431,0.048909
0.01713,0,0.012108,0.0044309,0.0068048,0.01704,0.005695,0.038014,0.11345,0.78533
0.013887,0.1175,0.004101,0.005186,0.059862,0.12079,0.42346,0.23958,0.015633,0
0.14982,0.18988,0.12031,0.036591,0.06257,0.081761,0.085498,0.058104,0.13986,0.075604
0.22794,0.13252,0.07092,0.064644,0.073473,0.061406,0.029644,0.048827,0.09937,0.19125
0.28031,0.1279,0.031918,0.065196,0.096231,0.096211,0.051128,0.063393,0.076007,0.1117
0.073753,0.072756,0.019283,0.04863,0.097646,0.10426,0.091915,0.27236,0.12035,0.099048
0.047765,0.12229,0.11841,0.16786,0.36813,0.10786,0.037636,0.022483,0.0075602,0
0.064731,0.03215,0.048076,0.13845,0.082086,0.042107,0.06238,0.27203,0.11963,0.13836
0.15267,0.069043,0.14115,0.1422,0.13883,0.15117,0.10559,0.050789,0.025625,0.022927
0,0,0.0060123,0.060368,0.22471,0.36793,0.10861,0.17642,0.046095,0.0098639
0.0012814,0.00042273,0.00124,0,0.10426,0.034522,0.021811,0.066028,0.21555,0.55488
0.029036,0.054353,0.057465,0.34431,0.16092,0.11195,0.04373,0.026384,0.073681,0.098168
0.061832,0.04783,0.0124,0.018195,0.044752,0.15869,0.31088,0.15269,0.13365,0.059084
0.11178,0.32935,0.37782,0.071826,0.046472,0.048054,0.0055154,0.0025701,0.0066148,0
0.029863,0.03143,0.11511,0.05167,0.060304,0.20767,0.16133,0.03783,0.08291,0.22188
0.04438,0.099641,0.090498,0.35817,0.23639,0.082839,0.021608,0.023434,0.028787,0.01425
0.00016505,0,0,0.00095884,0.030922,0.051565,0.022174,0.19971,0.6201,0.074403
0.15036,0.12923,0.0845,0.18158,0.13821,0.086532,0.059812,0.056091,0.036768,0.076921
0.037957,0.031436,0.066236,0.018517,0.074542,0.24565,0.1805,0.085305,0.11985,0.14001
0.18122,0.045651,0.038896,0.095687,0.13722,0.23535,0.067107,0.063576,0.065181,0.070119
0.11241,0.061485,0.081056,0.12333,0.13785,0.13698,0.09891,0.055942,0.13616,0.055869
0.099502,0.094985,0.062225,0.088509,0.18997,0.13807,0.072836,0.074301,0.12024,0.059366
0.090995,0.084189,0.11639,0.086571,0.10179,0.202,0.10452,0.071188,0.077036,0.06532
0.10791,0.10176,0.064083,0.11967,0.20441,0.14401,0.10637,0.047491,0.053134,0.051162
0.091882,0.057258,0.076442,0.090003,0.19062,0.16164,0.068948,0.039601,0.059898,0.1637
0.033686,0.06347,0.061214,0.068478,0.18716,0.1825,0.16555,0.12545,0.058817,0.053674
0.070796,0.15581,0.11204,0.24387,0.1977,0.10008,0.06582,0.026246,0.017087,0.010552
0.058049,0.15393,0.12999,0.091784,0.13536,0.12356,0.15196,0.096204,0.041236,0.017916
0.047881,0.056644,0.093865,0.16797,0.16053,0.14822,0.12113,0.093123,0.075505,0.035144
0.036781,0.11683,0.14295,0.24628,0.11208,0.11415,0.097828,0.047664,0.051554,0.033877
