0.06036,0.040046,0.043902,0.082061,0.35765,0.26778,0.089956,0.021607,0.017191,0.019447
0.13179,0.18204,0.11112,0.13265,0.13105,0.073528,0.083099,0.068301,0.048672,0.037746
0.057616,0.074952,0.11917,0.085141,0.16702,0.24037,0.16886,0.030813,0.0075788,0.04848
0.041295,0.10433,0.10971,0.1344,0.11719,0.054396,0.13775,0.11474,0.066025,0.12016
0.032109,0.021693,0.039554,0.038676,0.031144,0.049822,0.15021,0.34035,0.15857,0.13787
0.13192,0.069335,0.020253,0.057295,0.17818,0.1333,0.030998,0.039008,0.17282,0.16689
0.17811,0.088233,0.046497,0.050427,0.13004,0.094091,0.28686,0.041913,0.020363,0.063472
0.10778,0.029641,0.088456,0.1277,0.2621,0.19057,0.082884,0.092241,0.01439,0.0042427
0.26214,0.033801,0.009178,0.0070829,0.14267,0.062787,0.01903,0.010754,0.08848,0.36408
0.062047,0.17819,0.21842,0.25828,0.058915,0.031527,0.01383,0.025842,0.040244,0.1127
0.35844,0.097034,0.17662,0.040933,0.13724,0.048088,0.042303,0.024645,0.01704,0.057653
0.37409,0.18097,0.05021,0.084105,0.061146,0.080199,0.040647,0.058613,0.036551,0.033479
0.22012,0.35603,0.0673,0.054863,0.10773,0.061711,0.019069,0.0094372,0.019063,0.084682
0.096695,0.10968,0.31167,0.33573,0.094105,0.0057641,0.00099906,0.0070141,0.015094,0.023254
0.0036606,0.062917,0.3329,0.30893,0.11381,0.13158,0.027009,0,0.0061012,0.013083
0.008549,0.0095986,0.0038359,0.011906,0.020294,0.37019,0.47286,0.089175,0.0097711,0.003824
0.0016088,0.011883,0.20991,0.27266,0.22866,0.10156,0.059653,0.048842,0.022394,0.042836
0.0094971,0.0045563,0.024162,0.004353,0.019018,0.15364,0.1484,0.03379,0.025672,0.57691
0.017962,0.040923,0.81781,0.051422,0.033152,0.032328,0,0.0064041,0,0
0.036776,0.024954,0.0074551,0.035644,0.18001,0.3743,0.16235,0.04003,0.054341,0.084142
0.10609,0.010294,0.010187,0.043311,0.04397,0.11654,0.089164,0.12013,0.16785,0.29246
0.0035679,0.029696,0.088052,0.37208,0.21447,0.19383,0.048142,0.015783,0.001682,0.032695
0,0.0071615,0.036909,0.010308,0.24536,0.60516,0.073308,0.0017927,0.012235,0.0077648
