0,0.0083532,0.020863,0.0016582,0.020926,0.044474,0.054524,0.058134,0.72568,0.065383
0.091784,0.017846,0.11531,0.41766,0.25435,0.031201,0.0036589,0,0.018527,0.049659
0.031245,0.02256,0.054178,0.043451,0.22281,0.20536,0.12334,0.086601,0.10649,0.10397
0.074415,0.078983,0.11977,0.11634,0.16117,0.11906,0.13106,0.06335,0.093369,0.042484
0.0268,0.088461,0.20086,0.066651,0.1664,0.16758,0.10619,0.071397,0.030467,0.075208
0.043215,0.034755,0.057941,0.11317,0.13902,0.14801,0.21435,0.0921,0.073059,0.084379
0.067624,0.013081,0.032059,0.091985,0.080283,0.10636,0.19631,0.23095,0.11424,0.067111
0.058632,0.12096,0.049849,0.09321,0.11708,0.25434,0.13118,0.136,0.031079,0.0076752
0.11632,0.012717,0.012672,0.0065933,0.02016,0.12369,0.29192,0.1369,0.051915,0.22712
0.030585,0.025586,0.012103,0.073156,0.27563,0.16333,0.096856,0.10191,0.11568,0.10516
0.10941,0.067037,0.017998,0.019839,0.052632,0.10426,0.038865,0.081191,0.14862,0.36014
0.048403,0.041966,0.033818,0.06519,0.086239,0.071211,0.079377,0.11074,0.21383,0.24923
0.12798,0.18137,0.12814,0.082617,0.063875,0.10657,0.096983,0.037415,0.095189,0.079864
0.28559,0.14962,0.081776,0.038437,0.061564,0.080056,0.10865,0.041112,0.07947,0.073722
0.027498,0.14282,0.17306,0.083927,0.1529,0.062945,0.04564,0.14008,0.083656,0.087476
0.2435,0.17507,0.17646,0.056243,0.056897,0.1349,0.048456,0.036314,0.02945,0.042719
0.29749,0.23084,0.12671,0.045343,0.057513,0.11459,0.031102,0.067845,0.0083276,0.020232
0.61252,0.2114,0.060282,0.014667,0.021091,0.015348,0.0052723,0.0080426,0.0040272,0.047355
0.10339,0.07476,0.044017,0.03707,0.073019,0.14183,0.14091,0.13124,0.15598,0.097769
0.31235,0.23581,0.098048,0.063807,0.051798,0.029872,0.021205,0.028654,0.070249,0.088214
0.14606,0.16951,0.12091,0.061629,0.034097,0.12543,0.052401,0.047368,0.1259,0.1167
