0.21819,0.38506,0.20163,0.10691,0.0013325,0.019566,0,0.00091728,0.0026681,0.063722
0.0042182,0.2459,0.28915,0.064043,0.055607,0.039605,0.033013,0.18556,0.078595,0.0043167
0.010706,0.014384,0.0027622,0,0.051249,0.08898,0.13023,0.056038,0.11457,0.53108
0.030661,0.14226,0.064398,0.03116,0.032382,0.019448,0.029981,0.089935,0.32836,0.23142
0.14149,0.12364,0.042896,0.055865,0.08696,0.084694,0.21541,0.21259,0.021937,0.014523
0.051228,0.025016,0,0.0018977,0.010298,0.05759,0.076153,0.36229,0.37982,0.035708
0.20298,0.45905,0.10456,0.049634,0.0076128,0.0039,0.032967,0.078831,0.026113,0.03436
0.35599,0.31688,0.040588,0.018873,0.050272,0.11064,0.0097165,0.0044066,0.036382,0.056241
0.075488,0.13898,0.16637,0.2333,0.15961,0.12817,0.013179,0.015576,0.032195,0.037134
0.010591,0.0080216,0.10205,0.061695,0.017661,0.0092459,0.11581,0.035791,0.16324,0.4759
0.011561,0.13843,0.048651,0.13774,0.075042,0.10752,0.027808,0.097223,0.32921,0.026817
0.0786,0.10167,0.0742,0.042856,0.016687,0.044424,0.059812,0.046567,0.074572,0.46062
0.19924,0.20672,0.11187,0.11819,0.15288,0.045445,0.079286,0.035913,0.031785,0.018671
0.085161,0.11513,0.058616,0.067249,0.13644,0.047286,0.023481,0.020454,0.14004,0.30614
0.10518,0.18284,0.036224,0.15788,0.17773,0.11183,0.033888,0.074086,0.010134,0.1102
