0.010375,0,0.0076674,0.082013,0.065696,0.11297,0.080685,0.06401,0.093579,0.483
0.077426,0.027831,0.070482,0.021427,0.021033,0.050997,0.17565,0.30128,0.057075,0.19679
0.01308,0.0049567,0.0026074,0.032927,0.11749,0.15774,0.43309,0.20326,0.016452,0.018398
0.36202,0.52775,0.089004,0,0.005876,0,0,0,0.0025538,0.012795
0.034789,0.041442,0.026745,0.015034,0.12316,0.20993,0.27176,0.11648,0.14063,0.020038
0.16815,0.087441,0.050704,0.093221,0.23716,0.080488,0.024793,0.05619,0.054708,0.14714
0.044769,0.056694,0.014968,0.028975,0.067516,0.065859,0.13255,0.15497,0.068634,0.36506
0.1973,0.18678,0.054979,0.043859,0.044677,0.051477,0.043126,0.16812,0.19596,0.013716
0.040022,0.29369,0.13315,0.085384,0.073936,0.17938,0.026748,0.058001,0.071405,0.038284
0.49078,0.21092,0.18231,0.050585,0.007471,0.0043305,0.016411,0.018308,0.0056111,0.013274
0.24679,0.037577,0.10461,0.099168,0.19754,0.20756,0.063239,0.00091308,0.024543,0.018057
0.55718,0.31527,0.091684,0.0085744,0.023574,0.0020157,0,0.00017975,0.001248,0.00027847
0.59028,0.28634,0.022957,0.012641,0.0045119,0.012415,0.0002495,0.031061,0.034212,0.0053241
0.60548,0.098016,0.098347,0.023825,0.011052,0.13435,0.0073825,0.016894,0.0017448,0.0029131
0.10593,0.11119,0.21248,0.094391,0.080364,0.03358,0.020648,0.079808,0.067779,0.19382
0.00055032,0.06526,0.37443,0.31898,0.058995,0.1471,0.019983,0.010551,0.0041503,0
0.035312,0.048293,0.015635,0.47906,0.3399,0.052449,0.0072974,0.0080147,0,0.014036
0.1901,0.083689,0.26923,0.063507,0.14999,0.10778,0.01757,0.015849,0.0096151,0.092671
0.028844,0.44604,0.17399,0.20838,0.081309,0.018364,0.00064284,0.026679,0.007956,0.0077927
0.34175,0.38939,0.020846,0.11075,0.026584,0.025115,0.0031703,0.069924,0.0024351,0.010028
0.032655,0.13057,0.0054738,0.010971,0.017446,0.021001,0.099892,0.056921,0.056712,0.56836
0.037309,0.054347,0.11556,0.097866,0.10376,0.22783,0.054492,0.025038,0.19623,0.087565
0.025827,0.030276,0.10478,0.029104,0.16354,0.076654,0.022452,0.030779,0.2272,0.2894
0.1367,0.071161,0.052565,0.015459,0.13103,0.11079,0.1303,0.1982,0.085208,0.068582
0.38129,0.28195,0.10712,0.12379,0.040425,0.0078335,0.025612,0.031431,0.00054451,0
