0.045756,0.058791,0.087054,0.13721,0.17077,0.22035,0.13161,0.053711,0.055994,0.038758
0.030114,0.045551,0.14875,0.2023,0.10166,0.21351,0.1479,0.044911,0.054091,0.011217
0.038133,0.057799,0.07981,0.13405,0.12673,0.10305,0.21439,0.037101,0.099122,0.10982
0.071133,0.053776,0.070814,0.13479,0.055439,0.094384,0.21598,0.17553,0.11073,0.01743
0.05184,0.21289,0.20821,0.19958,0.039816,0.055808,0.073157,0.094022,0.015114,0.049569
0.045477,0.051738,0.076268,0.090753,0.13373,0.30493,0.17751,0.058686,0.033947,0.02696
0.015799,0.052998,0.063503,0.23688,0.1649,0.19578,0.15914,0.079664,0.025097,0.0062407
0.0024488,0.0093475,0.010621,0.082587,0.20392,0.27752,0.15924,0.16809,0.046603,0.039616
0.061958,0.21771,0.43446,0.10311,0.011423,0.036214,0.051413,0.041591,0.021512,0.020618
0.16406,0.16637,0.43143,0.058006,0.014325,0.027805,0.060409,0.0060974,0.046633,0.024863
0.012842,0.053816,0.73641,0.16327,0.0075518,0.0026321,0.0078384,0.0022587,0.0024448,0.010937
0.01244,0.57721,0.37859,0.02249,0.0092654,0,0,0,0,0
0.012909,0.2697,0.35303,0.12722,0.22168,0.010561,0,0,0,0.0049038
0.037479,0.21684,0.71488,0.0023433,0.0027987,0,0,0,0.0047978,0.02086
0.51823,0.44863,0.0086973,0.0017651,0,0.0032299,0.00032618,0,0.0083682,0.010753
0.02301,0.014981,0.021431,0.0041598,0.20111,0.37128,0.10986,0.16365,0.024819,0.065701
0.0065078,0.079299,0.020579,0.066355,0.21923,0.18967,0.070566,0.15091,0.095345,0.10153
0.1004,0.051022,0.098938,0.26775,0.14901,0.057928,0.1545,0.05135,0.032652,0.036443
0.04125,0.017256,0.018106,0.018727,0.10015,0.13422,0.032995,0.13471,0.28025,0.22235
0.030279,0.026219,0.038925,0.032019,0.082696,0.085232,0.22888,0.08497,0.11607,0.27471
0.22464,0.17828,0.084432,0.11607,0.1628,0.099535,0.038212,0.052207,0.043824,0
0.040946,0.1438,0.1852,0.33046,0.067802,0.020012,0.032823,0.079714,0.050865,0.048389
0.15234,0.040668,0.013713,0.045073,0.069271,0.12346,0.12083,0.10301,0.21941,0.11223
0.091401,0.079408,0.17295,0.030854,0.085292,0.083248,0.037456,0.08682,0.090297,0.24227
0.27366,0.19027,0.18797,0.062286,0.14294,0.11382,0.023605,0.0026616,0.0023691,0.00042301
0.16609,0.0082497,0.037283,0.0088546,0.054757,0.26593,0.066052,0.17724,0.19734,0.018211
0.14426,0.056625,0.012367,0.073685,0.20434,0.015281,0.11966,0.034576,0.33142,0.0077862
0.015869,0.018107,0.033636,0.061001,0.042497,0.21053,0.11954,0.096105,0.17126,0.23145
0.35202,0.11904,0.091242,0.19639,0.029265,0.031098,0.049402,0.029982,0.030722,0.070828
0.40967,0.32376,0.05408,0.031228,0.025884,0.072999,0.035871,0.0094307,0.014214,0.02286
0.012893,0.018959,0.013024,0.0068629,0.035529,0.076353,0.053335,0.046578,0.6586,0.077868
0.026064,0.040175,0.066335,0.084552,0.14997,0.13316,0.053861,0.1558,0.13569,0.15439
0.52669,0.11556,0.013576,0.17914,0.03716,0.039289,0.0093444,0.043902,0.011481,0.023854
0.020545,0.025962,0.0077959,0.0070019,0.010998,0.025016,0.025712,0.06469,0.51268,0.2996
0.41161,0.29665,0.084379,0.059807,0.064078,0.050151,0.011431,0,0.0088249,0.013071
0.00089168,0.0037386,0,0.027642,0.044419,0.10083,0.079382,0.078094,0.18688,0.47812
0.61305,0.10074,0.031265,0.087894,0.0069855,0.00080793,0,0.11767,0.011972,0.029612
0.6164,0.26341,0.042127,0.028665,0.0021355,0.0043972,0.0011955,0.0024532,0.034329,0.0048878
0.0012945,0.013942,0.017576,0.0070548,0.0060297,0.017969,0.091072,0.32331,0.2849,0.23685
0.58787,0.15535,0.035242,0.067295,0.020483,0.012816,0.0042267,0.061861,0.05326,0.0015998
0.025498,0.17524,0.036532,0.07996,0.58255,0.049029,0.011759,0.0021049,0.03077,0.0065559
0.048646,0.014101,0.023527,0.029439,0.10051,0.084631,0.099889,0.1036,0.25407,0.24159
0.34738,0.26682,0.038253,0.029364,0.098785,0.049716,0.033236,0.015419,0.10312,0.017909
0.069833,0.15749,0.2967,0.072309,0.055834,0.006794,0.00034409,0.017406,0.029695,0.2936
0.11069,0.66081,0.098249,0.031475,0.010335,0.012413,0.046337,0,0.025565,0.004127
0.08215,0.14578,0.032399,0.11483,0.35341,0.1577,0.0067659,0.0081217,0.077758,0.021088
0.19654,0.095082,0.15333,0.16688,0.23582,0.057583,0.044274,0.0047663,0.014193,0.031537
0.0017784,0.060665,0.013328,0.0062919,0.017105,0.02205,0.059731,0.069773,0.45801,0.29127
0.016759,0.23411,0.032558,0.14903,0.11629,0.060781,0.031508,0.21133,0.11439,0.03324
0.21494,0.42327,0.1346,0.091741,0.050874,0.030433,0.0025723,0.0033709,0,0.048201
0.36937,0.37013,0.046574,0.0301,0.031046,0.010042,0.018025,0.048913,0.06422,0.011584
0.019816,0.018192,0.02288,0.0047798,0.024325,0.060135,0.024466,0.054814,0.11183,0.65876
0,0,0.007071,0.050049,0.044425,0.24496,0.2276,0.2654,0.087208,0.073286
0.077893,0.088498,0.053919,0.22788,0.073046,0.12804,0.11437,0.068749,0.12993,0.037682
0.020718,0.011449,0.032692,0.090622,0.14905,0.149,0.26441,0.20759,0.063433,0.011038
0.042501,0.38593,0.26369,0.093694,0.1412,0.030634,0.010236,0.0040498,0.025681,0.0023832
0.083202,0.0082906,0.010831,0.05568,0.069156,0.11835,0.062402,0.33037,0.24922,0.012496
0.16714,0.19909,0.081783,0.084436,0.069303,0.086237,0.084098,0.072812,0.049851,0.10525
0.028006,0.029018,0.039874,0.051545,0.13947,0.26966,0.14958,0.052252,0.18457,0.056028
0.082042,0.073081,0.19959,0.10971,0.17703,0.1977,0.092483,0.034819,0.0028764,0.030675
0.072945,0.53658,0.31861,0.025078,0.0067372,0.0027983,0.0021089,0.017269,0,0.017871
0.043494,0.00060489,0.00057294,0.0092996,0.014164,0.020094,0.018407,0.022507,0.079511,0.79135
0.81438,0.090082,0.030693,0.04828,0.0040343,0,0,0.012531,0,0
