0.015659,0.033355,0.1473,0.14248,0.15209,0.29998,0.13316,0.033797,0.003698,0.038478
0.017578,0.034132,0.43911,0.18534,0.17471,0.043793,0.012673,0.015938,0.065223,0.0115
0.016036,0.014768,0.0079079,0.023097,0.031244,0.11387,0.10884,0.27061,0.39427,0.01935
0.0053045,0.019043,0.0038747,0.057656,0.20383,0.18384,0.13252,0.10743,0.17872,0.10779
0.038796,0.13141,0.04708,0.16961,0.14253,0.042054,0.062727,0.018341,0.17012,0.17733
0.015924,0.0055217,0.089336,0.025147,0.049946,0.033777,0.52815,0.10495,0.069996,0.07725
0.2112,0.44275,0.11507,0.071562,0.064104,0.047904,0.021976,0.0052755,0.012881,0.0072653
0.072376,0.15112,0.04178,0.037161,0.067283,0.024665,0.046931,0.011685,0.32455,0.22246
0.028948,0.035517,0.038549,0.027602,0.043012,0.026444,0.088598,0.37164,0.29092,0.048771
0.019343,0.15235,0.17992,0.02694,0.043511,0.048028,0.023514,0.15361,0.27407,0.078706
0.016284,0.019461,0.045285,0.17305,0.16911,0.13838,0.10879,0.099282,0.099319,0.13105
0.070695,0.040375,0.023972,0.034723,0.11096,0.11976,0.15341,0.084292,0.10826,0.25354
0.035061,0.031248,0.037082,0.040427,0.15285,0.24266,0.19775,0.076876,0.098697,0.08735
0.13777,0.14829,0.13283,0.10057,0.093014,0.14236,0.15283,0.051706,0.028957,0.011692
0.064886,0.03929,0.039327,0.07814,0.11909,0.47415,0.048672,0.042219,0.054012,0.040209
0.039154,0.098218,0.13442,0.10508,0.10968,0.10095,0.1557,0.15608,0.060177,0.040534
0.046019,0.092688,0.12177,0.13547,0.21984,0.19016,0.06704,0.06364,0.037491,0.025882
0.0045637,0.026514,0.052063,0.18315,0.39291,0.16706,0.10257,0.0098135,0.022578,0.038783
0.018958,0.035646,0.075781,0.08502,0.15,0.29279,0.13141,0.084437,0.06323,0.062735
0.008018,0.039245,0.1908,0.32032,0.084162,0.15751,0.054824,0.067918,0.048169,0.029041
0.068764,0.067098,0.0058534,0.033281,0.31897,0.32321,0.10304,0.028654,0.028233,0.022901
0.011957,0.00085885,0.030231,0.014256,0.21888,0.067122,0.060603,0.25735,0.27049,0.068263
0.015408,0.034249,0.041859,0.079329,0.18876,0.1151,0.2416,0.19655,0.027217,0.059928
0.014659,0.022982,0.049548,0.10413,0.15518,0.20843,0.33061,0.073213,0.011269,0.029975
0.01584,0.023095,0.035147,0.094453,0.2028,0.33746,0.22134,0.035399,0.016527,0.017945
0.011037,0.014289,0.022994,0.038265,0.16403,0.22029,0.20587,0.27329,0.029011,0.020919
0.23539,0.077789,0.098649,0.07516,0.073759,0.048574,0.030688,0.027014,0.095971,0.237
0.037985,0.10611,0.071909,0.30406,0.46819,0.0080897,0.0036606,0,0,0
0.080344,0.85336,0.0065407,0.0039972,0,0.0028095,0,0.0050791,0.012176,0.035696
0.0023446,0.81472,0.042146,0.018467,0.0015796,0.021356,0,0.0045794,0.091573,0.0032355
0.0047714,0,0,0.48234,0.49347,0,0.0016785,0.0048454,0,0.012896
0.096416,0.89131,0.0068337,0.0018864,0,0,0,0,0.0035555,0
0.0013623,0.059835,0.88619,0.034437,0.00092007,0,0,0.010183,0.0070778,0
0.92987,0.0098926,0,0.0035651,0,0,0.0077897,0.042901,0.0059786,0
0.00023743,0.00034021,0,0.0029047,0.042434,0.07068,0.051274,0.20015,0.34245,0.28953
