0.099977,0.079431,0.023963,0.42102,0.13629,0.032475,0.090994,0.076596,0.039256,0
0.06889,0.046841,0.049584,0.073402,0.14474,0.25508,0.12161,0.10994,0.068327,0.061588
0.16538,0.10823,0.097534,0.091577,0.21196,0.13829,0.06979,0.028923,0.051703,0.036615
0.043057,0.32533,0.28898,0.029255,0.10341,0.077682,0.021341,0.036294,0.019547,0.055112
0.053853,0.067121,0.40779,0.10741,0.17987,0.1048,0.011152,0.016927,0.039487,0.011597
0.021462,0.025783,0.080839,0.094312,0.10456,0.14176,0.10925,0.14133,0.1421,0.13859
0.029424,0.014646,0.0091693,0,0.035744,0.07134,0.097467,0.26598,0.22297,0.25326
0.084635,0.11593,0.076998,0.16853,0.18058,0.12296,0.069999,0.073698,0.037795,0.068873
0.012955,0.033403,0.059411,0.11401,0.13647,0.2987,0.18477,0.092724,0.051832,0.015728
0.023257,0.10477,0.020984,0.11654,0.073644,0.064525,0.11514,0.14527,0.15948,0.1764
0.39062,0.3354,0.080259,0.084389,0.071355,0.017875,0.0056249,0.0067207,0.0069665,0.00078739
0.74871,0.17435,0.024109,0.017429,0.0054546,0.0073811,0.0063369,0.014081,0.001756,0.00039276
0.41763,0.33251,0.18336,0.015094,0.016362,0.0085007,0.0037781,0.017252,0.00053453,0.0049905
0.51514,0.15794,0.11341,0.067914,0.048306,0.013692,0.029721,0.020394,0.0063067,0.027184
0.062009,0.050482,0.036804,0.15087,0.10693,0.076648,0.14434,0.29761,0.062941,0.011366
0.17198,0.28609,0.08767,0.21985,0.10557,0.040032,0.042388,0.019055,0.01362,0.013744
0.038666,0.01045,0.077099,0.051908,0.061504,0.056481,0.15801,0.19178,0.23865,0.11546
0.10821,0.18005,0.082815,0.16433,0.16928,0.18947,0.036651,0.031121,0.029682,0.0083906
0.27983,0.1903,0.12008,0.068325,0.035588,0.10123,0.10095,0.042287,0.020461,0.040945
0,0,0.019044,0.046192,0.7877,0.014831,0.02473,0.022554,0.012067,0.072877
0.24517,0.6444,0.018396,0,0.051136,0.037379,0.0035161,0,0,0
0.003428,0.37295,0.52366,0.020576,0.0028969,0.047387,0.029101,0,0,0
0.0038706,0.036951,0.093233,0.061954,0.18063,0.31045,0.11732,0.04171,0.038939,0.11494
0.010361,0.0042843,0.015175,0.088646,0.062215,0.12176,0.093407,0.09665,0.26653,0.24097
0.032008,0.027299,0.060828,0.13776,0.1777,0.1338,0.10008,0.14312,0.10259,0.084809
0.166,0.20815,0.10409,0.052262,0.021934,0.071925,0.060374,0.1549,0.058283,0.10208
0.45238,0.15582,0.057703,0.10215,0.073566,0.05756,0.045228,0.025908,0.021855,0.0078282
0.011316,0.03014,0.014704,0.023853,0.02611,0.020053,0.137,0.21599,0.25764,0.26318
0.082047,0.044001,0.41297,0.044133,0.065745,0.045728,0.041426,0.11217,0.087271,0.064505
0.17348,0.40363,0.10016,0.01546,0.020867,0.0074207,0.070366,0.008161,0.061668,0.13878
0.032458,0.039304,0.13788,0.0037752,0.022553,0.051367,0.049037,0.014823,0.17147,0.47734
0.0076405,0.011715,0.02417,0.03703,0.0075348,0.050873,0.59683,0.24963,0.0093487,0.0052225
0.0034044,0.32367,0.62884,0.033898,0.010182,0,0,0,0,0
0.0052288,0.0056897,0.0026867,0.030292,0,0.0090687,0.0058521,0,0.0073356,0.93385
0.14743,0.3389,0.14791,0.038056,0.016684,0.011962,0.0098516,0.11972,0.041754,0.12774
0.44037,0.38789,0.042891,0.019565,0.081937,0.0086365,0.014326,0,0,0.0043847
0.95006,0.03033,0.013721,0.001737,0.002163,0,0,0,0,0.00199
0,0,0.0078521,0.013025,0.019703,0.048473,0.097186,0.25267,0.15904,0.40205
0.0042865,0.020994,0.035702,0.004845,0.12382,0.23474,0.067134,0.12201,0.12592,0.26055
0.082667,0.10833,0.018633,0.0898,0.15893,0.15025,0.088627,0.12291,0.088687,0.091164
0.0047506,0.047803,0.024043,0.042184,0.036292,0.16749,0.36956,0.23267,0.06604,0.0091685
