0.062749,0.11079,0.26675,0.37921,0.067715,0.061874,0.03016,0.01691,0.0038487,0
0.1243,0.096084,0.033117,0.21197,0.18003,0.031937,0.075391,0.084854,0.14248,0.01984
0.052446,0.051091,0.040813,0.09694,0.15114,0.22195,0.10794,0.19336,0.02028,0.064031
0.016305,0.05874,0.038235,0.09805,0.43335,0.20404,0.02951,0.06657,0.026712,0.028494
0.074982,0.13601,0.09513,0.14732,0.18066,0.087924,0.10536,0.071044,0.059013,0.042555
0.12726,0.11748,0.06252,0.048893,0.14427,0.20003,0.054292,0.033811,0.11307,0.098367
0.091322,0.40186,0.33717,0.037718,0.069385,0.048381,0.00047356,0,0.0025416,0.011156
0.10835,0.19234,0.18372,0.014384,0.014999,0.055568,0.085732,0.0676,0.08609,0.19121
0.15438,0.13518,0.18463,0.035317,0.18869,0.23799,0.050674,0.005124,0.0067862,0.0012122
0.14645,0.22063,0.081497,0.050431,0.080899,0.13346,0.10761,0.061195,0.079659,0.038175
0.026215,0.068091,0.022484,0.031655,0.17695,0.18953,0.1062,0.087559,0.1771,0.11421
0.014679,0.048021,0.056664,0.055315,0.16729,0.24534,0.14192,0.082584,0.092536,0.09565
0.0073716,0.0028277,0.00065153,0,0.021136,0.072619,0.58346,0.25735,0.039904,0.014676
0.027337,0.031571,0.028288,0.024126,0.075534,0.037896,0.084294,0.21831,0.10719,0.36546
0.01948,0.14804,0.094579,0.099087,0.19723,0.12495,0.073249,0.064092,0.079553,0.099745
0.064358,0.042651,0.074199,0.10565,0.21433,0.18118,0.066644,0.057965,0.082835,0.11019
0.01533,0.012993,0.034408,0.15234,0.26101,0.15825,0.11214,0.13024,0.088332,0.034973
0.033328,0.013724,0.043496,0.052519,0.15936,0.21496,0.17811,0.081033,0.10205,0.12142
0.035837,0.075685,0.030305,0.089802,0.04209,0.060397,0.12879,0.18761,0.15533,0.19416
0.020833,0.052782,0.02448,0.026082,0.039074,0.038394,0.15992,0.5022,0.059389,0.076848
0.38604,0.2253,0.18936,0.070203,0.095058,0.016805,0.0065305,0.0024663,0.0078852,0.00034491
0.58279,0.12128,0.091592,0.12028,0.032732,0.0146,0,0.02352,0,0.013203
0.42123,0.28425,0.04116,0.086797,0.021548,0.025818,0.022834,0.046456,0.043983,0.0059231
0.63605,0.20501,0.07382,0.049125,0.012355,0.012954,0.0044145,0.0022077,0,0.0040643
0.42226,0.16069,0.085694,0.032136,0.070748,0.069961,0.020754,0.011499,0.1129,0.013364
0.35576,0.21413,0.28047,0.053583,0.050651,0.012409,0.015037,0.014095,0,0.0038689
0.14515,0.15615,0.16906,0.2343,0.080266,0.040903,0.041935,0.02989,0.064708,0.037638
0.2986,0.20995,0.055207,0.10364,0.092041,0.056786,0.045816,0.026436,0.064806,0.046719
0.066992,0.050145,0.015246,0.0871,0.10406,0.07585,0.20539,0.339,0.036157,0.020064
0.12109,0.060116,0.11582,0.090034,0.072411,0.12156,0.078992,0.11502,0.14355,0.081416
0.40499,0.36864,0.11738,0.046966,0.019258,0.0091286,0.014974,0.0039418,0.0035155,0.011208
0.14741,0.11474,0.21158,0.14841,0.15111,0.13486,0.047046,0.033485,0.011039,0.00032733
0.019225,0.0067026,0.11916,0.18649,0.082007,0.092771,0.095851,0.10114,0.19273,0.10393
0.034621,0.048146,0.051246,0.0097364,0.116,0.12118,0.14166,0.085795,0.17912,0.21249
0.19638,0.15878,0.26617,0.16569,0.063785,0.070643,0.048644,0.0087831,0.012712,0.0084144
0.41252,0.10818,0.078283,0.11318,0.079414,0.1015,0.037453,0.02118,0.033098,0.015197
0.35408,0.091783,0.19358,0.10181,0.085539,0.067274,0.067727,0.027909,0.0048787,0.0054253
0.019235,0.15427,0.4332,0.35551,0.01956,0.0039873,0.011653,0,0,0.0025823
0,0,0.0024101,0.40501,0.46063,0.016104,0.072365,0.043479,0,0
0.030335,0.015124,0.01296,0.10446,0.17889,0.16802,0.21898,0.12994,0.068932,0.072372
0,0.19854,0.26761,0.47336,0.048142,0.012342,0,0,0,0
0.92296,0.0047551,0,0,0,0.072284,0,0,0,0
0.034949,0.85139,0.0233,0,0,0.015659,0.074698,0,0,0
0,0.055805,0.33668,0.47818,0.11168,0.016021,0.0016344,0,0,0
0.0067492,0.27572,0.12537,0.13862,0.013962,0.091682,0.06749,0.040698,0.092347,0.14736
0.0042573,0.040443,0.02234,0.13652,0.28756,0.27664,0.057329,0.042293,0.046274,0.086343
0.018556,0.041646,0.073793,0.099286,0.28466,0.11665,0.092873,0.06285,0.060326,0.14936
0.0047024,0.024128,0.041688,0.02036,0.027455,0.029694,0.066745,0.15112,0.30466,0.32944
0.012838,0.037542,0.080548,0.028114,0.086444,0.18556,0.099267,0.19344,0.12017,0.15608
0.022087,0.037576,0.055264,0.036242,0.051733,0.093027,0.039332,0.15384,0.2707,0.2402
0.17145,0.091641,0.057176,0.017084,0.049515,0.082315,0.14125,0.11299,0.15467,0.12192
0.17171,0.46753,0.13486,0.039303,0.072026,0.07017,0.01436,0,0.0088735,0.021162
0.6221,0.28978,0.040964,0.0098232,0.015096,0.01004,0.0073273,0.0048713,0,0
0.20777,0.35562,0.02853,0.0059301,0.04507,0.12535,0.099506,0.12374,0.0022823,0.0061997
0.039845,0.063248,0.051987,0.03067,0.14428,0.12185,0.054536,0.31059,0.075497,0.10749
0.029334,0.0204,0.0058244,0,0.063381,0.019197,0.010224,0.25143,0.18419,0.41602
0.1174,0.049233,0.056466,0.054317,0.50292,0.053727,0.0060803,0.031443,0.063439,0.064971
0.6016,0.11763,0.018811,0.09507,0.011388,0.0087411,0.015086,0.021236,0.050696,0.059748
0.011874,0.0044223,0.014014,0.02575,0.011708,0.21357,0.48662,0.056689,0.047542,0.12781
0.83167,0.05708,0.019501,0,0.0044355,0,0.0060715,0.0023839,0.017032,0.061831
0.029852,0.0022184,0.0021941,0.097771,0.025537,0.015487,0.057276,0.024941,0.5569,0.18782
0.040964,0.40783,0.46209,0.054523,0.0093613,0,0.0069404,0,0,0.01829
0.0040985,0.014682,0,0.19498,0.028574,0.044234,0.41878,0.2902,0.0023335,0.0021151
0.32758,0.11347,0.12734,0.12302,0.071075,0.094647,0.057149,0.084609,0,0.00111
0.068751,0.28906,0.26918,0.15349,0.11942,0.082895,0.00088931,0.0036561,0.010242,0.0024255
0.027511,0.31748,0.63215,0,0,0,0,0.0083878,0.014467,0
0,0.002998,0,0,0,0,0.0062021,0.0033989,0.06357,0.92383
0.02487,0.0059954,0.0092481,0.0036955,0,0.014752,0,0.0028358,0.02679,0.91181
0.5378,0.20768,0.0087305,0.036901,0.0013256,0.092008,0.0085274,0.018552,0.0311,0.057374
0.24705,0.051144,0.18329,0.21157,0.15921,0.05296,0.056333,0.02393,0.0053924,0.0091259
0,0.45921,0.44351,0.013751,0.026845,0.027931,0.023018,0.0057343,0,0
0.0022346,0.23114,0.68119,0.049038,0.0074226,0.0072758,0.014042,0.0076587,0,0
0.0060341,0.18046,0.41678,0.1064,0.053433,0.077541,0.088555,0.069187,0,0.0016102
0.93982,0.051461,0.004221,0,0.0023612,0,0,0,0,0.0021323
0,0,0.023519,0.039025,0.03511,0.077498,0.14035,0.20126,0.37347,0.10976
0,0.00084193,0,0.0093385,0.020678,0.047314,0.073761,0.25085,0.12073,0.47649
0.046879,0.028921,0.068377,0.10366,0.072233,0.074104,0.17061,0.11594,0.20315,0.11612
0.16189,0.054719,0.01699,0.039935,0.19206,0.070043,0.08593,0.085844,0.13118,0.1614
0.10762,0.09526,0.069643,0.03942,0.046261,0.085067,0.19482,0.3103,0.016302,0.035305
0.03403,0.071854,0.040687,0.13399,0.31929,0.11511,0.089809,0.011587,0.093643,0.090003
0.023099,0.037906,0.019196,0.042213,0.04086,0.19637,0.40253,0.064854,0.093369,0.079603
0.027069,0,0.0010366,0.015411,0.098762,0.42943,0.21436,0.099562,0.05494,0.059435
0.02001,0,0.039595,0.0034471,0,0.0074642,0.040623,0.076027,0.33106,0.48178
