0.12005,0.25918,0.09768,0.034494,0.087095,0.082819,0.064413,0.034098,0.065304,0.15486
0.16115,0.27946,0.098092,0.025574,0.032544,0.0078817,0.020049,0.24149,0.098857,0.034906
0.008247,0.0086277,0.040184,0.047261,0.24949,0.55417,0.055327,0.02888,0.00080131,0.0070058
0.019762,0,0.039288,0.28485,0.18536,0.27423,0.17988,0.015031,0.0015973,0
0.018252,0.0093891,0.014613,0.020738,0.095585,0.073485,0.16849,0.14199,0.11724,0.34022
0.26304,0.097717,0.052867,0.041768,0.093754,0.24727,0.14753,0.030076,0.0098695,0.016098
0.027667,0.042266,0.025567,0.022109,0.032389,0.079012,0.36436,0.047197,0.16695,0.19249
0.052574,0.017594,0.068078,0.10567,0.13813,0.31475,0.22706,0.016206,0.02033,0.039602
0,0,0,0.030854,0.012723,0.0087668,0.37494,0.31779,0.23807,0.016851
0,0,0.035954,0.017606,0.50067,0.21248,0.14155,0.041606,0.017552,0.032584
0.0089122,0.0052352,0.0057625,0.0022538,0.00070557,0.0066822,0.00099078,0.079697,0.33707,0.55269
0.00099287,0.0059144,0.0052927,0.011238,0.01991,0.13411,0.29221,0.37809,0.089684,0.06256
0,0.00057121,0.0052698,0.017746,0.0049864,0.010657,0.038444,0.17138,0.25923,0.49172
0.072243,0.054958,0.0936,0.22785,0.11621,0.081311,0.089655,0.12002,0.052998,0.091151
0.1314,0.28896,0.28104,0.11415,0.065587,0.027085,0.033077,0.01425,0.019721,0.024734
0.048661,0.026091,0.16034,0.29819,0.070084,0.076781,0.098108,0.055498,0.076206,0.090047
0.0034826,0.06082,0.17527,0.41081,0.28154,0.017474,0.021345,0.016865,0.0066556,0.0057444
0.72072,0.098466,0.037471,0.047348,0.055513,0.022232,0.0090755,0.00090838,0.0040167,0.0042534
0.00078717,0.0063535,0.018844,0.0077606,0.38927,0.3283,0.16745,0.022255,0.020225,0.03875
0.0039275,0.023655,0.0060907,0.0099952,0.14367,0.18456,0.14376,0.11788,0.20004,0.16641
0.043587,0.032494,0.033482,0.14898,0.080626,0.19716,0.17868,0.14722,0.089831,0.047936
0.02247,0.021441,0.065648,0.081279,0.22973,0.22527,0.18334,0.061366,0.062046,0.047414
0.0059114,0.015051,0.053893,0.098124,0.1402,0.45355,0.10419,0.042076,0.039971,0.047038
0.022943,0.039363,0.017204,0.21703,0.2807,0.1348,0.080712,0.025663,0.078739,0.10284
0.032518,0.038452,0.10022,0.21657,0.28962,0.20443,0.053521,0.040153,0.013738,0.010777
0.049176,0.045,0.074743,0.049079,0.17299,0.13915,0.32052,0.08134,0.047656,0.020338
0.53232,0.25355,0.063496,0.040905,0.053466,0.030175,0.012632,0.0098624,0,0.0035964
0.014026,0.041062,0.080317,0.27672,0.22872,0.088851,0.11132,0.044651,0.068437,0.045886
0.11965,0.20195,0.06908,0.13225,0.1921,0.09695,0.095278,0.034724,0.029429,0.028588
0.041817,0.043453,0.080013,0.13032,0.22211,0.34177,0.073572,0.019641,0.021711,0.025593
0.024785,0.019307,0.016754,0.062356,0.58089,0.14711,0.098072,0.025849,0.013625,0.011253
0.03041,0.021531,0.012317,0.11014,0.33156,0.26795,0.078728,0.073217,0.035695,0.038448
0.024345,0.016316,0.014496,0.062973,0.19765,0.4036,0.10026,0.071115,0.044465,0.064779
0.094204,0.028131,0.04466,0.15434,0.41092,0.14159,0.014757,0.031855,0.030169,0.049371
0.06044,0.060052,0.034359,0.028383,0.013562,0.10822,0.032808,0.41734,0.18424,0.060594
0.020936,0.025628,0,0.0001849,0.0017367,0.0060591,0.013761,0.47445,0.29071,0.16653
0.31684,0.26228,0.13972,0.12677,0.048497,0.0025976,0.0043494,0.066641,0.029084,0.003219
0.47886,0.3066,0.097664,0.014282,0.011432,0.0073639,0.034676,0.034644,0.012348,0.0021252
0.05523,0.92954,0.011183,0.0026928,0.00027428,0,0,0.00038028,0,0.00069683
0,0.31804,0.4829,0.15342,0.021115,0.0015858,0.0021405,0.007636,0.013166,0
0.12035,0.87154,0.0043315,0,0.0016864,0,0,0,0.0020927,0
0.0094169,0.67246,0.0077599,0,0.0017248,0.038676,0,0,0.21914,0.050826
0.037105,0.025018,0.0012518,0.00027592,0.23261,0.25354,0.20599,0.092406,0.058747,0.093063
0.30431,0.040787,0.082084,0.27472,0.18301,0.062021,0.038319,0.0057145,0.0013732,0.0076586
0.11046,0.0081244,0.13775,0.048803,0.14289,0.2207,0.062842,0.044362,0.12171,0.10235
0.020652,0.067439,0.10137,0.17764,0.34931,0.068507,0.0352,0.06111,0.070541,0.048222
0.030195,0.10753,0.13715,0.053414,0.034886,0.090754,0.060367,0.12693,0.19419,0.16459
0.030768,0.063205,0.043594,0.07171,0.049457,0.0922,0.084052,0.2034,0.080964,0.28065
0.0086708,0.12752,0.13852,0.25608,0.18822,0.11986,0.03538,0.05226,0.057415,0.016077
0.20781,0.14714,0.070081,0.29289,0.1065,0.064667,0.025493,0.0032393,0.03069,0.051493
0.063108,0.027902,0.016888,0.019551,0.1192,0.41172,0.27063,0.050794,0.018726,0.001484
0.011581,0.031552,0.021435,0.010496,0.31815,0.25801,0.11111,0.067637,0.073621,0.096405
0.0075037,0,0.0061432,0.0049981,0.029007,0.034182,0.027543,0.16027,0.32189,0.40847
0.027139,0.0064771,0.11118,0.10547,0.16557,0.22224,0.1042,0.22953,0.026746,0.0014387
0.032655,0.1431,0.090444,0.13351,0.13953,0.11843,0.086352,0.049707,0.1778,0.028473
0.12561,0.14625,0.0552,0.0085106,0.069437,0.030581,0.021204,0.037997,0.15058,0.35463
0.15573,0.041111,0.010519,0.074286,0.083077,0.20785,0.21369,0.026316,0.10787,0.079559
0.17496,0.021319,0.16199,0.25853,0.25587,0.028481,0.014717,0.052618,0.031511,0
0.21052,0.23619,0.3332,0.047256,0.025258,0.013698,0.02306,0.047893,0.047037,0.015888
0.21522,0.15452,0.28298,0.31581,0.0069159,0.021384,0.0031663,0,0,0
0.03878,0.037416,0.23308,0.51067,0.1727,0.0044359,0,0,0,0.0029157
0.031217,0.10224,0.1065,0.058298,0.26896,0.24828,0.034761,0.074546,0.047274,0.027923
0.26537,0.53923,0.13376,0.034512,0.013161,0,0.00117,0,0.010085,0.0027095
0.94941,0.008544,0.021884,0.018235,0.0009557,0,0,0,0.0009726,0
0.36953,0.56214,0.027869,0.024248,0.010717,0.0015204,0,0,0.0039802,0
0.39089,0.1157,0.017836,0.0030478,0.17764,0.067997,0.039058,0.12579,0.0074308,0.054617
0.031705,0.045344,0.10993,0.59863,0.13134,0.042836,0.020939,0.011889,0.00051192,0.0068746
0.0029547,0.0094985,0.083622,0.22487,0.37785,0.23522,0.052052,0.0073304,0.0016158,0.0049872
0.070335,0.33151,0.092573,0.057434,0.079504,0.056163,0.058441,0.10596,0.082804,0.065271
0,0.00069607,0.00048497,0.0022942,0.00059358,0.00024885,0.0083377,0.0067571,0.13684,0.84374
0.039696,0.0292,0.040504,0.1079,0.22581,0.091624,0.078028,0.072958,0.19347,0.12081
0.0033149,0.027711,0.0060987,0.0076675,0.31552,0.44119,0.045956,0.019114,0.0080176,0.12541
0.14432,0.14722,0.21052,0.12099,0.10437,0.093901,0.01607,0.072084,0.047984,0.042535
0,0.009529,0.0069628,0.051593,0.047568,0.017377,0.011774,0.060958,0.43368,0.36056
0.00015242,0,0.003936,0.004257,0.0061536,0.014746,0.093379,0.057579,0.44004,0.37976
0.032074,0.041476,0.026243,0.040901,0.034186,0.13999,0.091556,0.09083,0.030926,0.47181
0.04001,0.073446,0.021957,0.039835,0.14044,0.078824,0.11046,0.11373,0.094093,0.2872
0.19243,0.19437,0.083993,0.04647,0.23499,0.021074,0.045014,0.046969,0.089539,0.045154
0.15732,0.33999,0.13631,0.0144,0.08503,0.058278,0.11095,0.097721,0,0
0.5863,0.22536,0.061799,0.02902,0.050252,0.047272,0,0,0,0
0.39879,0.43701,0.094904,0.059382,0.0053267,0.00052202,0.000389,0,0.002414,0.0012591
0.10234,0.010441,0.15212,0.50594,0.19592,0.016916,0.015512,0.00081593,0,0
0.016934,0.097511,0.10161,0.26714,0.12875,0.099076,0.11592,0.036723,0.10728,0.029061
0.0050455,0.011867,0.054757,0.31393,0.17389,0.043526,0.14811,0.17725,0.03971,0.031916
0.012943,0.013075,0.00051742,0.052413,0.037197,0.062556,0.2311,0.25155,0.11745,0.2212
0.050839,0.046062,0.016495,0.060169,0.07302,0.065464,0.096105,0.19312,0.21315,0.18557
0.0029015,0.023732,0.071966,0.039778,0.032385,0.071581,0.061386,0.23026,0.27554,0.19047
0.073895,0.42269,0.27363,0.099331,0.030186,0.016896,0.019285,0.041049,0.018981,0.0040511
0.25289,0.23651,0.1486,0.044311,0.038027,0.010047,0.16136,0.017046,0.038269,0.05294
0.22053,0.10085,0.042371,0.046144,0.077372,0.3525,0.10063,0.014179,0.033801,0.011627
0.19417,0.062426,0.1527,0.21139,0.17218,0.032984,0.022939,0.023624,0.082855,0.044738
0.47499,0.028974,0.038076,0.045647,0.037839,0.053425,0.053717,0.19918,0.062829,0.0053282
0.21991,0.34816,0.11958,0.11864,0.16085,0.020065,0.0017083,0,0.0033666,0.0077204
0.0090487,0.018538,0.020393,0.10578,0.47695,0.18043,0.16083,0.018085,0.0073646,0.0025834
0.88456,0.064431,0.030023,0.0060707,0.0089263,0,0.0011626,0,0.0026706,0.0021594
