0.1636,0.70059,0.12413,0.0048517,0.002994,0.0038314,0,0,0,0
0.052075,0.81619,0.10908,0.0047317,0.0087896,0.0062475,0.0028892,0,0,0
0.045281,0.049358,0.17514,0.2686,0.29406,0.020143,0.01372,0.013244,0.03684,0.083608
0.042034,0.10765,0.16821,0.39588,0.09812,0.078832,0.0083853,0.022499,0.040494,0.037889
0.038502,0.0059885,0.024404,0.060426,0.052997,0.10731,0.1975,0.064548,0.1341,0.31423
0.058704,0.38781,0.26212,0.051336,0.041908,0.036572,0.040583,0.034499,0.044251,0.042211
0.11515,0.10967,0.022754,0.096034,0.095434,0.16803,0.23116,0.038604,0.0836,0.03956
0.033826,0.094365,0.05058,0.086457,0.071032,0.05985,0.1177,0.18631,0.11596,0.18393
0.029942,0.023682,0.060042,0.10176,0.17247,0.10295,0.14678,0.13357,0.14653,0.08227
0.062921,0.10712,0.07347,0.33896,0.17846,0.11563,0.048386,0.027144,0.041593,0.006312
0.1653,0.10615,0.12456,0.066486,0.37535,0.12278,0.023667,0.011636,0.0038956,0.00017083
0.25108,0.34891,0.1625,0.037583,0.078495,0.045553,0.0017197,0.026784,0.043845,0.0035376
0.069133,0.018257,0.010348,0.11643,0.12862,0.31101,0.15447,0.15618,0.032223,0.0033297
0.0076523,0.0072795,0.15678,0.08619,0.11407,0.20521,0.042259,0.039356,0.075888,0.26532
0.018993,0.014507,0.06407,0.040438,0.21095,0.16652,0.11167,0.19689,0.072815,0.10316
0.05768,0.051516,0.3184,0.086985,0.25499,0.11437,0.095562,0.0022656,0.00087442,0.017361
0.084265,0.18616,0.19119,0.24759,0.078794,0.10325,0.074389,0.0078087,0.012736,0.013825
0.082274,0.02736,0.028191,0.14545,0.17804,0.17854,0.090672,0.083123,0.093694,0.092653
0.069926,0.12752,0.073246,0.26811,0.1418,0.11804,0.048729,0.036467,0.036919,0.07925
0.16451,0.22232,0.14125,0.098157,0.1572,0.11752,0.021929,0.013924,0.032942,0.030247
0.13662,0.39817,0.13921,0.079027,0.16463,0.038751,0.005074,0.0054906,0.016751,0.016265
0.15647,0.23795,0.1058,0.17473,0.1405,0.15551,0.010559,0.0024806,0.0056592,0.010338
0.15222,0.19432,0.044862,0.082628,0.32072,0.19365,0.00068407,0.005139,0,0.0057727
0.10646,0.06626,0.059483,0.272,0.22011,0.11404,0.12756,0.025453,0.0028509,0.0057736
0.057172,0.049077,0.021402,0.091104,0.54863,0.10943,0.021859,0.048814,0.017549,0.034958
0.019642,0.025441,0.067697,0.023321,0.044873,0.25187,0.13842,0.15509,0.11199,0.16166
0.061528,0.048234,0.06188,0.019204,0.034111,0.067847,0.21746,0.25001,0.10697,0.13276
0.013405,0.031147,0.019391,0.011009,0.13696,0.4274,0.11983,0.068919,0.08539,0.086554
0.03845,0.050006,0.081515,0.089874,0.11051,0.14201,0.26236,0.11834,0.054896,0.052046
0.2136,0.26085,0.083278,0.2391,0.14505,0.0069869,0.019994,0.015698,0.014488,0.00095505
0.51507,0.16912,0.12944,0.046045,0.089721,0.029261,0.0031279,0.0097643,0.0084536,0
0.03976,0.001329,0.001477,0.001275,0.0028737,0.003056,0.016732,0.059776,0.56721,0.30652
0.0087907,0.24807,0.15599,0.27846,0.16894,0.099419,0.024905,0.0093836,0,0.0060498
0.061964,0.7814,0.13243,0.0096704,0.0013892,0,0,0,0.0077454,0.0053962
0.64607,0.022169,0.0059709,0.02944,0.054556,0.11424,0.036677,0.0041172,0.031353,0.055404
0.48274,0.010159,0.081578,0.20792,0.067109,0.016915,0.056896,0.059681,0.015821,0.0011878
0.066402,0.56211,0.24039,0.017282,0.041291,0.026188,0,0.0441,0.0022426,0
0.42031,0.39661,0.12233,0.02222,0.0022329,0,0.0031199,0.006002,0.01254,0.01464
0.075874,0.15149,0.078093,0.10766,0.032889,0.082239,0.097708,0.077633,0.21664,0.079778
0.095722,0.29717,0.018347,0.036078,0.071038,0.093573,0.022521,0.075474,0.067564,0.22251
0.01477,0.011336,0.18228,0.12849,0.19254,0.067646,0.078482,0.063906,0.092892,0.16766
0.03139,0.047021,0.040262,0.19722,0.26055,0.089094,0.070564,0.083436,0.1409,0.039564
0.018007,0.025994,0.041023,0.087024,0.38483,0.31992,0.04483,0.02565,0.0141,0.038622
0.028967,0.053937,0.062162,0.20878,0.15374,0.081229,0.020941,0.062493,0.11556,0.21219
0.0053281,0.095921,0.19853,0.19905,0.11405,0.079702,0.062289,0.1991,0.033784,0.012246
0.24034,0.29706,0.06595,0.085025,0.21972,0.032445,0.0051181,0.00090419,0.0014585,0.051972
0.046866,0.022923,0.12188,0.30085,0.14842,0.3086,0.040595,0.0098693,0,0
0.0058478,0.0082475,0.013855,0.0057025,0.010562,0.030858,0.19499,0.63014,0.063585,0.036209
0.26209,0.10636,0.062942,0.097421,0.19271,0.21082,0.023798,0.020356,0.014578,0.008922
0.0053925,0.0078223,0.016725,0.019874,0.010802,0.028619,0.041664,0.13766,0.38348,0.34796
0.0073797,0.014083,0.00084984,0.012166,0.033046,0.09297,0.33083,0.11177,0.12957,0.26734
