0,0,0,0.0060154,0.049064,0.028599,0.015945,0.6953,0.17886,0.026217
0.0083504,0.0054458,0.020363,0.021821,0.0058737,0.0062164,0.026435,0.028141,0.48703,0.39033
0.034252,0.056174,0.054651,0.046448,0.11446,0.12584,0.18996,0.086154,0.14118,0.15089
0.065528,0.028317,0.12509,0.068011,0.12137,0.32016,0.15262,0.077447,0.014023,0.027444
0.23307,0.10308,0.14742,0.13749,0.079851,0.021343,0.053679,0.070556,0.13339,0.020118
0.15523,0.20797,0.045278,0.061281,0.066724,0.073347,0.10489,0.114,0.1394,0.031876
0.16018,0.21257,0.17276,0.11683,0.089914,0.048321,0.039662,0.058459,0.064674,0.036632
0.070387,0.12292,0.032376,0.041467,0.047178,0.087163,0.13076,0.15499,0.22771,0.085048
0.023412,0.068423,0.051452,0.041421,0.0179,0.032761,0.069675,0.3431,0.16984,0.18201
0.018662,0.047373,0.16047,0.1535,0.1541,0.12165,0.149,0.082674,0.046036,0.066528
0.049133,0.038016,0.088809,0.15947,0.1426,0.14597,0.18791,0.13224,0.049109,0.0067329
0.037258,0.28102,0.23758,0.10762,0.081134,0.045503,0.079582,0.018501,0.086676,0.025131
0.023179,0.15694,0.068749,0.075996,0.10686,0.25914,0.067348,0.055701,0.098457,0.087625
0.053155,0.041714,0.081637,0.1985,0.12764,0.13651,0.16157,0.081137,0.068305,0.049832
0.024366,0.012749,0.043304,0.024251,0.068041,0.16607,0.20479,0.24142,0.091888,0.12312
0.042319,0.077627,0.031071,0.049562,0.047779,0.043295,0.095588,0.15602,0.33281,0.12393
0.0087457,0.023813,0.069362,0.056355,0.13472,0.16844,0.28637,0.15498,0.059877,0.03734
0.0333,0.020328,0.067129,0.07387,0.13717,0.28828,0.24683,0.092885,0.026819,0.013387
0.0068968,0.015452,0.078029,0.12115,0.23412,0.31291,0.086971,0.060045,0.050103,0.034335
