0.057994,0.07601,0.035512,0.078741,0.3613,0.36622,0.014905,0.0039699,0.0048402,0.00050982
0.030775,0.072516,0.051128,0.020747,0.13238,0.64379,0.029765,0.0062196,0,0.012688
0.094363,0.12985,0.078268,0.043969,0.2918,0.32025,0.026836,0.009272,0.005394,0
0,0.004288,0.087646,0.015634,0.036517,0.36018,0.24679,0.049813,0.15665,0.042484
0.054355,0.25232,0.030679,0.063079,0.016778,0.23841,0.13165,0.035456,0.10184,0.075435
0.0058683,0,0.00080415,0.028726,0.45497,0.2592,0.04594,0.02707,0.12866,0.048763
0.56214,0.17848,0.027875,0.1121,0.082304,0.019987,0.0017242,0.0032317,0.0040625,0.0080916
0.020933,0.056308,0.13597,0.1135,0.15764,0.16027,0.2353,0.047911,0.03504,0.037134
0.017473,0.02807,0.042686,0.16765,0.1708,0.2135,0.073573,0.17421,0.081823,0.030211
0.051355,0.066955,0.081312,0.23189,0.14488,0.074924,0.080084,0.071117,0.10495,0.09253
0.069436,0.11347,0.15827,0.10245,0.18899,0.03934,0.097884,0.06907,0.050191,0.1109
0.23246,0.17238,0.26838,0.065323,0.046089,0.010229,0.037235,0.068718,0.056453,0.042733
0.0079901,0.0025617,0.065369,0.054763,0.18468,0.2881,0.18735,0.15434,0.040184,0.014665
0.015426,0.034862,0.019951,0.051371,0.075446,0.074492,0.10373,0.18044,0.34188,0.1024
0.057927,0.074515,0.03979,0.035821,0.0091514,0.064784,0.10747,0.1218,0.2459,0.24284
0.044291,0.049304,0.051166,0.092881,0.080453,0.10483,0.11157,0.26936,0.081752,0.11439
0.059452,0.048863,0.063267,0.075257,0.083504,0.070765,0.054408,0.044045,0.18516,0.31528
0.095677,0.077013,0.053633,0.10088,0.018816,0.083476,0.16871,0.33408,0.045001,0.022708
0.060341,0.095771,0.14473,0.047682,0.044605,0.10578,0.25742,0.10933,0.065856,0.068482
0.065837,0.043865,0.11751,0.045523,0.1068,0.11,0.15231,0.063657,0.095768,0.19872
0.1379,0.065632,0.03067,0.017153,0.035092,0.077605,0.041231,0.098854,0.15675,0.33911
0.10834,0.021709,0.018573,0.0011773,0.010668,0.056991,0.098483,0.15607,0.40458,0.12341
0.038012,0.036173,0.29883,0.22772,0.15665,0.19614,0.0060468,0.012608,0.019116,0.0087098
0.033727,0.021058,0.0065466,0.033752,0.0050032,0.012476,0.018422,0.0033711,0.018393,0.84725
0.031372,0.021249,0.12499,0.0056897,0.11483,0.088074,0.061993,0.17365,0.21188,0.16629
0.0013865,0.008757,0.063394,0.0011428,0,0.045884,0.079967,0.11619,0.59926,0.084025
0.024899,0.12455,0.023007,0.014444,0.072877,0.10623,0.18421,0.24427,0.12345,0.082065
0.22067,0.025759,0.042808,0.0072143,0.017186,0.043154,0.52197,0.086989,0.029032,0.0052182
0.065508,0.10595,0.009752,0.029572,0.21234,0.15034,0.22331,0.092633,0.044399,0.066204
0.54091,0.28423,0.06532,0.04073,0.012783,0.032053,0.014018,0.0016045,0.0083517,0
0.0069422,0.036203,0.018112,0.02277,0.11589,0.03766,0.094396,0.2264,0.34482,0.096803
0.0036108,0.011038,0.039224,0.0042073,0.070497,0.072351,0.062623,0.31808,0.35855,0.059819
0.15755,0.34561,0.28563,0.13773,0.019007,0.014232,0.00094228,0.011025,0.021337,0.0069318
0.00043337,0.0053951,0.011669,0.1701,0.21565,0.39803,0.1847,0.0071119,0.0069103,0
0.0023759,0.017226,0.2616,0.38051,0.23203,0.044964,0.011428,0.010292,0.014305,0.02527
0.0079228,0.11647,0.10184,0.073532,0.049549,0.033715,0.018705,0.0034183,0.07025,0.52459
0.011607,0.11037,0.26931,0.13753,0.25031,0.073922,0.011614,0.010661,0.021725,0.10296
0.059408,0.23191,0.28176,0.1736,0.074638,0.045034,0.02582,0.015315,0.041834,0.050683
0.082905,0.1453,0.26384,0.14078,0.050152,0.054822,0.060753,0.094833,0.09202,0.014592
0.091371,0.20012,0.10805,0.076277,0.031567,0.01757,0.036621,0.14959,0.11715,0.17169
0.065861,0.12829,0.22109,0.13317,0.14382,0.061871,0.046639,0.10521,0.053971,0.040075
0.095357,0.056725,0.23064,0.1893,0.20154,0.034884,0.029204,0.036026,0.11734,0.0089925
0,0.0023759,0,0.0059317,0.028187,0.050093,0.11022,0.33173,0.089867,0.3816
0.042878,0.057703,0.060703,0.069934,0.56226,0.049551,0.026661,0.078198,0.027505,0.024608
0.42686,0.065365,0.10004,0.046562,0.0223,0.04876,0.046597,0.062799,0.15673,0.023991
0.1424,0.12256,0.051254,0.067904,0.010462,0.0066651,0.019378,0.45054,0.086972,0.041864
0,0,0,0.028278,0.066688,0.3168,0.31701,0.12821,0.098064,0.044955
0.05726,0.18853,0.049915,0.012405,0.057832,0.033942,0.0087701,0.0082404,0.48936,0.093743
0.0023379,0,0.004285,0.0062238,0.0058819,0.042867,0.19637,0.33383,0.13685,0.27135
0.008086,0.065983,0.036663,0.0092188,0.084952,0.32408,0.23331,0.1301,0.10071,0.0069008
0.2103,0.10497,0.036712,0.006644,0.005833,0.035008,0.071874,0.1292,0.21813,0.18132
0.28573,0.15011,0.12275,0.090207,0.079207,0.11313,0.072936,0.04281,0.035549,0.007564
0.10973,0.15831,0.055084,0.10617,0.1631,0.25359,0.028361,0.082607,0.029855,0.013188
0.024343,0.0052799,0.050425,0.0058284,0.016319,0.0085939,0.069311,0.025989,0.25489,0.53902
0.3528,0.079678,0.113,0.029241,0.069949,0.073807,0.079433,0.13811,0.036881,0.027098
0.0064004,0.11089,0.16298,0.16931,0.031427,0.017431,0.024794,0.049163,0.036615,0.39099
0.20613,0.061237,0.038042,0.06468,0.18034,0.11984,0.10139,0.11924,0.07194,0.037165
0,0,0,0.017492,0.017163,0.0052881,0.023264,0.68877,0.039077,0.20895
0.09582,0.41585,0.1489,0.016255,0.043956,0.04091,0.023964,0.024962,0.058801,0.13058
0.020201,0.092672,0.3678,0.15991,0.10087,0.043107,0.034961,0.057131,0.045193,0.078158
0.18196,0.20117,0.062559,0.052412,0.06237,0.027663,0.070101,0.10957,0.094804,0.1374
0.019581,0.017893,0.049369,0.085847,0.17019,0.11156,0.050207,0.18679,0.1424,0.16617
0.045265,0.050964,0.061565,0.12709,0.27926,0.11751,0.073075,0.04901,0.051311,0.14495
