0.042663,0.071214,0.1099,0.080964,0.2432,0.32588,0.027267,0.0052809,0.064798,0.028827
0.019188,0.1866,0.10513,0.089983,0.02253,0.33575,0.11347,0.1001,0.013131,0.014113
0.038146,0.22244,0.037714,0.056134,0.079058,0.23113,0.10485,0.037714,0.12146,0.07135
0.032676,0.080949,0.14114,0.11631,0.10455,0.17072,0.23664,0.035257,0.047015,0.034746
0.017958,0.040853,0.047267,0.23253,0.21453,0.12649,0.086782,0.086644,0.073808,0.07314
0.21792,0.10263,0.053708,0.16133,0.17315,0.093254,0.023302,0.046887,0.080779,0.047048
0.04652,0.025357,0.029198,0.037913,0.05451,0.13879,0.10731,0.26589,0.23575,0.058754
0.074657,0.1028,0.031143,0.033402,0.016282,0.054018,0.064579,0.1702,0.19853,0.25439
0.117,0.046197,0.096137,0.096104,0.10967,0.047946,0.052855,0.14636,0.21664,0.071085
0.058578,0.073328,0.04131,0.038613,0.08296,0.1539,0.18654,0.17375,0.054433,0.13659
0.10539,0.045056,0.010114,0.020573,0.0068274,0.01564,0.024335,0.15071,0.39438,0.22698
0.029108,0.060386,0.012,0.0014817,0.030522,0.079518,0.00727,0.37617,0.3467,0.056844
0.0032714,0.0034414,0.058633,0.018957,0.021145,0.14115,0.052067,0.18513,0.37461,0.1416
0.13604,0.13041,0.010616,0.0088892,0.031781,0.15578,0.22237,0.25252,0.017456,0.034141
0.26453,0.087811,0.21961,0.063836,0.10404,0.13671,0.076649,0.0097091,0.022993,0.014104
0.011032,0.0074416,0.023791,0.0089454,0.21476,0.081243,0.042967,0.26851,0.31284,0.028475
0,0.054067,0.10829,0.38239,0.26416,0.15423,0.014099,0.019692,0.0030839,0
0.033545,0.039894,0.27717,0.18062,0.02961,0.015583,0.015036,0.034807,0.10415,0.26959
0.027245,0.10784,0.28853,0.21297,0.11536,0.081,0.022873,0.048074,0.078628,0.01749
0.1119,0.068551,0.24385,0.13628,0.055214,0.03449,0.071241,0.091389,0.14315,0.043939
0.053481,0.088262,0.25896,0.15237,0.14237,0.080785,0.062797,0.08149,0.05497,0.02452
0,0.004805,0.04922,0.0094391,0.016193,0.13638,0.23402,0.18972,0.23293,0.12729
0.1273,0.30361,0.067259,0.020538,0.023748,0.0070281,0.037182,0.30738,0.082868,0.023092
0,0.027167,0.069164,0.046982,0.040056,0.020016,0.35518,0.38862,0.04608,0.00673
0.01258,0.0044624,0.020267,0.022118,0.024818,0.15981,0.30171,0.33344,0.11124,0.0095497
0.18557,0.17454,0.064646,0.037412,0.0551,0.052505,0.1224,0.19819,0.038968,0.07066
0.14695,0.15948,0.032546,0.0051978,0.027477,0.1049,0.11847,0.21246,0.080162,0.11237
0.084797,0.077451,0.069449,0.24877,0.11679,0.11949,0.077915,0.019319,0.092553,0.093463
0.0067522,0.021957,0.013053,0.016112,0.015275,0.030694,0.11974,0.52498,0.10869,0.14275
0.0073629,0.12701,0.28038,0.077556,0.090734,0.089712,0.046577,0.051458,0.065486,0.16373
0.052691,0.11804,0.12813,0.04852,0.12875,0.049262,0.046629,0.13425,0.1524,0.14133
