0.019196,0.13909,0.22585,0.12217,0.055938,0.068202,0.061727,0.045264,0.12481,0.13775
0.040631,0.12951,0.075027,0.17105,0.14958,0.105,0.047736,0.037606,0.20271,0.041151
0.024983,0.031029,0.12535,0.14515,0.18032,0.19749,0.15378,0.062757,0.056146,0.022994
0.039223,0.046094,0.059615,0.16922,0.14743,0.22709,0.16304,0.07051,0.072171,0.0056056
0.048665,0.069607,0.23375,0.17487,0.028757,0.062036,0.08852,0.078119,0.10712,0.10856
0.22609,0.14343,0.15631,0.10763,0.12278,0.052708,0.06058,0.076904,0.018898,0.034666
0.33845,0.20669,0.067441,0.091567,0.12618,0.079559,0.017897,0.047207,0.011228,0.013783
0.2028,0.10312,0.056509,0.32607,0.19372,0.033202,0.040445,0.028509,0.0086532,0.0069809
0.41813,0.20907,0.073659,0.038659,0.07289,0.018335,0.01603,0.074582,0.078085,0.00056345
0.13013,0.28711,0.3386,0.16212,0.035001,0.014052,0.017136,0.006714,0.0091336,0
0.01485,0.02649,0.051865,0.18955,0.43032,0.097064,0.031053,0.012791,0.077139,0.06888
0.042877,0.053362,0.02806,0.18178,0.26777,0.20396,0.12892,0.055055,0.010423,0.027797
0.043655,0.036858,0.10501,0.097544,0.082262,0.16348,0.076661,0.062144,0.11105,0.22134
0.18798,0.071601,0.028678,0.02084,0.028314,0.061947,0.076924,0.088926,0.19921,0.23558
0.16424,0.13903,0.085565,0.050394,0.076322,0.073138,0.046246,0.09368,0.16697,0.10441
0.024281,0.056991,0.17112,0.20668,0.1221,0.097485,0.093835,0.16002,0.048598,0.018889
0.31307,0.11408,0.026163,0.058157,0.091566,0.10974,0.069547,0.12049,0.06065,0.036537
0.02278,0.090152,0.064519,0.19154,0.36332,0.17429,0.022771,0.016159,0.019312,0.035157
0.22271,0.10917,0.13443,0.13808,0.12329,0.082129,0.047806,0.10288,0.014836,0.024662
0.021,0.12308,0.48566,0.18057,0.12869,0.03833,0.012556,0.0073043,0,0.0028089
0.1454,0.1914,0.18099,0.11714,0.02717,0.090088,0.075666,0.055292,0.033868,0.082978
0.073365,0.0077054,0.13974,0.17155,0.10964,0.080595,0.05866,0.10593,0.13533,0.11749
0.13534,0.13056,0.062357,0.042334,0.026124,0.0023431,0.098586,0.076369,0.22701,0.19898
0.014445,0.097818,0.027801,0.011696,0.053679,0.08785,0.18623,0.43338,0.073141,0.013958
0,0,0.0010807,0.01038,0.0086811,0.090126,0.2261,0.30974,0.22519,0.1287
0.0085092,0.021527,0.021732,0.047815,0.04994,0.10961,0.24234,0.10857,0.25832,0.13163
0.080461,0.017056,0.0014238,0.10166,0.013282,0.15638,0.1074,0.22173,0.234,0.0666
0.0021322,0,0,0.0058346,0.0037381,0.004081,0.028814,0.058914,0.18085,0.71564
0.084807,0.19135,0.040359,0.017892,0.13759,0.13577,0.085553,0.20159,0.065428,0.03966
0.022705,0.025948,0.12847,0.079271,0.36492,0.14998,0.11494,0.092299,0.0031964,0.018274
0.2482,0.085068,0.063431,0.029508,0.18899,0.059014,0.096938,0.10072,0.060484,0.067646
0.038208,0.089232,0.049229,0.080691,0.038897,0.16225,0.16928,0.097238,0.097612,0.17736
0.010338,0.029734,0.028063,0.12854,0.03603,0.089532,0.059314,0.17928,0.28539,0.15378
0.03547,0.010578,0.085318,0.13748,0.16681,0.16233,0.10163,0.14441,0.12106,0.034908
0.025011,0.021243,0,0.17007,0.020826,0.10684,0.027828,0.42331,0.17999,0.024879
0,0.018198,0.052668,0.27992,0.2365,0.33931,0.0066439,0.025994,0.040758,0
0.010689,0,0.10439,0.010074,0.09297,0.05519,0.17489,0.47392,0.056328,0.021551
0.66944,0.12546,0.071961,0.043007,0.056457,0,0.010759,0.021701,0.00040474,0.00080756
0.053036,0.14778,0.079417,0.070865,0.27785,0.12493,0.13118,0.059733,0.021637,0.033579
0.039702,0.092916,0.2041,0.19636,0.15353,0.25604,0.023428,0.0099817,0.01695,0.0069895
0.34616,0.46148,0.075216,0.047848,0.025978,0.0015028,0.0006518,0.029407,0.011766,0
0.0031768,0.12202,0.012851,0.0012909,0.017023,0.024204,0.0072777,0.024456,0.34541,0.4423
0.0020732,0.19398,0.34938,0.31265,0.060093,0.052888,0.0098282,0.0034981,0.0039494,0.011661
0.039636,0.023036,0.08126,0.3186,0.36657,0.1374,0.013272,0.0059928,0.014231,0
0.00071033,0.0039369,0.0099926,0.012745,0.0016704,0.016299,0.16563,0.31263,0.42899,0.047395
0.0069063,0.074914,0.032703,0.085774,0.13016,0.14211,0.14851,0.064257,0.19454,0.12011
0.075381,0.011441,0.12907,0.096284,0.10414,0.19095,0.073197,0.079904,0.16639,0.073247
0.0058614,0.034428,0.053037,0.0061626,0.02833,0.049969,0.2133,0.48596,0.090829,0.032126
0.085141,0.087604,0.016177,0.022433,0.011347,0.096091,0.12276,0.23832,0.20029,0.11984
0,0,0.014109,0.005667,0.0010987,0.0039458,0.025657,0.23641,0.69606,0.017058
0.050755,0.12714,0.75599,0.040956,0.0073681,0.013697,0,0,0,0.0040928
0.019452,0.0043641,0,0.0010619,0.015679,0.11747,0.25465,0.52456,0.058764,0.0039966
0.0033913,0.00015219,0,0.009523,0.0016158,0.005352,0.015182,0.063369,0.33468,0.56674
0.0073224,0.0062179,0.038282,0.00095438,0.0027146,0.012891,0.025066,0.13999,0.54804,0.21852
0.019617,0.0008056,0.077876,0.0057626,0.021948,0.01799,0.086103,0.52404,0.24097,0.0048844
0.078259,0.0095878,0.54633,0.16938,0.091946,0.0075299,0.007203,0.038029,0.020209,0.031523
0.019487,0.047511,0.081786,0.0048532,0.0022853,0,0.0019247,0.011732,0.078623,0.7518
0.47727,0.10485,0.18086,0.012588,0.019665,0.028802,0.048323,0.064898,0.0046984,0.058047
0.035538,0.13279,0.063237,0.033108,0.023257,0.036337,0.064982,0.40945,0.15651,0.044786
0.38296,0.24801,0.063886,0.061387,0.01644,0.018778,0.012678,0.15012,0.036553,0.0091862
0.15191,0.057693,0.20286,0.076727,0.030519,0.10051,0.12583,0.11,0.089783,0.054159
0.4447,0.3637,0.027311,0.067364,0.0014219,0.016773,0.036397,0.01798,0.018311,0.0060404
0.44905,0.039412,0.011132,0.057639,0.050987,0.036191,0.023632,0.034869,0.055189,0.2419
0.21652,0.14626,0.080834,0.082533,0.14347,0.099568,0.067605,0.05162,0.052281,0.059312
0.1121,0.13216,0.12779,0.12175,0.13695,0.087676,0.11259,0.097572,0.044979,0.026424
0.048715,0.10026,0.084072,0.049475,0.1287,0.27965,0.14707,0.049525,0.056637,0.055896
0.0070651,0.012065,0.044878,0.080202,0.061582,0.2205,0.18883,0.23503,0.13588,0.013971
