0.52511,0.14427,0.032045,0.053712,0.04885,0.061367,0.055101,0.068384,0.0072701,0.0038905
0.088683,0.23325,0.11505,0.17487,0.11664,0.083859,0.066228,0.038963,0.02949,0.052965
0.048408,0.063397,0.087489,0.11781,0.22934,0.27028,0.10686,0.021753,0.031054,0.023604
0.029089,0.049506,0.13627,0.1072,0.15121,0.19728,0.086344,0.10256,0.050529,0.090003
0.039701,0.01173,0.015572,0.11814,0.33104,0.16106,0.090682,0.093756,0.066693,0.071619
0.0060945,0.0021076,0.0048623,0.19945,0.116,0.3508,0.17317,0.064304,0.038824,0.044387
0.01329,0.026615,0.030658,0.033474,0.30356,0.13857,0.093405,0.16761,0.15135,0.041471
0.0061932,0.019606,0.035931,0.063478,0.26133,0.12604,0.10918,0.18405,0.12064,0.073545
0.041284,0.12916,0.029674,0.3045,0.10042,0.031911,0.11382,0.14321,0.0671,0.038924
0.19036,0.08534,0.23567,0.083194,0.093974,0.070201,0.13985,0.041229,0.025368,0.034814
0.013611,0.032365,0.0029872,0.13259,0.16642,0.10997,0.20399,0.1132,0.072402,0.15246
0.04906,0.036862,0.040311,0.083226,0.19234,0.1137,0.17966,0.19838,0.041282,0.065176
0.084168,0.07182,0.027176,0.15532,0.13447,0.2511,0.26814,0,0.0056549,0.002152
0.034417,0.035016,0.12935,0.073663,0.20027,0.043419,0.047487,0.21644,0.12071,0.099226
0.089564,0.053128,0.11773,0.22708,0.16787,0.10228,0.14796,0.070938,0.0084236,0.015028
0.058425,0.11054,0.090987,0.080879,0.071727,0.071519,0.23067,0.15772,0.083884,0.043654
0.065702,0.26203,0.14918,0.057524,0.11191,0.084227,0.037205,0.072954,0.044096,0.11517
0.20992,0.19743,0.22479,0.084497,0.019406,0.022283,0.0072571,0.031086,0.13109,0.072236
0.12975,0.13962,0.086091,0.22786,0.10578,0.05312,0.020765,0.069908,0.12825,0.03886
