0.061344,0.13439,0.27251,0.099477,0.1261,0.071847,0.022881,0.063772,0.048726,0.098956
0.041887,0.19929,0.076928,0.14491,0.12958,0.11169,0.076179,0.023858,0.074665,0.12101
0.074774,0.095609,0.10449,0.10461,0.077107,0.17462,0.089861,0.019968,0.1165,0.14247
0.12208,0.063486,0.033431,0.038505,0.09259,0.12379,0.33133,0.089128,0.062587,0.04307
0.035298,0.013563,0.028226,0.015875,0.16672,0.1043,0.1656,0.13221,0.078737,0.25947
0.10631,0.20354,0.18223,0.1263,0.062702,0.068653,0.0557,0.045881,0.061885,0.086796
0.21647,0.13976,0.051248,0.063642,0.12077,0.059704,0.089983,0.098727,0.094419,0.065274
0.12294,0.20286,0.21043,0.095171,0.074442,0.088409,0.088165,0.07637,0.026656,0.014559
0.2199,0.22735,0.18089,0.048882,0.083087,0.092266,0.058676,0.042557,0.023871,0.022519
0.048835,0.056596,0.16982,0.11192,0.21125,0.073724,0.079444,0.15732,0.047166,0.043926
0.033335,0.031266,0.054169,0.052293,0.14394,0.18538,0.043066,0.11194,0.10491,0.2397
0.25424,0.12647,0.068462,0.06012,0.13216,0.031643,0.072839,0.015541,0.097726,0.1408
0.068004,0.33162,0.17587,0.061295,0.074754,0.061154,0.030429,0.13428,0.033324,0.029273
0.15313,0.30604,0.15218,0.071029,0.063523,0.19539,0.013373,0.005886,0.008555,0.030902
0.076573,0.10861,0.21843,0.25444,0.27826,0.039026,0.013301,0.011359,0,0
0.33913,0.17641,0.07819,0.059368,0.075757,0.15019,0.033522,0.047113,0.030822,0.0094976
0.094717,0.13132,0.14792,0.18757,0.10201,0.098378,0.13273,0.036653,0.04205,0.026646
0.061692,0.073632,0.17864,0.30782,0.10523,0.0994,0.036881,0.088767,0.036598,0.011339
0.051568,0.018198,0.040478,0.13028,0.21673,0.10798,0.1602,0.11997,0.081365,0.073233
0.0059449,0.019712,0.058472,0.097797,0.41,0.22102,0.10094,0.040656,0.028496,0.016957
0.0081614,0.029916,0.017572,0.013677,0.068801,0.37022,0.13984,0.082484,0.098487,0.17084
0.044663,0.014876,0.087098,0.091316,0.097949,0.31133,0.082703,0.020567,0.17246,0.077031
0.00051783,0.0029318,0.038114,0.064617,0.18886,0.31911,0.086166,0.042497,0.17372,0.083476
0.041274,0.030294,0.071774,0.10081,0.28427,0.22356,0.12931,0.089503,0.0074419,0.021769
0,0,0.0089299,0.18448,0.070577,0.10935,0.033167,0.037028,0.11069,0.44577
0.010192,0.019985,0.044415,0.052184,0.06294,0.28646,0.21733,0.040055,0.048214,0.21822
0.0019756,0.053979,0.016305,0.030931,0.011827,0.033433,0.06819,0.3891,0.077434,0.31682
0.019406,0.0051292,0.0045914,0.0020818,0.0086959,0.010092,0.0028896,0.0653,0.49424,0.38757
0.00050012,0.011756,0.024982,0.02203,0.038544,0.059262,0.049576,0.06662,0.093998,0.63273
0,0,0.0079312,0.0011182,0.0015725,0,0.004717,0.28731,0.14872,0.54864
0,0.0039066,0.0024977,0.010224,0.026722,0.0083382,0.13093,0.36395,0.11012,0.34331
0.0097949,0,0.0032053,0.031374,0.059013,0.17014,0.40092,0.2062,0.046629,0.072723
0.0099058,0.010157,0.049418,0.046558,0.1577,0.37089,0.20039,0.068042,0.056312,0.030626
0.0023334,0,0.011954,0.0067009,0.078577,0.12054,0.35968,0.29046,0.03516,0.094601
0.096483,0.046675,0.048833,0.10606,0.11502,0.22821,0.21906,0.092764,0.033408,0.013487
0.056861,0.098732,0.076383,0.083597,0.031058,0.044711,0.091277,0.18166,0.30781,0.027907
0.017104,0.030253,0.0048709,0.0063098,0.040161,0.14438,0.125,0.18413,0.37669,0.071108
0.0019721,0.049409,0.5376,0.25087,0.064805,0.065656,0.027058,0.0026301,0,0
0.05745,0.11636,0.22364,0.4174,0.039563,0.034031,0.016522,0.026524,0.042791,0.025726
0.076898,0.070429,0.078191,0.0826,0.10378,0.15258,0.13372,0.098131,0.12336,0.080313
0.099562,0.068525,0.037708,0.046311,0.07632,0.08052,0.059036,0.033129,0.25404,0.24485
0.078689,0.027213,0.14424,0.18725,0.12701,0.030672,0.060329,0.097834,0.18059,0.066161
0.055012,0.042062,0.19161,0.073355,0.19277,0.13737,0.074826,0.045708,0.14005,0.047231
0.00079116,0.016237,0.036771,0.037957,0.096771,0.15021,0.13625,0.088691,0.092683,0.34364
0.029289,0.12838,0.027473,0.031389,0.080705,0.10253,0.068922,0.034246,0.11108,0.38599
0.014202,0.02332,0.18048,0.33678,0.21647,0.096469,0.0094541,0.010601,0.052552,0.059668
0.074229,0,0.020056,0.0090016,0.20366,0.60868,0.0057509,0.022836,0.034347,0.02144
0.15154,0.013761,0.00077272,0.0041851,0.026832,0.043111,0.05379,0.046407,0.24667,0.41293
0.072945,0.025488,0.025092,0,0.031336,0.014528,0.0068304,0.011155,0.75546,0.057169
0.099203,0.20564,0.078273,0.12464,0.16053,0.0047867,0.060058,0.0023348,0.088388,0.17614
0.014075,0.022203,0.38173,0.11634,0.26545,0.17264,0.027563,0,0,0
0,0.00041197,0.0074342,0.066164,0.12715,0.04748,0.10547,0.20939,0.1565,0.28001
0.0021545,0.47439,0.49357,0.0070804,0,0.014502,0.0060609,0,0.0020792,0.00017033
0,0,0.32601,0.55153,0.11848,0.0039761,0,0,0,0
0.95565,0.035684,0.00282,0,0.0030098,0,0.0028355,0,0,0
0.17605,0.30185,0.040211,0.046616,0.080744,0.06479,0.1073,0.063878,0.067625,0.05094
0.011248,0.00085385,0.00091127,0,0,0.051327,0.32374,0.5743,0.024462,0.013158
0.6861,0.26632,0.046456,0.0011236,0,0,0,0,0,0
0.94603,0,0.016721,0.0010128,0.0029418,0.033292,0,0,0,0
0.021626,0.92419,0.0046395,0.0019978,0,0.019623,0.007421,0.0026679,0,0.017837
0.7393,0.18507,0.015542,0.0066962,0.038607,0.00071503,0.0033011,0,0.010772,0
0,0.24777,0.093703,0.03107,0.0064404,0.003553,0.0043357,0.124,0.091013,0.39812
0.0010132,0,0,0,0.0013709,0.011358,0.031325,0.012724,0.077365,0.86484
0.0023256,0.0012426,0,0,0.0026318,0,0.0099185,0.75978,0.20845,0.015646
0,0,0.007161,0,0,0.015481,0.023475,0.078699,0.17682,0.69837
0.017734,0.02691,0.0020936,0.0044761,0.0054036,0.0015553,0.020544,0.013686,0.082481,0.82512
0.19931,0.27253,0.091771,0.015336,0,0.19529,0.060648,0.056581,0.009254,0.09927
0.32175,0.13209,0.028729,0.03843,0.028468,0.019083,0.002164,0.0075211,0.024941,0.39683
0.14951,0.30312,0.2628,0.054386,0.066083,0.015068,0.018165,0.020272,0.047095,0.063496
0.099741,0.063342,0.034268,0.022654,0.016718,0.033316,0.052836,0.09131,0.25434,0.33148
0.075157,0.093279,0.11315,0.05282,0.087014,0.039432,0.01862,0.010598,0.13563,0.3743
0.22785,0.15725,0.10951,0.089645,0.078515,0.034917,0.0117,0.020816,0.047229,0.22256
0.029117,0.036918,0.019863,0.071695,0.1132,0.09606,0.21101,0.21607,0.092577,0.11349
0.10707,0.061889,0.031952,0.065605,0.10353,0.18406,0.16902,0.14559,0.09123,0.040056
0.052078,0.030325,0.023349,0.070982,0.070622,0.073277,0.13459,0.15139,0.20161,0.19178
0.14586,0.16609,0.10242,0.077325,0.055385,0.029043,0.05831,0.048615,0.14298,0.17397
0.19622,0.11323,0.04304,0.03288,0.20863,0.183,0.13004,0.035285,0.046886,0.010784
0.040039,0.010081,0.01227,0.011944,0.040371,0.054234,0.077587,0.047404,0.14677,0.5593
0.057396,0.22771,0.69733,0.0097924,0.0077703,0,0,0,0,0
0.035254,0.045481,0.23105,0.072474,0.028427,0.13191,0.16861,0.11206,0.037647,0.1371
0,0,0.17229,0.18221,0.12472,0.035064,0.06511,0.069552,0.25781,0.093238
0.36576,0.041894,0.014512,0.17758,0.030254,0.26069,0.097378,0.0095289,0,0.0024076
0.037547,0.012201,0.018678,0.019974,0.10565,0.065605,0.0463,0.31117,0.34499,0.037881
0.51584,0.14633,0.10385,0.10752,0.085397,0.032424,0.0086348,0,0,0
0,0,0.00082436,0.01293,0.0090913,0.0052807,0.053692,0.1454,0.13772,0.63507
0.22059,0.23918,0.066529,0.014605,0.026925,0.026001,0.015168,0.08462,0.15384,0.15254
0.039404,0.055698,0.072271,0.065652,0.041726,0.031641,0.027313,0.077477,0.20619,0.38263
0.55588,0.28527,0.026623,0.020396,0.032488,0.010341,0.0061623,0.01055,0.025389,0.026902
0.29197,0.03895,0.0099389,0.075311,0.0050576,0.05977,0.10514,0.35551,0.014018,0.044335
0.0058341,0.0027435,0.051164,0.089155,0.16242,0.16286,0.19041,0.034386,0.11812,0.18291
0.10329,0.086328,0.13511,0.10618,0.10678,0.16476,0.045151,0.010917,0.091692,0.14979
0.01008,0.0076111,0.057257,0.032941,0.047111,0.13885,0.18682,0.2192,0.081128,0.219
0.40763,0.27137,0.10483,0.067088,0.05591,0.081412,0.0014231,0.010325,0,0
0.016981,0.057902,0.071604,0.026307,0.063837,0.24867,0.074029,0.14303,0.20009,0.097539
0.21945,0.24692,0.20354,0.1206,0.10697,0.039692,0.018303,0.0033108,0.03626,0.0049545
0.080196,0.12746,0.062537,0.16127,0.20157,0.12221,0.10268,0.050984,0.049778,0.041314
0.043121,0.12489,0.078411,0.23243,0.19467,0.23127,0.065448,0.015817,0.0053324,0.0086148
0.07574,0.047543,0.052615,0.13454,0.19943,0.14804,0.16318,0.067019,0.061236,0.05065
0.047466,0.11874,0.13403,0.047511,0.10654,0.15556,0.1809,0.028928,0.093239,0.08707
0.058435,0.1198,0.24562,0.27937,0.12306,0.022508,0.12532,0.02035,0.0024959,0.0030395
0.0065964,0.020891,0.068031,0.13468,0.15913,0.15606,0.23217,0.15567,0.026616,0.040157
0.026293,0.044035,0.20173,0.12173,0.21225,0.19419,0.1228,0.032396,0.021219,0.023358
0.017953,0.022642,0.034997,0.20447,0.23285,0.38717,0.061911,0.029672,0,0.008335
