0.016648,0.015514,0.026836,0.062813,0.043694,0.046083,0.034654,0.039342,0.25089,0.46352
0.17755,0.18264,0.14233,0.076684,0.20032,0.032435,0.020669,0.021213,0.043895,0.10227
0.034324,0.19297,0.21706,0.24299,0.080267,0.042282,0.025013,0.015892,0.074635,0.07456
0.02469,0.057461,0.18307,0.33506,0.21853,0.089863,0.050767,0.014821,0,0.025733
0.00060827,0.018584,0.01947,0.015217,0.070985,0.25494,0.41386,0.10475,0.065981,0.035594
0.0012689,0.0060706,0.0033276,0.080594,0.084776,0.097036,0.34385,0.16618,0.12393,0.09297
0.023275,0.028549,0.021493,0.075747,0.088206,0.14242,0.17902,0.097453,0.1043,0.23953
0.072945,0.075712,0.015327,0.12899,0.17427,0.11157,0.096595,0.081996,0.045425,0.19716
0.30726,0.12875,0.042349,0.046123,0.065983,0.024493,0.070099,0.076213,0.13118,0.10755
0.00094266,0.10108,0.49068,0.1645,0.12393,0.027029,0.048504,0.001441,0.041895,0
0.055598,0.047813,0.1031,0.061719,0.21455,0.087546,0.02908,0.08882,0.10055,0.21122
0.077059,0.022236,0.15344,0.29326,0.19332,0.089109,0.096093,0.017189,0.013695,0.044595
0.064005,0.042873,0.1397,0.11591,0.25102,0.083506,0.14151,0.060618,0.050224,0.050646
0.033245,0.063248,0.015668,0.06124,0.16515,0.18914,0.17038,0.14484,0.082694,0.074382
0.030072,0.053553,0.041145,0.09032,0.068229,0.080003,0.20415,0.15175,0.13919,0.14158
0.066505,0.1093,0.31608,0.12518,0.11286,0.13613,0.085632,0.0022816,0.045385,0.00064704
0.027137,0.021828,0.036108,0.10104,0.2057,0.18525,0.21027,0.10534,0.046032,0.061289
0.087884,0.10709,0.015259,0.078251,0.068097,0.17293,0.27161,0.05916,0.077524,0.062194
0.020945,0.035552,0.062047,0.1017,0.096182,0.13611,0.13865,0.2212,0.10536,0.082258
0.17869,0.011728,0.023154,0.032561,0.086006,0.1069,0.16053,0.18726,0.11265,0.10051
0.064445,0.1681,0.037969,0.076968,0.067486,0.11221,0.16136,0.097968,0.14329,0.070201
0.21755,0.074553,0.032673,0.078553,0.093009,0.058762,0.093201,0.075257,0.11486,0.16157
0.15786,0.07982,0.052852,0.16958,0.24599,0.079022,0.022457,0.039546,0.053875,0.099006
0.2262,0.15442,0.061521,0.072817,0.052049,0.062967,0.057192,0.058857,0.075072,0.17891
0.11619,0.040896,0.042628,0.027295,0.056945,0.11279,0.19049,0.042601,0.11065,0.25951
0.73498,0.12103,0.035341,0.025724,0.010887,0.0085812,0.062099,0.001357,0,0
0.4141,0.45776,0.028411,0.040786,0.023685,0.022996,0.002526,0.0091921,0,0.00054104
0.80842,0.066716,0.010998,0.0048597,0.0032894,0.083851,0.011947,0.0054504,0,0.0044655
0.056443,0.051159,0.64404,0.10227,0.074252,0.025707,0.004785,0,0.010657,0.030688
0,0.0079963,0.0099079,0,0.0027771,0.015687,0.04743,0.03509,0.063608,0.8175
0.00019997,0.00087999,0.010001,0,0.0008799,0.010345,0.029015,0.012055,0.84084,0.095788
0,0,0,0.020195,0.056399,0.020694,0.0025591,0,0.0070589,0.89309
0.91743,0.030326,0.0090308,0,0,0.043217,0,0,0,0
0.12174,0.22041,0.148,0.10697,0.063554,0.051896,0.034016,0.065013,0.094093,0.094314
0.83632,0.034998,0.05888,0.057534,0.0054931,0.0032872,0,0,0.0034864,0
0.31545,0.63249,0.023169,0.00026197,0.0034641,0.018267,0.0064073,0,0,0.00049407
0,0.014968,0,0.0025347,0.0051931,0.0055127,0.0085869,0.019917,0.79995,0.14334
0,0.0067936,0,0.0085986,0.014665,0.0047069,0.0016451,0.0032746,0.0098363,0.95048
0,0,0,0.0014459,0.029732,0.0058673,0.030381,0.16397,0.69169,0.076911
0,0,0,0,0.0051257,0.0018942,0.0016865,0.0012167,0.033882,0.95619
0,0,0,0.012969,0.013776,0.019609,0.17601,0.31988,0.41459,0.043166
0,0,0.084062,0.14897,0.13522,0.41161,0.20119,0.0028601,0,0.016079
0.062333,0.16193,0.13859,0.097163,0.15164,0.15978,0.079207,0.034929,0.071558,0.042874
0.057848,0.095022,0.063755,0.058689,0.050196,0.12067,0.10116,0.06,0.13126,0.2614
0.20363,0.33997,0.094102,0.04971,0.1605,0.063969,0.052033,0.027717,0.0064325,0.0019432
0.0016408,0.11232,0.019113,0.052732,0.071637,0.032496,0.090704,0.25084,0.22235,0.14617
0.22861,0.18681,0.062311,0.039869,0.069918,0.043853,0.060039,0.035752,0.1615,0.11134
0.30784,0.17353,0.085924,0.024845,0.057429,0.025829,0.031666,0.04309,0.08808,0.16177
0.053387,0.055599,0.066281,0.11526,0.093925,0.071097,0.10948,0.29574,0.098832,0.040406
0.044796,0.0076525,0.013474,0.040565,0.11063,0.19082,0.14927,0.26913,0.085931,0.087738
0.066388,0.015906,0.051428,0.030855,0.064022,0.09889,0.097658,0.11511,0.12713,0.33261
0.21781,0.28274,0.1523,0.1203,0.066935,0.051926,0.054351,0.026148,0.0090862,0.018407
0.018491,0.029097,0.033183,0.03072,0.061024,0.12878,0.067965,0.1775,0.16323,0.29001
0.49457,0.27227,0.11895,0.021503,0.030781,0.034157,0.012007,0.0045347,0.0079439,0.0032838
0.01648,0.028805,0.0073449,0.040303,0.11675,0.65,0.11957,0.010829,0.0033011,0.0066213
0.054057,0.018324,0.041743,0.064805,0.17229,0.18561,0.18854,0.08884,0.045029,0.14077
0.17689,0.20393,0.43808,0.084648,0.077762,0.014216,0.0013161,0.0014157,0.0017419,0
0,0.00022341,0.00057227,0.014791,0.088823,0.0056385,0.024103,0.33552,0.48914,0.041184
0.081845,0.089924,0.098532,0.050818,0.067701,0.060734,0.065007,0.070033,0.18861,0.2268
0.017202,0.001549,0.0037192,0.0017683,0.0082556,0.022796,0.014688,0.074665,0.2398,0.61556
0.10631,0.27114,0.2022,0.078422,0.079822,0.041179,0.056209,0.12243,0.018187,0.024098
0.010208,0.0025493,0.040002,0.0065284,0.035136,0.037525,0.052733,0.21276,0.22827,0.37429
0.18579,0.11569,0.13885,0.16567,0.13482,0.1024,0.085544,0.019168,0.026611,0.025462
0.072331,0.082368,0.13582,0.089934,0.045383,0.092695,0.18534,0.16886,0.11017,0.017102
0.0066737,0.020902,0.014015,0.0012661,0.045,0.008215,0.040568,0.22377,0.26327,0.37632
0.077101,0.070455,0.02717,0.057161,0.15743,0.38227,0.13165,0.026834,0.042932,0.026996
0.024017,0.038278,0.069226,0.13999,0.16397,0.18747,0.11913,0.063864,0.1677,0.026352
0.020479,0.00538,0.0047037,0.02061,0.02878,0.041712,0.09625,0.17739,0.28099,0.32371
0.8006,0.11167,0.033443,0.017826,0.0071213,0.013065,0.0053749,0.01018,0,0.00072596
0.40073,0.21099,0.21017,0.042267,0.048303,0.019416,0.0072273,0,0.022494,0.038404
0.2444,0.14465,0.033433,0.083534,0.19734,0.10124,0.067298,0.057559,0.013516,0.057032
0.32515,0.30859,0.10817,0.077897,0.043949,0.026925,0.10301,0.0013009,0.002677,0.0023227
0.1572,0.22044,0.22148,0.088003,0.056745,0.12712,0.060265,0.03956,0.01922,0.0099793
0.080235,0.042666,0.14034,0.19534,0.16597,0.15233,0.11093,0.055266,0.046397,0.010537
0.037735,0.10482,0.11395,0.25547,0.12657,0.22564,0.056824,0.048887,0.011316,0.018786
0.090862,0.090557,0.11042,0.10564,0.14536,0.15693,0.13262,0.086818,0.053276,0.027505
0.026815,0.0094452,0.021468,0.048181,0.31696,0.094725,0.17673,0.18244,0.073549,0.049684
0.034123,0.07666,0.036509,0.10917,0.27738,0.13314,0.12762,0.10699,0.0567,0.041707
0.031553,0.026293,0.0102,0.053261,0.072835,0.17574,0.25816,0.072864,0.043411,0.25568
0.018321,0.030836,0.06578,0.097659,0.12453,0.21869,0.15951,0.15335,0.092433,0.038896
0.025804,0.015798,0.033034,0.12862,0.12984,0.26648,0.33319,0.032275,0.020603,0.014355
0.0080889,0.018804,0.020328,0.04158,0.052493,0.089835,0.13253,0.088658,0.35078,0.19691
0.032086,0.03804,0.072132,0.093317,0.084046,0.083899,0.093792,0.077475,0.20786,0.21735
0.034953,0.036589,0.13355,0.092447,0.1208,0.11387,0.071117,0.048716,0.17121,0.17675
0.069759,0.030953,0.058161,0.075216,0.16185,0.22862,0.16429,0.12948,0.070116,0.011555
0.0055646,0.032256,0.011758,0.021093,0.085138,0.1447,0.18938,0.31825,0.14612,0.045749
0.046292,0.044684,0.30402,0.14442,0.13311,0.088733,0.044175,0.094763,0.060315,0.039491
0.084059,0.042935,0.069475,0.091161,0.16394,0.081638,0.16101,0.2526,0.041206,0.011974
0.054996,0.073895,0.19589,0.21314,0.12621,0.074039,0.054893,0.082407,0.085676,0.038851
0.59444,0.18012,0.07112,0.019494,0.031859,0.020938,0.041931,0.031481,0.0086156,0
0.029295,0.11571,0.092332,0.076464,0.17115,0.094391,0.071834,0.1449,0.11591,0.088023
0.077855,0.14205,0.3338,0.0976,0.031742,0.066735,0.11024,0.05645,0.049344,0.034188
0.34684,0.11364,0.12311,0.16904,0.025407,0.071012,0.072729,0.062139,0.0025996,0.013479
0.10255,0.19049,0.086737,0.080399,0.093614,0.19468,0.10538,0.060413,0.028028,0.057713
0.049642,0.068606,0.081954,0.094949,0.071883,0.11929,0.21426,0.13494,0.070362,0.094113
0.19641,0.09862,0.059856,0.098526,0.16593,0.1131,0.093066,0.069746,0.037845,0.066894
0.10954,0.088659,0.041057,0.052512,0.25948,0.17356,0.095212,0.040724,0.107,0.032259
0.047886,0.10883,0.051462,0.12772,0.12941,0.11837,0.15246,0.088732,0.11593,0.059196
0.019429,0.040323,0.031249,0.048887,0.089889,0.10083,0.33087,0.14781,0.06849,0.12223
0.18249,0.21658,0.24007,0.059672,0.036876,0.034587,0.12075,0.066982,0.022919,0.019068
0.26368,0.40729,0.13174,0.026293,0.063459,0.070141,0.0062082,0.00033592,0.026325,0.004522
0.10014,0.12143,0.27761,0.10485,0.097153,0.083368,0.11117,0.081035,0.012733,0.010509
0.16989,0.091486,0.12149,0.12808,0.15096,0.18191,0.086527,0.066676,0.0029851,0
0.035446,0.049304,0.047374,0.18574,0.38453,0.14479,0.1329,0.012455,0.0052133,0.0022481
0.0032844,0.040399,0.015549,0.24655,0.24848,0.20321,0.11724,0.06426,0.009732,0.051292
0.028012,0.030647,0.091396,0.083272,0.075189,0.099832,0.12997,0.11779,0.16761,0.17628
0.12113,0.059447,0.033238,0.08157,0.18686,0.20591,0.10448,0.039852,0.092105,0.075401
