0.071239,0.098454,0.075419,0.054109,0.070079,0.10649,0.10247,0.090458,0.11413,0.21715
0.019442,0.035815,0.078431,0.10464,0.25533,0.12998,0.16682,0.097684,0.079025,0.032842
0.018528,0.046706,0.10998,0.12882,0.18042,0.16079,0.12364,0.11335,0.082106,0.035655
0.10712,0.13233,0.11448,0.085097,0.08421,0.076275,0.088986,0.10227,0.10637,0.10285
0.10592,0.12775,0.15303,0.22353,0.1419,0.065096,0.069002,0.035538,0.065196,0.013035
0.065326,0.082337,0.31859,0.20345,0.092478,0.059498,0.12456,0.016636,0.011641,0.025477
0.012296,0.055349,0.10921,0.23081,0.17891,0.049041,0.10681,0.22696,0.013083,0.017528
0.055343,0.046923,0.080529,0.10642,0.14762,0.11408,0.15295,0.12669,0.068222,0.10123
0.036291,0.079562,0.04685,0.070345,0.13795,0.1744,0.15719,0.16212,0.061258,0.074036
0.077295,0.094297,0.10199,0.11219,0.1373,0.14929,0.16886,0.062852,0.035077,0.060855
0.11096,0.063851,0.054298,0.060798,0.1982,0.21427,0.10326,0.058917,0.10314,0.03231
0.18678,0.091873,0.025713,0.03408,0.11633,0.15227,0.21405,0.07253,0.033681,0.072685
0.018558,0.10961,0.56655,0.11472,0.091344,0.014077,0.0061814,0.0032447,0.027771,0.047935
0.04611,0.36491,0.17014,0.055882,0.047486,0.013812,0.26877,0.0057776,0.013495,0.01362
0.034794,0.059947,0.053466,0.049933,0.017646,0.35524,0.32129,0.044358,0.023849,0.03948
0.090533,0.21406,0.28797,0.063148,0.18223,0.13276,0.014214,0.0071776,0,0.0079101
0.3086,0.33371,0.14122,0.12788,0.050119,0.037258,0.0012185,0,0,0
0.062128,0.051265,0.0080244,0.0083264,0.036932,0.085207,0.088646,0.21252,0.1188,0.32815
0.060298,0.083894,0.055337,0.063709,0.16186,0.23503,0.11288,0.13546,0.074802,0.016737
0.42107,0.098537,0.11585,0.14143,0.045997,0.064754,0.035728,0.025415,0.039221,0.012
0.2264,0.20387,0.2032,0.19837,0.047816,0.016279,0.0030424,0.00071782,0.012986,0.087316
0.0036138,0.0069714,0.030443,0.71398,0.22306,0.014964,0.0043409,0,0,0.0026229
0.04698,0.54126,0.12808,0.24647,0.034108,0,0,0,0.0015249,0.0015798
0.25558,0.084105,0.039226,0.030782,0.15734,0.10668,0.062777,0.051226,0.082949,0.12934
0,0.0021146,0,0,0.0037051,0.040663,0.0079988,0.04335,0.54332,0.35885
0.0075698,0.001821,0.0043948,0.0026684,0,0.070396,0.011258,0.035704,0.14688,0.71931
0.0032017,0.089746,0.001363,0.0079087,0.002501,0.032054,0.022192,0.043348,0.091905,0.70578
0,0.022694,0.0060818,0.0016752,0.0001668,0.00054713,0.037594,0.05439,0.71966,0.15719
0.37108,0.17719,0.27492,0.061168,0.046548,0.008809,0.0079534,0.0089671,0.024525,0.018844
0.4235,0.37015,0.10608,0.035647,0.019398,0.0069067,0.0093529,0.011372,0.008424,0.0091651
0.24962,0.32973,0.068078,0.081697,0.069729,0.10795,0.078096,0.0088633,0.00031164,0.0059206
0.49379,0.084879,0.08105,0.091169,0.02927,0.10027,0.029565,0.047072,0.036461,0.0064702
0.029847,0.21402,0.082268,0.050277,0.085611,0.22324,0.080661,0.055861,0.16325,0.014973
0.30481,0.12761,0.10377,0.088818,0.057964,0.047507,0.033799,0.053994,0.095699,0.086039
0.097748,0.08652,0.0014482,0.013278,0.041244,0.14488,0.10144,0.1997,0.20959,0.10415
0.047303,0.055787,0.016331,0.041264,0.020993,0.090484,0.060822,0.16457,0.12296,0.37949
0.16268,0.11093,0.020226,0.029758,0.050891,0.04104,0.12324,0.24914,0.085604,0.12648
0.10066,0.061431,0.044568,0.13285,0.077872,0.18076,0.17031,0.10887,0.070822,0.051859
0.13425,0.14294,0.10802,0.13605,0.16001,0.13479,0.065517,0.043244,0.043459,0.031715
0.014409,0.082394,0.039814,0.039833,0.17287,0.38191,0.13276,0.038397,0.04841,0.049203
0.012739,0.036907,0.20118,0.20728,0.082292,0.067681,0.042802,0.086288,0.10893,0.1539
0.14249,0.2707,0.14087,0.071348,0.040211,0.025267,0.023258,0.064384,0.090179,0.1313
0.18963,0.34514,0.19606,0.061472,0.08911,0.038674,0.022524,0.038437,0,0.018963
0.41059,0.26107,0.092602,0.052094,0.081973,0.020448,0.0027218,0.0089844,0.03948,0.030039
0.068938,0.054646,0.059749,0.080527,0.15109,0.11278,0.23778,0.062278,0.066334,0.10588
0.034746,0.022687,0.043755,0.23343,0.13564,0.18478,0.16128,0.051339,0.073281,0.059054
0.031467,0.070956,0.12573,0.20328,0.31406,0.12085,0.026931,0.013838,0.023521,0.069363
0.10151,0.08986,0.11999,0.16807,0.17524,0.095313,0.064497,0.068463,0.016873,0.10019
0.32152,0.4053,0.075886,0.02044,0.0052972,0.014969,0.011074,0.041792,0.013575,0.090153
0.27459,0.18285,0.038783,0.041816,0.27168,0.04348,0.042793,0.06196,0.020469,0.021584
0.039093,0.013241,0.038678,0.074343,0.20778,0.20498,0.13406,0.11509,0.12467,0.04806
0.049278,0.041886,0.041336,0.052803,0.097219,0.13404,0.093162,0.093918,0.039251,0.3571
0,0.0020864,0,0.028284,0.01871,0.017707,0.027586,0.061012,0.38978,0.45483
0.01356,0.029279,0.016327,0.05061,0.045772,0.029415,0.0036727,0.011299,0.17104,0.62902
0.023923,0.00015659,0.024802,0.02701,0.07712,0.020185,0.019321,0.016082,0.44563,0.34577
0.17916,0.34995,0.19435,0.068304,0.077078,0.088806,0.030411,0.00063971,0.00029656,0.010998
0.76423,0.057194,0.020406,0.028733,0.0097124,0.064052,0.0062319,0.023883,0.0059036,0.019655
0.17393,0.46865,0.12484,0.089352,0.039298,0.024895,0.058111,0.0026052,0,0.018316
0.53757,0.19825,0.079189,0.05071,0.018286,0.01818,0.012095,0.013525,0.025444,0.046755
0.17829,0.086002,0.1756,0.089688,0.065785,0.03954,0.054977,0.040881,0.048475,0.22076
0.72892,0.092331,0.030121,0.037567,0.027114,0.058376,0.0030857,0.00063935,0.0085326,0.013316
0.13783,0.17457,0.067975,0.025929,0.14101,0.20816,0.016803,0.056747,0.04575,0.12522
0.099018,0.22177,0.049439,0.16733,0.22317,0.063747,0.0083803,0.019816,0.030308,0.11703
0.072964,0.080169,0.14814,0.18459,0.093907,0.27428,0.052295,0.032783,0.037961,0.022915
0.048393,0.032887,0.025985,0.023376,0.025574,0.065354,0.0091971,0.08393,0.32807,0.35724
0.037151,0.047448,0.061935,0.1575,0.45884,0.16599,0.035476,0.011192,0.007716,0.016755
0.074492,0.065644,0.081623,0.14243,0.11236,0.26198,0.067106,0.033003,0.044228,0.11714
0.0069688,0.0079475,0.0092843,0.045752,0.19047,0.22275,0.43169,0.029167,0.024316,0.031656
0.096244,0.14776,0.40653,0.19162,0.054901,0.021178,0.027506,0.054265,0,0
0.072605,0.32706,0.32102,0.11189,0.097849,0.016406,0.0018921,0.0022487,0.049024,0
0.051047,0.0061113,0.026968,0.021159,0.088897,0.10126,0.20863,0.11197,0.33019,0.053763
0.013391,0.01481,0.08509,0.10936,0.058626,0.28227,0.37118,0.04284,0.0085704,0.013869
0.14843,0.045074,0.082336,0.064533,0.1555,0.12989,0.041952,0.031478,0.2049,0.095908
0.0025861,0.0059452,0.0074339,0.026988,0.05079,0.086257,0.034611,0.049175,0.13499,0.60122
0.013377,0.0041976,0.012394,0.003151,0.024766,0.026034,0.040192,0.033929,0.51941,0.32255
0.20895,0.34396,0.16767,0.036653,0.060929,0.065854,0.03409,0.013536,0.049045,0.019316
0.35507,0.37286,0.028116,0.027803,0.06089,0.029871,0.046359,0.01094,0.017644,0.050444
0.017418,0.023168,0.043043,0.094956,0.13023,0.20844,0.070085,0.15388,0.090315,0.16846
0.28628,0.12527,0.22079,0.074563,0.015813,0.020799,0.044705,0.048656,0.048435,0.11469
