0.019483,0.084603,0.02063,0.091006,0.31454,0.33848,0.076842,0.014305,0.020972,0.019146
0.026676,0.067208,0.21912,0.14789,0.084782,0.16563,0.20586,0.038034,0.038658,0.0061485
0.35256,0.085467,0.32848,0.068703,0.086895,0.036942,0.015027,0.0042536,0.0037739,0.017903
0.085647,0.15659,0.44702,0.20223,0.029157,0.019755,0.010011,0.0084299,0.01656,0.024603
0.35071,0.31895,0.17116,0.066503,0.060139,0.022364,0.0039668,0,0.001493,0.0047168
0.14548,0.14897,0.070235,0.069642,0.11875,0.12633,0.089213,0.039569,0.076932,0.11487
0.073299,0.045739,0.085164,0.11862,0.13949,0.11271,0.11655,0.12424,0.095966,0.08822
0.03134,0.066011,0.09302,0.12245,0.1511,0.15123,0.12184,0.17927,0.058041,0.025689
0.020938,0.040973,0.067588,0.17595,0.10531,0.17226,0.11672,0.10372,0.076047,0.1205
0.044326,0.052728,0.14393,0.048494,0.089753,0.16115,0.15676,0.080762,0.090414,0.13169
0.023754,0.0075147,0.033891,0.020378,0.078587,0.14698,0.18318,0.25314,0.18733,0.06524
0.14409,0.06179,0.16962,0.064729,0.15733,0.046556,0.081849,0.13427,0.046169,0.093597
0.065655,0.058106,0.17983,0.107,0.1816,0.097369,0.081814,0.084664,0.03425,0.10972
0.050415,0.080599,0.042704,0.067182,0.10307,0.077978,0.11699,0.055084,0.13429,0.27168
0.29257,0.35423,0.018637,0.0386,0.053573,0.020624,0.030354,0.0019885,0.034762,0.15466
0.66433,0.068312,0.026427,0.036624,0.083345,0.036736,0.019928,0.025908,0.0072104,0.031176
0.047246,0.069072,0.24387,0.37694,0.10965,0.037688,0.019125,0.047765,0.0038707,0.044772
0.074944,0.014724,0.075028,0.038868,0.050395,0.11246,0.16803,0.24086,0.084146,0.14055
0.10606,0.036972,0.011407,0.024999,0.029952,0.16321,0.017186,0.098475,0.39299,0.11875
0.0049863,0.010327,0.028882,0.022053,0.0313,0.14271,0.53705,0.15088,0.032581,0.039236
0.28627,0.26441,0.087548,0.019558,0.014188,0.0013129,0.020123,0.00076118,0.090915,0.21492
0.88456,0.052558,0.024351,0.013766,0,0.010244,0,0,0,0.014526
0.011555,0.012165,0.018206,0.013818,0.0093717,0.030302,0.030214,0.28007,0.58264,0.011658
0.0028568,0.045075,0.0095784,0.017217,0.0044266,0.019697,0.028409,0.079351,0.21467,0.57872
0,0.0057696,0.0038992,0.0037581,0.00060857,0.012178,0.021583,0.13266,0.42544,0.3941
0.023328,0.050193,0.03311,0.0031762,0.0019491,0.030891,0.047945,0.11638,0.38755,0.30547
0.037134,0.037269,0.057564,0.13055,0.12912,0.014906,0.031949,0.079941,0.25642,0.22515
0.03063,0.074894,0.11151,0.15378,0.099907,0.056886,0.066804,0.20726,0.1275,0.070818
0.14955,0.0044398,0.02325,0.07558,0.05979,0.1341,0.062954,0.17514,0.17955,0.13564
0.45949,0.22295,0.074554,0.051114,0.03088,0.0068,0.034161,0.09957,0.020485,0
0.42672,0.069436,0.041345,0.055113,0.07878,0.061092,0.069413,0.087925,0.085949,0.024227
0.066575,0.062998,0.01257,0.010098,0.093085,0.016249,0.11392,0.43794,0.14262,0.043935
0.11279,0.12643,0.068344,0.16137,0.13773,0.088649,0.077272,0.063233,0.025209,0.13898
0.61555,0.19116,0.094278,0.012203,0.046062,0.0041635,0.014382,0.0019256,0.017174,0.0030966
0.22085,0.21266,0.10034,0.11031,0.093033,0.040906,0.073794,0.029849,0.052262,0.066002
0.018517,0.2757,0.14435,0.30097,0.17119,0.05658,0.02607,0,0.00088765,0.0057261
0.02233,0.30802,0.18103,0.25808,0.13492,0.04329,0.026358,0.0093826,0.0055299,0.011057
0.0024538,0.0014542,0.005752,0.0079287,0.024667,0.063475,0.22606,0.14471,0.32648,0.19702
0.032532,0.015435,0.016563,0.057338,0.23986,0.13937,0.14855,0.060905,0.11919,0.17026
0.09268,0.044096,0.025951,0.054081,0.059073,0.11645,0.18571,0.11384,0.22629,0.081834
0.078277,0.039293,0.055994,0.063239,0.064117,0.036756,0.035222,0.023837,0.11218,0.49108
0.012213,0.034484,0.030571,0.082038,0.14601,0.0093036,0.037785,0.075858,0.29,0.28174
0.057835,0.10715,0.2758,0.11621,0.11444,0.13557,0.023137,0.063604,0.035753,0.070513
0.084368,0.11019,0.13763,0.09314,0.067117,0.079787,0.10927,0.15941,0.063674,0.095414
0.25308,0.062946,0.053621,0.064865,0.042939,0.07562,0.11056,0.073523,0.10241,0.16045
0.055568,0.045182,0.11445,0.11618,0.082233,0.053593,0.033014,0.10431,0.16828,0.22719
0.095836,0.028624,0.02007,0.047667,0.04291,0.058361,0.085689,0.14984,0.22166,0.24935
