0.016909,0.078358,0.07299,0.28011,0.11394,0.18172,0.21023,0.024818,0.014753,0.0061638
0.35328,0.28915,0.14935,0.069532,0.063507,0.05065,0.00072884,0.010046,0.0090194,0.004729
0.29153,0.1137,0.095001,0.15443,0.1529,0.066607,0.034071,0.03232,0.0096603,0.049783
0.038714,0.056108,0.021718,0.17465,0.1659,0.12545,0.15713,0.16401,0.05593,0.0404
0.025777,0.04101,0.087155,0.074119,0.14291,0.17096,0.12956,0.094113,0.13983,0.094575
0.14497,0.17557,0.088714,0.048218,0.039908,0.12739,0.11146,0.20371,0.047618,0.012447
0.11193,0.096113,0.11071,0.052323,0.13609,0.16079,0.1018,0.083383,0.029726,0.11714
0.37685,0.20435,0.053655,0.093361,0.054408,0.0061095,0.015385,0.024697,0.033386,0.1378
0.08392,0.036245,0.091126,0.058311,0.10684,0.15404,0.1406,0.075842,0.079694,0.17338
0.049404,0.042974,0.015438,0.043868,0.019018,0.080176,0.053791,0.059935,0.51465,0.12075
0.87481,0.062217,0.011728,0.0044651,0.022263,0.011487,0.0064788,0,0,0.0065466
0.035766,0.0032461,0.050394,0.010699,0.0036241,0.031892,0.012983,0.025949,0.19212,0.63333
0.058858,0.036299,0.039289,0.027707,0.017766,0.021712,0.029931,0.10977,0.38175,0.27691
0.037012,0.055252,0.081531,0.1617,0.13284,0.11331,0.032041,0.14311,0.13116,0.11204
0.30607,0.36881,0.076237,0.071599,0.060817,0.029326,0.022166,0.0048125,0.027655,0.032509
0.22402,0.10703,0.23345,0.13696,0.030114,0.077158,0.069291,0.031304,0.041714,0.048955
0.28767,0.26407,0.25984,0.07085,0.061201,0.012173,0.0081515,0.0078063,0.0010625,0.027171
0.054947,0.1642,0.21186,0.41152,0.082141,0.051136,0.002043,0.014156,0.0039447,0.0040617
0.011181,0.02459,0.1375,0.19079,0.15464,0.19322,0.036532,0.14899,0.049636,0.05292
0.02687,0.019337,0.0024591,0.0089174,0.016981,0.08701,0.29854,0.36243,0.14614,0.031321
0.067552,0.060006,0.018384,0.062936,0.034316,0.06044,0.031032,0.050381,0.073926,0.54103
0.07151,0.087699,0.13929,0.10864,0.055748,0.12301,0.14572,0.13972,0.036885,0.091783
0.14746,0.11788,0.046686,0.08129,0.057127,0.087851,0.041427,0.090863,0.13447,0.19495
