0,0.0018706,0.015397,0.035332,0.082528,0.25123,0.071602,0.35804,0.052834,0.13116
0.019429,0.006269,0.014933,0.014267,0.0069502,0.022689,0.045805,0.14571,0.43604,0.28791
0.029613,0.091635,0.32903,0.27741,0.075087,0.12589,0.048358,0.0087041,0.0095049,0.0047719
0.74494,0.20696,0.0096341,0,0.034773,0.0018356,0,0.001859,0,0
0.42009,0.24586,0.035722,0.052922,0.0045725,0.12737,0.049273,0.047471,0.016306,0.00040988
0.3196,0.27437,0.12829,0.019743,0.066573,0.064934,0.048466,0.029114,0.031189,0.017724
0.0052621,0.0024128,0.030023,0.054393,0.20641,0.25672,0.21586,0.15299,0.063804,0.012126
0.17468,0.3156,0.094221,0.11262,0.084369,0.073294,0.027896,0.076032,0.021672,0.019608
0.11146,0.20871,0.18495,0.082495,0.099341,0.12599,0.055004,0.041552,0.052127,0.038372
0.031955,0.18063,0.33409,0.24721,0.1168,0.030962,0.029033,0.0057714,0.023555,0
0.30558,0.10872,0.026143,0.021153,0.23361,0.12045,0.032771,0.072739,0.010556,0.068273
0.10003,0.13533,0.081476,0.11481,0.2505,0.12972,0.019776,0.055301,0.096077,0.016967
0.0027122,5.551e-05,0.0047819,0.014296,0.086058,0.14594,0.098245,0.17057,0.23843,0.23892
0.021741,0.0097628,0.010498,0.044138,0.19281,0.12845,0.11604,0.28948,0.096649,0.090428
0.024555,0.024055,0.040148,0.10681,0.15935,0.17448,0.12667,0.11398,0.1512,0.078747
0.023424,0.013416,0.013035,0.059337,0.17573,0.33565,0.071525,0.15083,0.068349,0.088698
0.069752,0.068515,0.055987,0.12398,0.30387,0.17038,0.093631,0.061281,0.015416,0.037188
0.012542,0.038695,0.067777,0.22144,0.17342,0.10999,0.18055,0.12729,0.034627,0.033678
0.0044358,0.032492,0.070335,0.087775,0.1763,0.11484,0.18796,0.26337,0.032696,0.029795
0.0040412,0.036425,0.052744,0.0678,0.16622,0.23628,0.23876,0.11144,0.035047,0.051238
0.091586,0.064826,0.08464,0.068041,0.039429,0.05545,0.12776,0.32268,0.1322,0.013389
0.22693,0.12364,0.10951,0.12793,0.1246,0.035777,0.088886,0.070943,0.062466,0.02932
0.049216,0.24954,0.24626,0.021534,0.060154,0.027858,0.063041,0.10888,0.12223,0.05128
0.070734,0.5295,0.10915,0.068104,0.089432,0.036213,0.01689,0.050592,0.016655,0.012727
0.063988,0.20662,0.34298,0.1304,0.16903,0.042244,0.019089,0.021283,0.003752,0.00061551
0,0,0.019208,0.039378,0.038098,0.12051,0.33956,0.21296,0.10083,0.12945
0.012869,0.034515,0.062433,0.003344,0.0030574,0.084816,0.041146,0.084308,0.16415,0.50936
0.010324,0.0060225,0.00093393,0.015177,0.057471,0.081674,0.11025,0.56014,0.13986,0.018146
0.1539,0.044571,0.083353,0.2576,0.17889,0.14308,0.071307,0.050274,0.011488,0.0055323
0.012392,0.039535,0.43161,0.14733,0.094812,0.14279,0.01215,0.038762,0.06532,0.015293
0.015844,0.014489,0.056519,0.047886,0.090063,0.11611,0.22576,0.12213,0.24565,0.065549
0.064343,0.050784,0.010201,0.0074677,0.032094,0.13168,0.35824,0.17943,0.1256,0.040157
0.19571,0.05144,0.14731,0.51456,0.044903,0.034525,0,0,0.011555,0
0.0019677,0.013222,0.028474,0.029862,0.043304,0.032589,0.056858,0.044011,0.51321,0.2365
0.047434,0.015443,0.025843,0.07399,0.017447,0.071243,0.47865,0.085423,0.014626,0.1699
0.2119,0.043416,0.077788,0.18162,0.14663,0.047835,0.080324,0.088191,0.069598,0.0527
0.0095951,0.0246,0.37725,0.36065,0.046144,0.010731,0.02087,0.093656,0.032462,0.024041
0.0051435,0.0045674,0,0.0033055,0.0065912,0.10369,0.027316,0.12235,0.23855,0.48848
0.019343,0.045692,0.091356,0.069717,0.17227,0.085224,0.062463,0.052071,0.071874,0.32999
0.0014987,0.002953,0,0.017138,0.011778,0,0.14007,0.46437,0.30114,0.061054
0.0027981,0.15202,0.079817,0.041793,0.062726,0.12958,0.21676,0.28031,0.022684,0.01151
0,0,0.0086168,0.15558,0.28837,0.29598,0.14258,0.075756,0.026056,0.007067
0.087534,0.037142,0.03337,0.0018369,0.014425,0.032335,0.098784,0.049526,0.32355,0.3215
0.007571,0.0070615,0.020539,0.0023941,0.007655,0.023612,0.060784,0.08287,0.32069,0.46682
0.39133,0.21453,0.16059,0.1612,0.027977,0.020285,0.021988,0.0021044,0,0
0,0,0.0041884,0.0033901,0.019671,0.89757,0.015008,0.029727,0.017348,0.013094
0,0,0.0096234,0.16903,0.40957,0.16625,0.15669,0.064852,0.018619,0.0053608
0,0,0.0064842,0.18675,0.43918,0.19162,0.17597,0,0,0
0.46206,0.43423,0.070739,0.0082084,0.0084415,0,0.012376,0.0039436,0,0
0.55516,0.093235,0.039382,0.019555,0.044497,0.14767,0.048067,0.040845,0.011585,0
0.28211,0.15404,0.14031,0.099086,0.093513,0.035096,0.0092903,0.040592,0.093913,0.052049
0,0.004299,0.0019439,0.013504,0,0.046446,0.053513,0.061512,0.2744,0.54439
0.0040863,0.0014758,0.021855,0.026203,0.02819,0.032454,0.050085,0.040619,0.18907,0.60596
0.019709,0.079854,0.022168,0.0048205,0.038002,0.075738,0.038905,0.096872,0.30967,0.31426
0.54779,0.1937,0.052347,0.037869,0.02115,0.025446,0.0098151,0.039783,0.0059396,0.066161
0.053936,0.084303,0.031095,0.20063,0.4457,0.13721,0.020836,0.022249,0.0040486,0
0.017057,0.17993,0.206,0.22586,0.2086,0.11729,0.020683,0.02315,0,0.0014257
0.01001,0.0064083,0.0085059,0.038274,0.045091,0.022754,0.092265,0.12162,0.5097,0.14537
0.033881,0.088523,0.11824,0.27682,0.40015,0.010515,0.0057129,0.028768,0.022468,0.014934
0.050784,0.095349,0.059729,0.067808,0.076511,0.098699,0.099486,0.066096,0.21024,0.1753
0.023928,0.09672,0.036535,0.094176,0.19274,0.23665,0.070412,0.11573,0.079756,0.053355
0.28034,0.031255,0.11553,0.33604,0.077113,0.11974,0.015696,0.0060562,0.01571,0.0025242
0.40975,0.14126,0.062376,0.055629,0.040311,0.1022,0.11348,0.0061762,0.049321,0.019484
0.083848,0.35825,0.13515,0.051011,0.078582,0.098849,0.091278,0.063338,0.017216,0.022474
0.030072,0.39789,0.2121,0.055329,0.1142,0.09438,0.019072,0.030751,0.032524,0.013679
0.055611,0.013608,0.0043356,0.016828,0.051377,0.23067,0.17853,0.26141,0.1356,0.052032
0.0038217,0.0045933,0,0,0.01832,0.10698,0.11554,0.060376,0.30929,0.38108
0,0.0059205,0.0021376,0.0010999,0.0042382,0.018209,0.017448,0.081194,0.61246,0.25729
0,0.015335,0.01763,0.014791,0.048881,0.15092,0.075884,0.13317,0.26034,0.28305
0.0015012,0,0.010682,0.032451,0.035199,0.19209,0.41813,0.25607,0.031647,0.022223
0.10074,0.04899,0.069099,0.053547,0.10654,0.12455,0.15276,0.13754,0.13596,0.070263
0.0099355,0.038633,0.026444,0.0029934,0.015262,0.04717,0.11739,0.13403,0.46928,0.13886
0.0089509,0.024393,0.0056836,0.031396,0.39703,0.25561,0.13646,0.038651,0.068499,0.033331
0.027767,0.021955,0.056964,0.077403,0.33632,0.21645,0.08446,0.050807,0.11598,0.011894
0.014599,0.038635,0.048806,0.046127,0.061468,0.24591,0.27571,0.086832,0.11758,0.064325
0.0066936,0.04945,0.0080243,0.0011126,0.021664,0.055451,0.36431,0.21944,0.12595,0.1479
0.086502,0.11745,0.058672,0.070638,0.063361,0.079588,0.18762,0.2606,0.028445,0.047126
0.24442,0.16177,0.095926,0.18012,0.17833,0.10757,0.0058723,0.012098,0.011246,0.0026456
0.074899,0.10964,0.02127,0.05449,0.16955,0.20777,0.18812,0.065997,0.026242,0.082017
0.00044257,0.0022807,0.0055637,0.025967,0.012285,0.060821,0.067107,0.081311,0.19103,0.5532
0.012192,0.028286,0.0069315,0.0076319,0.027912,0.057598,0.05987,0.28073,0.31369,0.20516
0.26341,0.085928,0.18687,0.11031,0.08077,0.096709,0.05384,0.045437,0.029383,0.047342
0.44749,0.16206,0.052738,0.042591,0.0757,0.036349,0.023479,0.024552,0.088036,0.047003
0.0072392,0.0059926,0.0091024,0.027517,0.0044073,0.042226,0.025318,0.045222,0.54612,0.28685
0.0067621,0,0.0031448,0.0025111,0,0.0091699,0.021985,0.011956,0.096895,0.84758
0.018312,0.013858,0.015016,0.012089,0.024093,0.092587,0.27454,0.48532,0.056827,0.0073595
0.011504,0.038488,0.058507,0.30502,0.1406,0.28038,0.051269,0.031047,0.044055,0.039128
0.045815,0.025698,0.030072,0.038417,0.087594,0.1363,0.36954,0.23454,0.019458,0.012558
0.021876,0.0041342,0.0084842,0.0030509,0.0086536,0.028693,0.020922,0.3281,0.32374,0.25235
0.0030055,0.013084,0.013828,0.02181,0.14601,0.21049,0.1645,0.28048,0.11361,0.03318
0,0.00045261,0.0062394,0.021567,0.23057,0.37009,0.14549,0.098905,0.026729,0.099957
0.033528,0.0029092,0.022764,0.084999,0.10686,0.34831,0.069352,0.034252,0.10301,0.19401
0.0048404,0.0065902,0.036211,0.047952,0.075605,0.27993,0.14793,0.14873,0.093954,0.15827
0.093034,0.38658,0.12794,0.042433,0.09067,0.036583,0.049578,0.013339,0.05196,0.10788
0.16118,0.23564,0.10819,0.037808,0.20016,0.094866,0.086162,0.019141,0.0044836,0.052369
0.20353,0.02354,0.079095,0.15371,0.15964,0.13998,0.066867,0.070346,0.064589,0.038705
0.034897,0.034492,0.055407,0.60639,0.10058,0.062834,0.027673,0.02723,0.041733,0.0087583
0.38026,0.47869,0.046855,0.0040056,0.011829,0.022674,0.012554,0.0045963,0.0053217,0.033214
0.03066,0.0062484,0.044421,0.073544,0.23094,0.08462,0.0819,0.14387,0.28188,0.021914
0.72152,0.15076,0.019572,0,0,0.0013069,0.0012735,0,0.066025,0.039542
0.038247,0.008873,0.026178,0.010295,0.03392,0.12566,0.054511,0.21156,0.47557,0.015188
0.0026754,0.013473,0.021773,0.073338,0.27595,0.21882,0.24225,0.063317,0.069225,0.019183
0.016048,0.05232,0.032886,0.012277,0.091074,0.12148,0.44321,0.14423,0.026963,0.059514
0,0,0.016035,0.0045096,0,0.011647,0.017618,0.027272,0.64603,0.27689
0.065295,0.011417,0.022581,0,0.0035664,0.043567,0.10752,0.069693,0.57512,0.10125
0.0080855,0.0086986,0,0.0017501,0.011589,0.0012538,0.026563,0.049993,0.4351,0.45697
0.40481,0.41234,0.083753,0.054292,0.013324,0.013864,0.017613,0,0,0
0.23416,0.34186,0.30442,0.033905,0.041067,0.038207,0.0043219,0.0020621,0,0
0.050326,0.014212,0.027888,0.019519,0.0072781,0.014388,0.013704,0.037602,0.15082,0.66426
0.054475,0.0052891,0.00922,0.00040863,0.013843,0.016278,0.019532,0.094514,0.56923,0.21721
0.065028,0.042669,0.031033,0.034022,0.049492,0.076073,0.16716,0.25279,0.22453,0.0572
0.0027336,0.0069576,0.0076294,0.14828,0.2709,0.48761,0.035277,0.03143,0.0066914,0.0024949
0.24659,0.071541,0.097107,0.039362,0.21333,0.11648,0.080029,0.022768,0.040774,0.072031
0.035684,0.0088948,0.31702,0.25226,0.1381,0.040434,0.049008,0.054799,0.066265,0.037536
0.024911,0.021537,0.24459,0.18914,0.18353,0.11975,0.043635,0.073325,0.051716,0.047869
0.022854,0.038499,0.2944,0.19239,0.12699,0.11416,0.075458,0.037698,0.056423,0.041129
0,0.00058338,0,0,0.00043413,0.027707,0.083256,0.081338,0.12296,0.68372
0.0043256,0,0,0,0,0.0028027,0.015124,0.071763,0.18302,0.72297
0.17173,0.60593,0.08137,0.032231,0.032561,0.021258,0.00054915,0.047112,0.0022206,0.0050434
