0.5686,0.24712,0.058513,0.053209,0,0,0.0044328,0.017987,0.0038548,0.046285
0.027553,0.011502,0.098837,0.12815,0.062418,0.13824,0.13922,0.1259,0.061406,0.20677
0.01581,0.01346,0.010818,0.026125,0.16347,0.45607,0.28982,0.020428,0.0040058,0
0.36409,0.25705,0.073534,0.1016,0.14128,0.029034,0.012904,0.0013095,0.0024274,0.016777
0.056534,0.069717,0.070942,0.16838,0.16251,0.18648,0.036786,0.038003,0.036504,0.17414
0.00074469,0.082209,0.12056,0.034335,0.022799,0.08355,0.2886,0.19197,0.14597,0.029252
0.010277,0.08987,0.60224,0.25573,0.035609,0.0025437,0.0011102,0,0.0010005,0.001619
0.052865,0.038309,0.015528,0.0052338,0.019128,0.023871,0.11706,0.51009,0.19626,0.021662
0.12446,0.14896,0.22942,0.10294,0.052576,0.042123,0.015605,0.069292,0.047375,0.16724
0.034193,0.011007,0.012527,0,0,0.015314,0.1869,0.35151,0.32715,0.061396
0.00026656,0.045657,0.18525,0.22104,0.1044,0.097074,0.092194,0.059382,0.044817,0.14992
0.12926,0.21994,0.24487,0.16102,0.062807,0.10067,0.032661,0.031681,0.0031345,0.013952
0.065532,0.060439,0.05585,0.018218,0.055782,0.17889,0.083182,0.17706,0.20232,0.10273
0.017566,0.041961,0.07483,0.20615,0.089451,0.12848,0.12602,0.072111,0.12495,0.11848
0.055288,0.058384,0.01556,0.052872,0.21992,0.21712,0.18629,0.088913,0.0707,0.034945
0.015555,0.0078439,0.054732,0.14036,0.16004,0.17343,0.091855,0.14773,0.12129,0.087168
0.074696,0.12283,0.13796,0.099178,0.15501,0.21381,0.11835,0.034905,0.015957,0.02731
0.0063759,0.02177,0.015394,0.027488,0.1639,0.28375,0.28622,0.078693,0.061528,0.05488
0.037662,0.027684,0.027396,0.076911,0.13862,0.11838,0.18528,0.16501,0.12951,0.093543
0.096661,0.2131,0.21075,0.088284,0.17622,0.090292,0.063889,0.024294,0.0080501,0.028456
0.014622,0.078666,0.095841,0.27065,0.11116,0.20804,0.091526,0.085024,0.01877,0.025705
0.04115,0.043309,0.066138,0.044751,0.26658,0.15289,0.11504,0.18341,0.056709,0.030015
0.031369,0.018624,0.071581,0.049557,0.21713,0.21317,0.25824,0.077132,0.042315,0.020877
0.0255,0.054155,0.096345,0.18302,0.20147,0.26448,0.10187,0.028374,0.025064,0.01972
0.04938,0.074594,0.02665,0.067951,0.1152,0.10025,0.13376,0.14593,0.16938,0.11691
0.10182,0.084936,0.032206,0.048632,0.084598,0.062331,0.14561,0.093505,0.060974,0.28539
0.010931,0.036966,0.036879,0.18802,0.21885,0.16972,0.080918,0.066956,0.10014,0.090621
0.0065034,0.025503,0.031331,0.079115,0.18751,0.17075,0.13751,0.088203,0.12284,0.15073
0.26959,0.2374,0.084216,0.10617,0.041346,0.068542,0.060918,0.03311,0.023738,0.074975
0.12506,0.083285,0.18697,0.14127,0.095338,0.1618,0.11798,0.032782,0.034221,0.0213
0.012422,0.00055416,0.032688,0.021053,0.10222,0.076873,0.032575,0.055649,0.22263,0.44335
0.065516,0.039428,0.021381,0.082428,0.18924,0.066868,0.049513,0.10091,0.20029,0.18442
0.078163,0.038777,0.063389,0.20699,0.14135,0.16418,0.10374,0.059507,0.039079,0.10483
0.31667,0.077104,0.081968,0.15986,0.11186,0.092088,0.088998,0.036312,0.027895,0.0072492
0.10837,0.25114,0.20826,0.15539,0.14155,0.11035,0.006109,0.0053242,0.0096739,0.0038308
0.026266,0.17347,0.13366,0.32417,0.074429,0.19506,0.039147,0.025543,0.0080789,0.00017796
0.025479,0.036211,0.018483,0.17693,0.076601,0.095828,0.079478,0.31753,0.075213,0.098245
0.24842,0.15541,0.1252,0.10495,0.050566,0.091528,0.018776,0.053442,0.10943,0.042272
0.14091,0.089617,0.11614,0.065352,0.1337,0.077821,0.03856,0.054842,0.0914,0.19166
0.018721,0.046227,0.052714,0.04255,0.099725,0.12485,0.13997,0.26256,0.085333,0.12735
0.058103,0.041402,0.13353,0.2095,0.16396,0.09908,0.15786,0.047346,0.046888,0.042336
0.031456,0.04052,0.012245,0.023112,0.065201,0.15172,0.31751,0.098658,0.10474,0.15483
0.014693,0.010194,0.016902,0.022747,0.039242,0.4639,0.25691,0.085227,0.023608,0.066573
0.46688,0.29803,0.012697,0.0089352,0.033811,0.021687,0.0011702,0.097213,0.026909,0.032668
0.48236,0.25606,0.095157,0.013382,0.049199,0.019752,0.022161,0.034281,0.01631,0.011341
0,0,0,0.00046907,0.0013637,0.0017664,0.00091763,0.0090057,0.17924,0.80724
0.039662,0.6595,0.11621,0.016275,0.036606,0.0070463,0.0020606,0.064561,0,0.058087
0.31667,0.39601,0.15295,0.061773,0.0098894,0.026109,0.0032011,0.016067,0.010856,0.0064732
0.41377,0.21645,0.18605,0.0568,0.024989,0.046902,0,0.016518,0.014685,0.023834
0.045827,0.015477,0.015794,0.49312,0.016515,0.044121,0.0057307,0.0081107,0.01063,0.34468
0,0,0.022396,0.16996,0.179,0.18731,0.039964,0.087019,0.14128,0.17306
0.034884,0.46375,0.30588,0.13759,0.028715,0.00077396,0.014601,0,0,0.013805
0.0043387,0.020298,0.68051,0.23538,0.048089,0.0089005,0,0,0.0024823,0
0,0,0.00050066,0,0.004733,0.63643,0.32718,0.031148,0,0
0.39471,0.33646,0.11665,0.032949,0.014197,0.016258,0.0012079,0.0014921,0.032036,0.054039
0.0075733,0.0093476,0.049327,0.091729,0.085165,0.45477,0.039,0.11044,0.061564,0.091089
0.097201,0.068641,0.14181,0.085972,0.12669,0.087137,0.083353,0.1952,0.10448,0.0095247
0.03455,0.074482,0.11344,0.080969,0.23355,0.19472,0.074808,0.06483,0.087599,0.041049
0.054814,0.048927,0.051865,0.10003,0.29508,0.31348,0.078693,0.028091,0.011811,0.017202
