0.045638,0.026531,0.18183,0.25708,0.064879,0.096169,0.15165,0.058785,0.073917,0.043522
0.037424,0.039394,0.097394,0.18337,0.19444,0.22997,0.12151,0.030537,0.030031,0.035932
0.057712,0.11035,0.073644,0.24285,0.20348,0.13404,0.093076,0.046585,0.029707,0.0085555
0.020403,0.016204,0.050704,0.061216,0.29931,0.31847,0.15232,0.035585,0.029056,0.016735
0.029998,0.017643,0.031224,0.15423,0.096225,0.098804,0.095728,0.16348,0.11839,0.19428
0.0049704,0.0013619,0.014498,0.10408,0.047347,0.050119,0.079581,0.16261,0.33165,0.20379
0.018151,0.45446,0.24823,0.11888,0.051021,0.05941,0.033214,0.0090704,0.007557,0
0.019517,0.057639,0.062867,0.064343,0.094616,0.038253,0.057415,0.26223,0.28596,0.057156
0.081942,0.017986,0.01262,0.018751,0.050551,0.058061,0.56721,0.18533,0.0075495,0
0.020434,0.028343,0.014787,0.060049,0.073979,0.15943,0.18818,0.10719,0.29627,0.051344
0.036125,0.022744,0.39014,0.21554,0.20022,0.044878,0.0033635,0.024688,0.034618,0.027676
0.12317,0.027897,0.064475,0.076061,0.47695,0.049943,0.029776,0.034192,0.04881,0.06873
0.0047511,0.014871,0.031409,0.034922,0.070956,0.34675,0.26471,0.1152,0.10369,0.012738
0.37401,0.14832,0.32285,0.013209,0.0014473,0.095446,0.010657,0.0078341,0.001844,0.024381
0.31812,0.56335,0.033566,0.0055448,0.022729,0.03096,0.010056,0.010873,0.0036417,0.0011638
0.5305,0.26448,0.078799,0.023103,0.041641,0.055092,0.0017909,0.00073359,0,0.0038597
0.18645,0.20647,0.40193,0.029417,0.055384,0.044783,0.037842,0.0079581,0.020748,0.009024
0.024495,0.5154,0.048927,0.028183,0.034143,0.01862,0.015656,0.02518,0.077616,0.21178
0.0033444,0.011981,0.0013948,0.073058,0.10044,0.13361,0.1163,0.05485,0.32753,0.1775
0.0034237,0.016521,0.024652,0.096196,0.20015,0.30012,0.13568,0.10846,0.09471,0.020088
0.015246,0.14646,0.31504,0.11914,0.10916,0.21764,0.0020769,0.030196,0.041605,0.0034429
0.019997,0.016998,0.01424,0.24986,0.30494,0.20886,0.096771,0.035184,0.0098741,0.043282
6.6928e-05,0,0.012228,0.01324,0.0072417,0.0069286,0.057905,0.39184,0.32601,0.18454
0,0.0047889,0.004473,0.0017164,0.00875,0.0021298,0.0087511,0.1136,0.31196,0.54383
0.027425,0.015604,0.034121,0.092725,0.25065,0.16304,0.11447,0.097909,0.092709,0.11135
0.03302,0.20561,0.51249,0.085737,0.029631,0.046514,0.019767,0.0069438,0.016599,0.043691
0.17011,0.12963,0.094912,0.13702,0.046858,0.19121,0.018042,0.040467,0.096592,0.075157
0.11599,0.21455,0.1618,0.23833,0.1383,0.054661,0.027952,0.028668,0.010659,0.0090769
0.0020635,0.027556,0.038007,0.18793,0.23291,0.18784,0.19047,0.12945,0.0037791,0
0.24908,0.14863,0.071303,0.10449,0.10983,0.10675,0.077102,0.072427,0.052689,0.0076847
0.077251,0.11244,0.13641,0.076302,0.23317,0.21765,0.055202,0.044533,0.01758,0.029459
0.0029964,0.019367,0.036103,0.040886,0.024168,0.049653,0.033707,0.092882,0.26949,0.43074
0,0,0,0.0012899,0.048468,0.24303,0.30803,0.32535,0.028709,0.045111
0,0,0,0.0055361,0.021223,0.040131,0.19188,0.50455,0.22737,0.0093021
0.003569,0.0042256,0.0016782,0.0014521,0.0069495,0.036938,0.040857,0.092292,0.44467,0.36736
0.032245,0.065052,0.13404,0.18991,0.20244,0.16276,0.10187,0.059919,0.028236,0.023528
0.34966,0.16675,0.10551,0.063193,0.059125,0.11177,0.091903,0.033055,0.015985,0.0030571
0.12534,0.069964,0.13347,0.15712,0.15838,0.12427,0.050043,0.073146,0.087691,0.020574
0.020989,0.029282,0.030481,0.055437,0.19888,0.36571,0.14821,0.009944,0.023715,0.11735
0.096306,0.066782,0.034151,0.11421,0.13817,0.37529,0.089697,0.037246,0.013729,0.034413
0.07189,0.11488,0.12706,0.20608,0.17828,0.17189,0.071372,0.013322,0.0037055,0.041521
0.10666,0.085574,0.10495,0.097917,0.1688,0.22243,0.076204,0.069282,0.040942,0.027238
0.041208,0.01587,0.092275,0.26313,0.2545,0.15235,0.058753,0.051195,0.038466,0.032247
0.01651,0.072154,0.045644,0.095186,0.19434,0.25555,0.11827,0.080617,0.07179,0.049934
0.083766,0.049996,0.10178,0.098209,0.17624,0.20057,0.11723,0.1039,0.027241,0.041054
0.068996,0.074314,0.10187,0.10571,0.3589,0.15542,0.067375,0.017036,0.028125,0.022265
0.022483,0.073941,0.071588,0.11733,0.10329,0.17755,0.11253,0.20872,0.051066,0.061505
0.04099,0.020789,0.005234,0.061429,0.16002,0.15895,0.13592,0.081171,0.18196,0.15355
0.021864,0.027216,0.015356,0.067916,0.23339,0.17321,0.17903,0.10263,0.097494,0.0819
0.093117,0.12721,0.089075,0.069554,0.082324,0.055208,0.12026,0.11016,0.064715,0.18837
0.019793,0.065767,0.11049,0.12829,0.17012,0.12745,0.059907,0.051904,0.082236,0.18404
0.047445,0.026617,0.11566,0.086976,0.17146,0.15606,0.071277,0.072614,0.19189,0.059994
0.057691,0.077075,0.074154,0.12138,0.17823,0.12948,0.13339,0.092752,0.074659,0.061185
0.052565,0.056673,0.11799,0.16809,0.14066,0.11533,0.18118,0.086644,0.023956,0.056917
0.14264,0.23265,0.088948,0.078065,0.051659,0.12087,0.065571,0.073518,0.082377,0.063707
0.14321,0.14736,0.18303,0.11006,0.10462,0.15971,0.067867,0.045238,0.020216,0.018696
0.021951,0.035052,0.097712,0.030556,0.057885,0.012149,0.20102,0.2469,0.17197,0.12481
0.079461,0.13387,0.1441,0.11292,0.22199,0.14157,0.041123,0.050601,0.05827,0.016097
0.043647,0.092129,0.076573,0.15189,0.12768,0.18241,0.16834,0.040736,0.075605,0.040989
0.0067249,0.032006,0.029687,0.15983,0.2762,0.21858,0.13795,0.061354,0.041663,0.036001
0.042694,0.078711,0.032324,0.033909,0.14191,0.13158,0.16771,0.19842,0.098312,0.074433
0.089169,0.088152,0.072094,0.084579,0.1422,0.093917,0.080802,0.082022,0.18414,0.082927
0.035983,0.089476,0.10608,0.15816,0.13855,0.051282,0.098441,0.12594,0.049078,0.14702
0.29225,0.44941,0.043445,0.042146,0.081318,0.023995,0.013072,0.0044518,0.0061604,0.043746
0.014244,0.0011375,0.0018423,0,0.007925,0.023577,0.23601,0.5219,0.13681,0.05655
0.033466,0.071023,0.054727,0.067422,0.17015,0.14877,0.052756,0.11728,0.15728,0.12712
0.028266,0.048109,0.11623,0.13478,0.18304,0.10232,0.073422,0.08519,0.10255,0.12609
0.067274,0.1075,0.2793,0.089242,0.12267,0.14656,0.091252,0.054623,0.034835,0.0067341
0.0069465,0.17962,0.13153,0.058517,0.065034,0.10812,0.087061,0.12988,0.12271,0.11059
0.12768,0.075815,0.1377,0.076675,0.092847,0.0815,0.038439,0.035385,0.16349,0.17047
0.25737,0.24277,0.095162,0.088649,0.081558,0.059424,0.047567,0.039388,0.052971,0.035138
0.4203,0.16719,0.039076,0.11061,0.16228,0.064068,0.024732,0.00015495,0.0072062,0.0043794
0.098959,0.16465,0.13366,0.075424,0.1668,0.14317,0.065418,0.099087,0.030096,0.022738
0.032414,0.30671,0.42777,0.12691,0.053538,0.020441,0.01887,0.010194,0.0031559,0
0.0023337,0.029812,0.026122,0.031763,0.048568,0.36192,0.20608,0.26685,0.015898,0.010659
0.7579,0.10023,0.016763,0.014207,0.050612,0.021514,0.016748,0.014332,0.0073528,0.00034027
0.19981,0.33826,0.10239,0.10145,0.15559,0.041863,0.025565,0.016837,0.013061,0.0051678
0.0073884,0.12162,0.0010726,0.013531,0.015623,0.082736,0.10602,0.37277,0.27039,0.0088468
0.079474,0.16757,0.042575,0.034406,0.051033,0.081185,0.04885,0.061502,0.13354,0.29986
0.0030863,0.025256,0.023699,0.032114,0.089121,0.15128,0.28087,0.25937,0.037186,0.09802
0.029123,0.0041583,0.0041421,0.024757,0.078741,0.038403,0.30658,0.38673,0.089106,0.038261
0.76687,0.14519,0.0083862,0.0081577,0.01045,0.0058423,0.041135,0.0079041,0.0039257,0.0021402
0.81832,0.11548,0.027177,0.015825,0.017126,0.0049043,0.0011697,0,0,0
0.0083726,0.0064106,0.0069962,0.0062201,0.012702,0.023272,0.011186,0.17526,0.35522,0.39436
0,0.0032466,0,0,0.0044786,0.020675,0.002897,0.0077438,0.031931,0.92903
0,0,0.014226,0.0061815,0.0047938,0.0065088,0.010208,0.058075,0.17608,0.72393
0,0,0.00052643,0.015483,0.01278,0.0062923,0.0094757,0.013007,0.1262,0.81624
0,0,0,0,0.011061,0.014811,0.019305,0.054082,0.42066,0.48008
0,0.0029331,0,0.012554,0.0076444,0.040241,0.07623,0.063581,0.096338,0.70048
0.65432,0.12007,0.074505,0.052061,0.04929,0.0095898,0.015098,0.024217,0.00084275,0
0.22789,0.15341,0.095868,0.12235,0.16828,0.05643,0.073159,0.062333,0.016082,0.024204
0,0,0,0.0016346,0.0019407,0.010052,0.0058389,0.0026871,0.030394,0.94745
0,0,0,0.0016399,0.016029,0.006474,0.028163,0.06415,0.34887,0.53468
0.00017708,0.00045746,0,0.0050926,0.033427,0.043501,0.064526,0.11383,0.66797,0.071016
0.03893,0.030082,0.1162,0.47218,0.095978,0.029225,0.037225,0.0062621,0.057978,0.11594
0.013456,0.032899,0.28171,0.019559,0.016349,0.017638,0.0046968,0.028954,0.1516,0.43314
0.010164,0.034933,0.09094,0.091739,0.30711,0.27946,0.050348,0.013242,0.056414,0.065647
0,0.012728,0.0016973,0.14038,0.14379,0.39143,0.16293,0.014898,0.039755,0.092384
0.15872,0.097844,0.14574,0.0609,0.051112,0.038422,0.26884,0.031375,0.10642,0.040617
0.047362,0.042903,0.031712,0.078028,0.32509,0.11016,0.17904,0.08277,0.038151,0.064781
0.0033114,0.0069528,0.007885,0.0032085,0.0059427,0.016165,0.012725,0.023407,0.16274,0.75766
0.027992,0.033435,0.030203,0.095031,0.05162,0.14308,0.48964,0.011467,0.034775,0.082756
0.0042648,0.0039342,0.0043595,0.063001,0.17308,0.019755,0.037168,0.046585,0.31605,0.3318
0.015939,0.12996,0.090831,0.070497,0.033769,0.05273,0.046368,0.1657,0.10887,0.28533
0,0,0.020103,0.041374,0.037393,0.070922,0.047639,0.5896,0.11231,0.08066
0.090368,0.079255,0.054745,0.072004,0.30844,0.17862,0.10001,0.032926,0.030709,0.05293
0.13054,0.058586,0.036301,0.072936,0.14984,0.27006,0.088389,0.066291,0.082576,0.044489
0.066259,0.067758,0.12306,0.079871,0.2263,0.26825,0.087518,0.012855,0.026939,0.041183
0.048772,0.036144,0.041697,0.08894,0.22235,0.14943,0.066615,0.17524,0.16022,0.010588
0.21465,0.15678,0.10313,0.20471,0.17689,0.040045,0.014659,0.023404,0.016631,0.049096
0.0058248,0.065331,0.084674,0.21151,0.34501,0.14987,0.07361,0.022913,0.0096248,0.031639
0.026037,0.0026083,0.020766,0.095712,0.52089,0.19325,0.13435,0.002184,0.0033916,0.00080933
0.017895,0.049223,0.026651,0.075248,0.25273,0.058852,0.14524,0.15095,0.10209,0.12113
0.084737,0.14431,0.11398,0.05706,0.060894,0.22118,0.14535,0.03922,0.035626,0.09764
0.014242,0.036299,0.162,0.10915,0.14398,0.19253,0.11007,0.12958,0.0074609,0.094682
0.1344,0.069014,0.072509,0.12844,0.095726,0.12067,0.17004,0.084447,0.075878,0.048883
0.008513,0.037876,0.034274,0.093407,0.17067,0.38896,0.14393,0.077605,0.026683,0.018083
0.015188,0.018146,0.021613,0.058653,0.18093,0.22717,0.11494,0.11702,0.14744,0.098896
0.2369,0.12715,0.12937,0.088326,0.086908,0.18478,0.0673,0.018482,0.017175,0.043605
