0.00084951,0.006286,0.084813,0.42934,0.28606,0.094707,0.03845,0.028671,0.025652,0.0051732
0.0047836,0.088708,0.13983,0.1898,0.15296,0.12901,0.11783,0.065283,0.057103,0.054691
0.01318,0.046714,0.037952,0.031037,0.082031,0.14331,0.1868,0.10552,0.24683,0.10663
0.247,0.076604,0.069333,0.043914,0.016933,0.037747,0.038787,0.11256,0.17492,0.18221
0.28009,0.18411,0.084618,0.092182,0.082785,0.05007,0.07029,0.06538,0.049117,0.041355
0.10502,0.028541,0.034053,0.017553,0.043776,0.21431,0.26266,0.05836,0.076998,0.15874
0.090771,0.033367,0.031843,0.13047,0.19887,0.14983,0.16652,0.17185,0.019723,0.0067503
0.24267,0.19528,0.095312,0.12829,0.04344,0.09047,0.10297,0.028681,0.023705,0.049182
0.1077,0.11039,0.17311,0.17747,0.22053,0.037762,0.027436,0.045885,0.022678,0.077034
0.022005,0.03906,0.035786,0.058514,0.094535,0.14666,0.096311,0.2076,0.18928,0.11025
0.16255,0.17024,0.11276,0.049762,0.26458,0.035058,0.082709,0.040088,0.051313,0.030949
0.1778,0.13403,0.11958,0.21855,0.078867,0.045083,0.065915,0.098151,0.017627,0.044397
0.020818,0.039834,0.31657,0.35622,0.1118,0.069724,0.048968,0.016104,0.015257,0.0047065
0.40034,0.20927,0.14949,0.10826,0.043724,0.046069,0.0043782,0.012905,0.0074256,0.018142
0.085987,0.22117,0.31376,0.15316,0.051097,0.085227,0.056807,0.016481,0.013365,0.0029433
0.73241,0.11123,0.030646,0.024108,0.043272,0.029259,0.0086532,0.014894,0.0041352,0.0013926
0.0075239,0.072588,0.40529,0.16924,0.1001,0.20728,0.011017,0.02695,0,0
0.022377,0.0021528,0.10968,0.47622,0.2067,0.056343,0.056982,0.064907,0.004642,0
0.075019,0.011308,0.0088016,0.011044,0.076224,0.035358,0.045545,0.076551,0.30455,0.3556
0.076763,0.017268,0.04306,0.03695,0.12503,0.077418,0.068412,0.13166,0.24654,0.17689
0.0056026,0.016522,0.033318,0.0037253,0.05853,0.14513,0.15257,0.36218,0.12778,0.094647
0.032208,0.012099,0.011317,0.0034977,0.029078,0.057577,0.03731,0.06248,0.3323,0.42214
0.32815,0.091848,0.038192,0.056255,0.074946,0.15481,0.096593,0.032648,0.046875,0.079678
0.00073731,0,0.026683,0.0138,0.013616,0.085301,0.049001,0.28447,0.31779,0.20861
0.24692,0.082704,0.037507,0.01638,0.026392,0.098499,0.024263,0.033998,0.10206,0.33127
0.041938,0.099654,0.073133,0.16046,0.24953,0.17304,0.11666,0.050478,0.027979,0.0071242
0,0.0058085,0.0028565,0.0046565,0.034405,0.03766,0.038329,0.04284,0.35811,0.47533
0.073354,0.046859,0.091764,0.085001,0.15502,0.095401,0.070253,0.061113,0.17569,0.14555
0,0.0035582,0.02234,0.011585,0.032661,0.23581,0.13397,0.15921,0.18245,0.21842
0.55271,0.14177,0.042406,0.016182,0.1284,0.078838,0.004575,0.0023476,0.0033545,0.029415
0.41874,0.07874,0.028872,0.024937,0.27252,0.0508,0.027625,0.027262,0.038698,0.031809
0.005742,0.014683,0.0038473,0.0015803,0.020578,0.071416,0.01391,0.18145,0.4305,0.2563
0.16156,0.11959,0.31512,0.18894,0.13165,0.023042,0.0095091,0.026214,0.0038712,0.020499
0.35119,0.18268,0.1327,0.0342,0.21064,0.032974,0.017954,0.0038372,0.013327,0.020494
0.39674,0.14755,0.10194,0.093985,0.1231,0.058223,0.052911,0.018089,0.004617,0.002849
0.033344,0.24939,0.28055,0.1742,0.16635,0.034956,0.011869,0.023531,0.013886,0.011914
0.017077,0.034427,0.61026,0.21248,0.076956,0.024487,0.019874,0.0031628,0.0012811,0
0.0011615,0.014235,0.097968,0.11868,0.36326,0.25336,0.13627,0.014392,0,0.0006832
0.46357,0.19448,0.055491,0.058698,0.13358,0.011809,0.028946,0.015206,0.022835,0.015389
0.76132,0.054438,0.0069534,0.049315,0.041732,0.032272,0.0038692,0.018509,0.0013877,0.030199
0.19776,0.084914,0.052394,0.093625,0.19333,0.1101,0.064881,0.059203,0.070509,0.073284
0.033142,0.015387,0.020122,0.049448,0.14692,0.13791,0.12676,0.28713,0.066908,0.11627
0.057104,0.043474,0.050613,0.078915,0.11617,0.1988,0.15704,0.1261,0.063359,0.10843
0.077195,0.059414,0.011162,0.036233,0.040547,0.048531,0.049065,0.060805,0.24167,0.37537
0.06403,0.12162,0.01814,0.079948,0.092014,0.10739,0.1367,0.087507,0.089529,0.20312
0.15027,0.083343,0.010088,0.019562,0.076831,0.13935,0.18426,0.20726,0.049349,0.079686
0.13122,0.050572,0.061401,0.066737,0.097986,0.14402,0.2186,0.12962,0.047037,0.052808
0.042092,0.11081,0.1538,0.10298,0.064979,0.056895,0.12837,0.12513,0.13924,0.075698
0.071775,0.10916,0.058472,0.06881,0.18722,0.14825,0.18737,0.073486,0.027711,0.067742
0.074686,0.074306,0.046656,0.069596,0.11405,0.16845,0.12956,0.11494,0.095561,0.1122
0.040062,0.028432,0.076295,0.21744,0.19792,0.15681,0.071611,0.064125,0.085718,0.061593
0.020899,0.097443,0.11969,0.11698,0.22754,0.2547,0.084717,0.020427,0.014806,0.042795
0.054931,0.040499,0.079904,0.14841,0.21568,0.1634,0.043117,0.063116,0.066472,0.12447
0.10576,0.10402,0.10826,0.2,0.12641,0.15158,0.063289,0.049578,0.057279,0.033829
0.097125,0.12396,0.19873,0.16938,0.1889,0.030617,0.030592,0.0465,0.090341,0.023863
0.036985,0.081472,0.020747,0.039311,0.40856,0.179,0.14814,0.026248,0.01838,0.041161
0,0.014976,0.019669,0.028433,0.27843,0.2015,0.18733,0.075944,0.069751,0.12397
0.016073,0.1817,0.18509,0.093475,0.15786,0.146,0.09677,0.05297,0.031929,0.038136
0.06135,0.10311,0.14029,0.10637,0.22718,0.1663,0.04393,0.037744,0.042636,0.071082
