0.079644,0.088029,0.060328,0.045336,0.057374,0.05563,0.052783,0.30168,0.13072,0.12847
0.02815,0.033603,0.037126,0.10784,0.1245,0.17018,0.29388,0.078543,0.10106,0.025125
0.036807,0.044541,0.085942,0.15047,0.11226,0.12509,0.0656,0.1701,0.077475,0.13172
0.06193,0.059648,0.1617,0.12438,0.11594,0.099545,0.060295,0.043886,0.07271,0.19997
0.033528,0.060957,0.15436,0.086333,0.16868,0.15494,0.055278,0.084447,0.12568,0.075802
0.038226,0.067353,0.17008,0.17068,0.0881,0.090078,0.14825,0.13047,0.077398,0.019363
0.063446,0.057105,0.13635,0.1647,0.084382,0.11372,0.094652,0.095584,0.060291,0.12978
0.059081,0.051401,0.043325,0.095038,0.064548,0.14852,0.25517,0.14611,0.065374,0.07144
0.03556,0.042105,0.04264,0.030764,0.10137,0.23166,0.41779,0.033952,0.04087,0.023296
0.021603,0.12654,0.078756,0.14929,0.13459,0.20447,0.10106,0.12106,0.029229,0.033392
0.078853,0.081942,0.21264,0.065998,0.079558,0.14776,0.10054,0.10403,0.079367,0.049307
0.007165,0.010525,0.044525,0.075114,0.12433,0.092308,0.19771,0.19567,0.18458,0.068071
0.05712,0.037197,0.025152,0.10839,0.14897,0.22809,0.13205,0.10925,0.092628,0.061159
0.018865,0.066581,0.34369,0.22771,0.11294,0.057193,0.15126,0.0062631,0.011936,0.003566
0.10061,0.29513,0.12016,0.12091,0.30656,0.0495,0.0037217,0,0.002214,0.0011893
