0.022805,0.066424,0.23381,0.21538,0.090875,0.092173,0.087264,0.11637,0.055368,0.019526
0.013368,0.044596,0.099074,0.13078,0.22439,0.15074,0.10015,0.10285,0.039182,0.09486
0.0065084,0.016662,0.09162,0.088,0.16849,0.18784,0.16995,0.16041,0.06682,0.043698
0.0066703,0.0086919,0.0071604,0.15796,0.13217,0.097641,0.092335,0.19472,0.2065,0.096151
0.018068,0.0066797,0.12828,0.26268,0.17352,0.1313,0.032662,0.069334,0.12472,0.052762
0.011422,0.017804,0.047022,0.24423,0.15059,0.074262,0.031143,0.096201,0.30095,0.02638
0.0063171,0.0035362,0.036753,0.20634,0.53415,0.084077,0.034397,0.0045628,0.015268,0.074591
0.073094,0.048835,0.14484,0.21828,0.17049,0.20881,0.083283,0.032605,0.0066641,0.013107
0.03874,0.092352,0.13886,0.17966,0.065866,0.16661,0.24782,0.052095,0.011693,0.0063077
0.058113,0.14444,0.11945,0.074431,0.1767,0.29456,0.11458,0.01509,0.0026369,0
0.0084335,0.02509,0.012294,0.03036,0.18606,0.19869,0.40093,0.11021,0.019859,0.0080643
0.013421,0.11199,0.085915,0.44622,0.076537,0.1046,0.12763,0.02605,0,0.0076435
0.062492,0.29584,0.21771,0.15913,0.12311,0.04118,0.052212,0.0040404,0.024752,0.019537
0.11781,0.11794,0.3351,0.1448,0.092828,0.10378,0.0081958,0.019694,0.036678,0.023178
0.012131,0.098183,0.24175,0.059502,0.051125,0.1209,0.095842,0.18901,0.081511,0.050045
0.18701,0.19405,0.078622,0.35974,0.044225,0.064145,0.028599,0.015893,0.013457,0.01425
0.56135,0.27863,0.025818,0.01402,0.033775,0.032483,0.0095389,0.0011203,0.023923,0.019347
0.20119,0.15525,0.076267,0.087931,0.1334,0.098541,0.16384,0.054288,0.006142,0.023155
0.029683,0.011169,0.0895,0.058016,0.15734,0.027479,0.19663,0.14215,0.26628,0.021741
0.24992,0.069302,0.078279,0.060011,0.10828,0.083645,0.11834,0.077034,0.10277,0.052412
0.0059144,0.0033225,0.00079385,0.0068775,0.013481,0.031875,0.21346,0.64763,0.037964,0.038675
0.51556,0.078141,0.047961,0.17535,0.037434,0.012949,0.016452,0.053014,0.039382,0.023754
0.86893,0.068047,0.022093,0.010027,0.0091362,0.0049418,0,0.011492,0.0039712,0.0013658
0.1001,0.024588,0.023849,0.10496,0.1247,0.17426,0.054865,0.12888,0.13109,0.13271
0.010114,0,0,0.014473,0.045657,0.55748,0.16942,0.070661,0.027321,0.10488
0,0,0,0.0025126,0.0047362,0.030087,0.60907,0.17925,0.063865,0.11048
0.12429,0.71562,0.083995,0.022357,0.029056,0.011025,0.00057472,0.0099199,0,0.0031609
0.0012032,0.00013057,0.010187,0,0.0037981,0.12315,0.015707,0.031766,0.19544,0.61862
0.12226,0.23175,0.19329,0.052469,0.17459,0.1894,0.023843,0.0039928,0.0027405,0.0056674
0,0.0037884,0.0009175,0.0055747,0.047096,0.22002,0.12674,0.089311,0.43058,0.075978
0,0.0027,0.01044,0.027515,0.22592,0.29151,0.1564,0.11688,0.068204,0.10044
0.030615,0.03959,0.07241,0.081083,0.070892,0.30937,0.056611,0.096857,0.21764,0.024934
0,0.0021488,0.0063264,0,0.0046814,0.049908,0.15681,0.16406,0.49373,0.12234
0.81931,0.075711,0.037878,0.0075959,0.039505,0.011358,0,0.0041288,0.00026438,0.0042526
0.0027156,0.12851,0.063854,0.31418,0.14829,0.31938,0.012999,0.0018637,0.0046482,0.0035667
0.70988,0.10499,0.058982,0.057552,0.044812,0.0051824,0.0027132,0.001328,0.0035875,0.010982
0,0,0.0069104,0.0040336,0.0053142,0.011516,0.12675,0.02568,0.081387,0.73841
0.0071123,0.0036096,0.015335,0.01465,0.15798,0.48075,0.12406,0.048941,0.066311,0.081252
0.0089787,0.000984,0,0,0.15887,0.33896,0.14574,0.06795,0.085831,0.19269
0.16051,0.0097071,0.043007,0.082153,0.18397,0.070306,0.027088,0.03854,0.32639,0.058321
0.028049,0.27462,0.29187,0.13238,0.15633,0.0054199,0.0040367,0.007694,0.095481,0.0041189
0.030836,0.034006,0.51191,0.24346,0.04041,0.0038851,0.0043431,0.0072781,0.044293,0.079571
0.046317,0.015792,0.018804,0.0018115,0.022204,0.16326,0.063634,0.18941,0.45842,0.020339
0.49596,0.24567,0.10888,0.027827,0.094525,0.021217,0.004452,0.0005983,0.00087134,0
0.11735,0.018961,0.087734,0.053382,0.25461,0.18758,0.17303,0.097423,0.0099201,0
0.015116,0.015846,0.071108,0.12891,0.18719,0.22359,0.26756,0.075515,0,0.015166
6.3448e-05,0.0083465,0.066189,0.16852,0.18298,0.22099,0.047815,0.10028,0.042303,0.16251
0.0062457,0.007467,0.36243,0.34588,0.063386,0.01389,0.042793,0.032699,0.10361,0.021604
0.0070387,0.25901,0.27842,0.19891,0.03871,0.015752,0.14554,0.0080944,0.0052874,0.043233
0.0027249,0.0048896,0,0,0,0.00041391,0,0.14431,0.80942,0.038238
0,0.0010221,0.0014844,0.0013329,0.0011932,0.0089119,0.0041002,0.24612,0.56182,0.17402
0.026872,0.027567,0.74709,0.18866,0.0027999,0.0026862,0,0.0016574,0.0026698,0
0,0.0018526,0.0040252,0.0038073,0.031482,0.1196,0.79154,0.018062,0.022919,0.0067131
0.013003,0.0083164,0.04336,0.38685,0.17055,0.22594,0.14535,0.0066382,0,0
0.030754,0.16738,0.040617,0.039046,0.085419,0.11123,0.097207,0.052997,0.16837,0.20697
0,0.0011201,0,0,0.034642,0.052222,0.21515,0.31925,0.28301,0.094605
0,0.013131,0.0050037,0,0.00079624,0.032219,0.030349,0.05152,0.18828,0.67871
0.23722,0.092489,0.025396,0.25774,0.29096,0.0033949,0.0020783,0.090729,0,0
0.49617,0.063498,0.058562,0.10707,0.058829,0.0084647,0.013498,0.046997,0.14293,0.0039887
0.53741,0.38046,0.012055,0.021234,0.029598,0.00028044,0.0045938,0.0078312,0.0065347,0
0.047383,0.0022448,0.00074173,0.00048178,0.0028143,0.040204,0.80819,0.086012,0.011035,0.00089538
0.0080335,0.0076556,0.0045114,0.55436,0.33296,0.041992,0.01012,0.0067748,0.012057,0.02154
0.35164,0.25801,0.11994,0.12315,0.09912,0.014581,0,0.019677,0.011786,0.0020978
0.013937,0,0.0077565,0.0017911,0.0011671,0.057133,0.22332,0.036673,0.18899,0.46924
0,0.0020873,0.0014913,0.0057505,0.0089977,0.039826,0.32744,0.55856,0.016352,0.039493
0.03201,0.23446,0.1124,0.20304,0.027319,0.17494,0.19597,0.019327,0.00052851,0
0.021258,0.0052018,0.013608,0.081987,0.13543,0.047702,0.076399,0.17443,0.29553,0.14846
0.041508,0.025837,0.051958,0.18787,0.41796,0.2429,0.026563,0.0054112,0,0
0,0.0077716,0.016849,0.00057543,0.0094301,0.0091894,0.029337,0.3473,0.55181,0.027736
0.0030836,0.029084,0.36825,0.30773,0.089503,0.071389,0.065985,0.033984,0.026368,0.0046217
0.009122,0.0369,0.21887,0.061969,0.13958,0.28097,0.23882,0.011099,0.0026767,0
0.0081663,0.00094094,0.00035767,0,0.057236,0.22762,0.080675,0.20547,0.20961,0.20992
0.094148,0.039487,0.0087891,0.13049,0.2293,0.15498,0.14148,0.074668,0.12372,0.0029348
0.0054086,0,0,0.12097,0.21996,0.28032,0.36899,0,0,0.0043571
0.012197,0.0010301,0.0024963,0.0093258,0.85221,0.058621,0.024821,0.013661,0.0099608,0.015678
0.010325,0.15523,0.57734,0.11835,0.07495,0.0093772,0.032564,0.0092166,0.012648,0
0.068741,0.26044,0.16506,0.15393,0.19257,0.11147,0.019787,0.016676,0.0035527,0.0077672
0.0022246,0.021728,0.0084603,0.065498,0.081816,0.16177,0.36086,0.2418,0.01879,0.037044
0.0060155,0.004813,0.017694,0.32606,0.32571,0.022981,0.04062,0.086316,0.035915,0.13388
