0,0,0,0.00063231,0.001219,0.12224,0.33676,0.5302,0.0089426,0
0,0,0.0078549,0.0095377,0.015564,0.0052765,0.034931,0.18862,0.54551,0.19271
0.2522,0.090307,0.014816,0.012861,0.031474,0.090089,0.44617,0.043597,0.01849,0
0.017863,0.039988,0.028029,0.11238,0.65401,0.13584,0.0078773,0.00054798,0.0034581,0
0.38092,0.0065653,0.0054406,0.027296,0.057006,0.10017,0.050584,0.036254,0.16443,0.17134
0.0056875,0.0044329,0.0062767,0.03076,0.092623,0.26769,0.088069,0.11471,0.14313,0.24662
0.030993,0.058087,0.018779,0.0028515,0.02818,0.023588,0.0557,0.01623,0.25628,0.50931
0.24726,0.12154,0.45302,0.076863,0.037692,0.0026354,0.02585,0.023245,0.011896,0
0.17277,0.14216,0.023323,0.034145,0.011391,0.039227,0.14592,0.39094,0.019667,0.020457
0.77193,0.12113,0.006075,0.023016,0.034181,0.014991,0.025722,0.0029639,0,0
0.18571,0.068739,0.091309,0.060597,0.18474,0.16192,0.053297,0.022588,0.076656,0.094444
0.00339,0.020673,0.010375,0.15863,0.1221,0.22328,0.16424,0.099163,0.11515,0.083005
0.019708,0.010577,0.019471,0.13855,0.10209,0.091641,0.22873,0.12298,0.15585,0.1104
0.037648,0.12105,0.089922,0.038339,0.12282,0.11799,0.13296,0.090064,0.12006,0.12914
0.062649,0.056679,0.070608,0.13069,0.092487,0.20349,0.21439,0.059805,0.025679,0.083526
0.018873,0.046119,0.065231,0.13401,0.23243,0.2759,0.084431,0.040948,0.05499,0.047063
0.068866,0.08115,0.051495,0.15912,0.18878,0.093858,0.10513,0.20057,0.038405,0.012624
0.043164,0.053959,0.00083002,0.043167,0.031977,0.35207,0.22628,0.081021,0.10691,0.06061
0.029628,0.033124,0.032516,0.13282,0.20125,0.22259,0.21062,0.064656,0.040114,0.032687
0.17229,0.2762,0.28214,0.062427,0.085176,0.063628,0.013908,0.019145,0.016189,0.008903
0.016209,0.0057701,0.015463,0.020549,0.033625,0.076433,0.098836,0.12163,0.27188,0.33961
0.12482,0.10957,0.15358,0.14883,0.075891,0.1292,0.088613,0.054533,0.050871,0.064099
0.132,0.076162,0.12771,0.048769,0.11048,0.23762,0.18831,0.04106,0.011503,0.026388
0.02591,0.050028,0.0024655,0.04204,0.12584,0.15653,0.12029,0.21073,0.17821,0.087947
0.11607,0.68427,0.080475,0.056141,0.020401,0.023848,0.0027233,0.0061021,0.0043754,0.0055993
0,0.016749,0.041947,0.010456,0.034459,0.04321,0.084603,0.13613,0.30911,0.32334
0,0,0,0,0.0022926,0.003068,0.049515,0.050003,0.19126,0.70386
0.07735,0.23924,0.033717,0.028538,0.075715,0.16668,0.035069,0.07162,0.26864,0.0034339
0.31027,0.19578,0.13053,0.095037,0.11034,0.060212,0.035984,0.042071,0.019772,0
0,0,0.020693,0,0.0068318,0.038016,0.098988,0.10758,0.074878,0.65301
0.52903,0.36086,0.034705,0.04345,0.0015516,0,0.0013092,0,0.029088,0
0,0.0028431,0.010262,0.00746,0.0011845,0.09012,0.10244,0.13278,0.39257,0.26034
0.17677,0.036959,0.02267,0.026098,0.044486,0.12595,0.22461,0.30476,0.0097116,0.027998
0.0085207,0,0,0.0072136,0.0033726,0.071777,0.13508,0.052985,0.68281,0.038242
0.63217,0.3067,0.034659,0.0041435,0.0029746,0.019351,0,0,0,0
0.052614,0.024048,0.1496,0.1263,0.2416,0.21393,0.031075,0.13591,0.021796,0.0031208
0.18807,0.18811,0.065681,0.058459,0.016427,0.14839,0.046804,0.11447,0.15353,0.020057
0,0.015616,0.046251,0.01565,0,0.04467,0.065758,0.15435,0.44805,0.20966
0.0024694,0.0083511,0.024806,0.037218,0.084308,0.096973,0.55215,0.16781,0.0041809,0.021737
0.031399,0.26375,0.6888,0.0059625,0.0049265,0.0013459,0,0,0,0.003815
0,0,0.0035206,0.0033745,0,0.00038744,0.0036012,0.011431,0.17394,0.80374
