0.005835,0.04427,0.48007,0.41574,0.03512,0.018962,0,0,0,0
0,0,0,0.018118,0.027747,0.16246,0.29357,0.49047,0.0076343,0
0.5542,0.056764,0.074196,0.045417,0.092588,0.15805,0.012815,0.0015381,0,0.0044246
0.00022828,0.039293,0.011265,0.022586,0.071486,0.2633,0.25877,0.252,0.015334,0.065732
0.32625,0.046641,0.0041748,0.11822,0.30731,0.084093,0.0087035,0.074797,0.0151,0.014706
0.17901,0.076739,0.18682,0.090302,0.17823,0.057778,0.099432,0.10383,0.0023412,0.025512
0.085278,0.033616,0.12701,0.024204,0.13787,0.058099,0.090138,0.068808,0.17464,0.20034
0.058571,0.063745,0.33733,0.23344,0.1061,0.0060787,0.0048707,0.023826,0.034977,0.13105
0.085646,0.085507,0.098511,0.09109,0.25275,0.12486,0.10385,0.10031,0.03186,0.025618
0.044905,0.028587,0.018489,0.19944,0.39232,0.084473,0.046644,0.082889,0.033091,0.069162
0.019898,0.008017,0.0082631,0.037407,0.20316,0.27013,0.07961,0.047335,0.082201,0.24398
0.23444,0.21623,0.077731,0.094703,0.099772,0.066234,0.09402,0.047078,0.051789,0.018006
0.11712,0.10413,0.059682,0.0951,0.069237,0.28776,0.11345,0.057366,0.018654,0.077503
0.025191,0.11625,0.055151,0.094512,0.13587,0.22279,0.24732,0.078076,0.018239,0.0066036
0.077027,0.037193,0.074939,0.13291,0.21453,0.1322,0.18928,0.02485,0.06529,0.051778
0.010282,0.0035476,0.021863,0.036223,0.19207,0.19963,0.14164,0.12575,0.038453,0.23054
0.027334,0.045532,0.11488,0.24306,0.20099,0.13335,0.073014,0.04409,0.035886,0.081864
0.031134,0.061132,0.057023,0.23109,0.13401,0.15999,0.08759,0.089416,0.075848,0.072766
0.03077,0.034318,0.16474,0.027541,0.058586,0.21048,0.2041,0.12362,0.070926,0.074916
0.0039001,0.011764,0.08033,0.21283,0.054076,0.1243,0.172,0.18905,0.078777,0.072968
0.13313,0.07288,0.29275,0.054736,0.058993,0.073094,0.11909,0.13704,0.042755,0.01553
0.022043,0.046292,0.15514,0.10552,0.08601,0.17448,0.16512,0.10043,0.065082,0.079871
0.00245,0,0.087805,0.11639,0.10089,0.093044,0.14093,0.38772,0.021215,0.049553
0.060916,0.11537,0.082485,0.084734,0.083996,0.26525,0.15721,0.096303,0.013015,0.040724
0.012387,0.083687,0.059053,0.040183,0.14204,0.16355,0.23618,0.05223,0.10268,0.10802
0.029285,0.061291,0.050394,0.088689,0.1097,0.21151,0.17378,0.21425,0.030546,0.030543
0.036625,0.12595,0.066076,0.021031,0.034653,0.27263,0.12539,0.057519,0.19741,0.062717
0.12152,0.038015,0.035842,0.12026,0.37373,0.13143,0.14462,0.02878,0.0058085,0
0.65627,0.28486,0.011534,0.0040947,0.027168,0.014639,0,0.0014337,0,0
0.31542,0.14189,0.026936,0.0076805,0.013098,0.20028,0.092584,0.14388,0.058225,0
0.072584,0.057482,0.054063,0.078655,0.22656,0.16622,0.14304,0.083042,0.057672,0.060684
0.024571,0.023378,0.048864,0.13894,0.16189,0.37749,0.12289,0.052259,0.025693,0.024029
0.0076201,0.022226,0.022333,0.082522,0.20895,0.30896,0.21444,0.061418,0.062541,0.0089933
0.14434,0.25866,0.11237,0.2015,0.1914,0.036345,0.014151,0.020045,0.012661,0.0085227
0.31674,0.29483,0.1481,0.038162,0.042781,0.070587,0.0084437,0.0093865,0.038246,0.032715
0.03501,0.069506,0.047295,0.12188,0.2769,0.15819,0.088502,0.12871,0.03805,0.035947
0.0077253,0.024029,0.016974,0.1302,0.11192,0.17856,0.17627,0.21416,0.077626,0.062528
0.044285,0.044169,0.077245,0.21733,0.24119,0.10627,0.12445,0.034118,0.05622,0.054728
0.085145,0.04201,0.031543,0.084364,0.17439,0.36329,0.074048,0.055132,0.054105,0.035971
0.10873,0.16761,0.063613,0.33692,0.13241,0.061359,0.072481,0.036587,0.0030252,0.017265
0,0.0077222,0.098003,0.26179,0.30755,0.29491,0.016614,0.0035886,0.0067078,0.0031139
0.013516,0.01267,0.072432,0.050493,0.013253,0.059757,0.058242,0.13691,0.26829,0.31444
0.055566,0.050662,0.10038,0.086098,0.10257,0.14932,0.15446,0.1528,0.080755,0.067397
0.071664,0.22589,0.1878,0.08862,0.17976,0.083534,0.063411,0.045266,0.04511,0.0089447
0.041056,0.02632,0.072887,0.082387,0.067221,0.3385,0.16366,0.069507,0.053735,0.084722
0.017548,0.014299,0.037482,0.1371,0.34863,0.22984,0.088539,0.04921,0.02919,0.048158
0.042951,0.0052431,0.033666,0.063124,0.12971,0.3271,0.21318,0.08761,0.049888,0.04753
0.0043245,0.042559,0.046696,0.091353,0.054313,0.10953,0.080162,0.09534,0.099727,0.376
0.031621,0.087552,0.013635,0.056222,0.02713,0.12881,0.030259,0.078961,0.11251,0.43331
0.070111,0.037294,0.079614,0.059888,0.12502,0.1124,0.16677,0.14943,0.095563,0.10391
0.029627,0.018851,0.048327,0.056576,0.27366,0.25019,0.10741,0.058068,0.038755,0.11855
0.12061,0.012231,0.038681,0.059915,0.16737,0.15458,0.072928,0.001494,0.25425,0.11793
0.11579,0.20355,0.081815,0.05959,0.086802,0.080684,0.092416,0.1642,0.091829,0.023321
0.124,0.056374,0.031314,0.072572,0.16348,0.10537,0.086709,0.063392,0.032805,0.26399
0.040106,0.12484,0.15554,0.10453,0.079834,0.13725,0.12676,0.10725,0.077271,0.046622
0,0,0,0.0031076,0.04273,0.17636,0.19872,0.33795,0.21979,0.021355
0.029803,0.11265,0.62792,0.062452,0.055454,0.07766,0.0063459,0.025052,0.0026631,0
0.19686,0.33466,0.2013,0.059244,0.052485,0.020307,0.02459,0.039964,0.058329,0.012268
0.56124,0.2784,0.026576,0.044384,0.027622,0.017233,0.0070992,0.0097259,0.02288,0.0048332
0.61303,0.19199,0.036434,0.037215,0.036999,0.056431,0.003401,0.017947,0.0053833,0.0011653
0.45986,0.072258,0.0054968,0.073978,0.10841,0.11977,0.07029,0.04397,0.03653,0.0094303
0,0.002024,0.0075599,0.02072,0.21475,0.4413,0.20816,0.10548,0,0
0,0,0.010106,0.033424,0.055663,0.027441,0.026832,0.094242,0.39372,0.35857
0.015558,0.11858,0.24053,0.16871,0.25225,0.16509,0.030745,0.0045096,0,0.004029
0,0.0075441,0.010122,0.0059151,0.14455,0.16375,0.39951,0.2608,0.0055017,0.0023168
0.00039839,0.00031175,0.022144,0.02319,0.20016,0.10548,0.31566,0.27996,0.046134,0.0065756
0.013615,0.05105,0.24889,0.22748,0.057691,0.17013,0.13018,0.084693,0.011861,0.0044016
0,0.01443,0.081347,0.32772,0.3654,0.14949,0.032476,0.010265,0.018865,0
0.18204,0.24106,0.13818,0.035197,0.090934,0.025551,0.038304,0.016932,0.13881,0.093003
0.027485,0.11066,0.071961,0.059639,0.16222,0.01147,0.046617,0.10151,0.13316,0.27528
0.12334,0.054941,0.027539,0.023049,0.11785,0.16409,0.10849,0.048542,0.14764,0.18452
0.017495,0.0037509,0.024978,0.044409,0.16421,0.093605,0.061901,0.13249,0.14484,0.31232
0.052287,0.11839,0.074821,0.3063,0.10555,0.039431,0.058527,0.14137,0.061255,0.042063
0.0025807,0,0.0014905,0.014472,0.0044982,0.16053,0.10455,0.20084,0.18051,0.33053
0.09016,0.82256,0.051528,0.011437,0.0084282,0.005449,0.00072559,0.0059568,0.0037556,0
0.69641,0.17991,0.033094,0.025351,0.023318,0.016706,0.0076436,0.0071528,0.010415,0
0.73177,0.017176,0.029531,0.036182,0.016068,0.0587,0.023263,0.010881,0.02744,0.048993
0.52309,0.039608,0.086872,0.049817,0.021469,0.056657,0.065846,0.1386,0.014547,0.0034958
0.2666,0.18508,0.14191,0.30315,0.046859,0.031138,0,0.025258,0,0
0.25517,0.03967,0.2913,0.28837,0.034482,0.012361,0.035222,0.043425,0,0
0.028918,0.36093,0.26374,0.27963,0.022828,0.0060323,0.011666,0.016567,0.0096868,0
0.65773,0.098896,0.10262,0.039025,0.026189,0.009213,0.029199,0.003423,0.0072913,0.026415
0.5246,0.24157,0.026469,0.028257,0.043186,0.0052191,0.0052303,0.048122,0.06311,0.014242
0.0080219,0.019786,0.09477,0.084781,0.094668,0.15108,0.25513,0.06494,0.14252,0.084306
0.0016787,0.00085429,0.0002393,0,0.0011106,0.0031743,0.0037361,0.024839,0.030347,0.93402
0.010383,0.033501,0.32696,0.60587,0.020859,0,0,0,0,0.0024291
0.004183,0.0052147,0.0030398,0,0.013734,0.17146,0.26207,0.2118,0.1996,0.12889
0,0,0.0020272,0,0.0021129,0,0,0.0051654,0.058805,0.93189
0.91637,0.071476,0.0064057,0.005746,0,0,0,0,0,0
0.010358,0.0090758,0.006982,0.056412,0.19348,0.18157,0.33231,0.13413,0.050407,0.025286
0.0039645,0,0,0.00057689,0.0010934,0.0025831,0.027899,0.024559,0.79122,0.14811
0.0058449,0.0063858,0.2475,0.38046,0.31124,0.026528,0.0077652,0.0022527,0.0053285,0.0066932
0,0,3.9913e-05,0,0,0.013877,0.031715,0.033058,0.88249,0.038819
0.96686,0.033145,0,0,0,0,0,0,0,0
0.20184,0.29128,0.11717,0.17735,0.15537,0.035816,0.014535,0,0,0.0066474
0.87138,0.072867,0.019839,0.004716,0.0094682,0.0053102,0.0040629,0.0096045,0.0012985,0.001451
0,0,0.0010237,0,0,0.060465,0.18351,0.59562,0.15538,0.0040005
0.011643,0.11481,0.80628,0.063294,0,0.0039662,0,0,0,0
0.0013291,0.012834,0.17872,0.51764,0.27974,0.0081145,0,0.0016241,0,0
0,0,0.013571,0.066659,0.3748,0.45871,0.066232,0.02003,0,0
0.0021961,0.0051055,0.015359,0.027884,0.022987,0.037485,0.20434,0.40087,0.28162,0.002154
0,0,0,0,0,0.0010205,0.0069304,0.20857,0.76253,0.020948
0.97599,0.011493,0.012517,0,0,0,0,0,0,0
