0,0,0,0,0,0,0,0.0047477,0.019856,0.9754
0,0,0.00010768,0,0,0,0.0088656,0.0016784,0.096947,0.8924
0.010543,0.023533,0.11859,0.10363,0.15112,0.077789,0.17635,0.11433,0.1604,0.063715
0.003638,0,0.022829,0.027749,0.054846,0.20295,0.20599,0.40107,0.080929,0
0.21287,0.09716,0.045575,0.081074,0.021391,0.030748,0.11937,0.17302,0.065474,0.15331
0.028414,0.061471,0.011412,0.032968,0.067447,0.092169,0.12544,0.080449,0.18389,0.31634
0.0021256,0.0016186,0.017525,0.033199,0.0024915,0.0063194,0.033709,0.067631,0.11134,0.72404
0.019555,0.023567,0.021659,0.028043,0.091648,0.064891,0.072843,0.10656,0.10969,0.46155
0.1913,0.057863,0.08039,0.10891,0.17093,0.091075,0.074458,0.057754,0.10538,0.061946
0,0,0,0,0,0.0026813,0,0.047585,0.13683,0.8129
0.015429,0.045658,0.035119,0.09932,0.16937,0.14203,0.095698,0.12373,0.1462,0.12744
0.12525,0.19412,0.047971,0.1379,0.090573,0.070835,0.090274,0.041603,0.15915,0.042325
0,0.0016135,0.03734,0.010979,0.024427,0.22215,0.61845,0.018339,0.022854,0.043851
0.025296,0.14482,0.17835,0.28588,0.098821,0.087663,0.070942,0.033976,0.038451,0.035804
0.15109,0.06046,0.18363,0.10625,0.043539,0.078829,0.04612,0.026992,0.12722,0.17587
0.004633,0.12343,0.086407,0.25259,0.14888,0.17909,0.023906,0.0065105,0.0077964,0.16676
0,0,0.0022791,0.010101,0.019949,0.011609,0.079763,0.19474,0.41138,0.27018
0.1019,0.080034,0.33959,0.22865,0.13864,0.013008,0.0026319,0.0019354,0.018622,0.075
0.31039,0.27977,0.07884,0.017187,0.049596,0.026811,0.036214,0.042406,0.14619,0.012596
0.021015,0.039805,0.08021,0.23101,0.22963,0.094755,0.078567,0.15785,0.067157,0
0.0019552,0,0,0.0068945,0.0068744,0.029162,0.068074,0.24124,0.45748,0.18832
0.20317,0.10878,0.078369,0.18602,0.05656,0.063997,0.046372,0.048147,0.10651,0.10208
0.039802,0.086775,0.079719,0.11068,0.25601,0.14847,0.14894,0.041121,0.029302,0.05918
0.10476,0.021185,0.014912,0.11388,0.21953,0.10261,0.091245,0.17655,0.094811,0.060515
0.071238,0.040087,0.0090442,0.065219,0.071912,0.12525,0.063433,0.17327,0.15521,0.22534
0.069585,0.13971,0.024651,0.04918,0.017773,0.045948,0.11878,0.22807,0.1353,0.171
0.010095,0.087211,0.15917,0.07285,0.055626,0.092655,0.16555,0.15017,0.078155,0.12852
0.0029108,0.0084847,0.072974,0.026995,0.15102,0.20621,0.32951,0.043554,0.13787,0.020474
0.052781,0.040849,0.0042348,0.0013172,0.018871,0.064255,0.16882,0.31764,0.11955,0.21168
0.021143,0.23864,0.32747,0.20854,0.086985,0.033572,0.034287,0.028739,0.0099192,0.010698
0.042385,0.034311,0.055093,0.076323,0.23496,0.18333,0.2439,0.012383,0.057685,0.059641
0.0065188,0,0.0012922,0.0045421,0.020618,0.1126,0.15256,0.069227,0.46705,0.16559
0.016829,0.1749,0.50818,0.21054,0.008622,0.0041201,0.0013662,0.010889,0.01337,0.051181
0.39609,0.58167,0.0097632,0.0073246,0.0016961,0,0,0.003454,0,0
0.025082,0.049964,0.10891,0.13739,0.042064,0.12345,0.16298,0.18716,0.0543,0.1087
0.14991,0.17503,0.21611,0.069944,0.056008,0.052804,0.076256,0.069513,0.048913,0.085513
0.065512,0.074305,0.16088,0.046573,0.047272,0.15249,0.068581,0.1769,0.16402,0.04347
0.051808,0.069735,0.062433,0.11441,0.147,0.18244,0.24142,0.10028,0.024224,0.0062376
0.0080551,0.0074054,0.044478,0.096929,0.2464,0.37686,0.093575,0.022188,0.062111,0.041996
0.11681,0.088087,0.40293,0.14344,0.13359,0.061816,0.015526,0.022971,0.0096285,0.005196
0.14486,0.11425,0.092028,0.040241,0.035225,0.13397,0.1799,0.07902,0.11294,0.067571
0.021357,0.028259,0.13784,0.19552,0.19083,0.21618,0.092499,0.031503,0.035864,0.050146
0.02695,0.075443,0.076041,0.11592,0.1952,0.12967,0.25193,0.061417,0.041634,0.025788
0.02625,0.032541,0.058822,0.081427,0.13762,0.17812,0.20618,0.12197,0.079597,0.077474
0.0315,0.0018245,0.013119,0.037487,0.050517,0.028285,0.37399,0.26027,0.095021,0.10799
0.04307,0.098961,0.11004,0.14338,0.16573,0.085173,0.030621,0.05653,0.12343,0.14307
0.087425,0.063638,0.13961,0.098774,0.095409,0.20334,0.070024,0.080224,0.068812,0.092739
0.048717,0.22696,0.20891,0.11918,0.075618,0.060676,0.10819,0.11324,0.023481,0.015035
0.13761,0.15576,0.1834,0.066013,0.085265,0.064583,0.13392,0.10367,0.015489,0.054296
0.068444,0.084572,0.053403,0.10804,0.18602,0.07302,0.25138,0.13458,0.020388,0.020159
0.015017,0,0,0.036622,0.041915,0.1477,0.28086,0.20818,0.11529,0.15442
0.034194,0.032319,0.075097,0.09887,0.15248,0.14004,0.21445,0.17229,0.055469,0.024783
0.070818,0.11892,0.17075,0.065347,0.13389,0.13725,0.081878,0.064526,0.076771,0.079844
