0,0,0,0,0,0,0,0.010926,0.27633,0.71274
0,0,0,0,0,0,0.0043858,0.011077,0.10521,0.87932
0.0063967,0,0.0011938,0.0013623,0.0065001,0.028268,0.038922,0.1448,0.32383,0.44873
0,0,0.00013402,0,0,0,0,0.0022854,0.46415,0.53343
0.02216,0.01484,0.067315,0.0807,0.06706,0.11017,0.14706,0.22778,0.15517,0.10775
0,0.003513,0.020112,0.14119,0.38958,0.30796,0.099761,0.028133,0,0.0097506
0.011359,0.0011331,0.0047285,0.0070974,0.021066,0.013473,0.072675,0.22174,0.39253,0.2542
0.0043161,0.0057922,0.050921,0.056258,0.18689,0.13749,0.31982,0.22741,0.0064908,0.0046113
0.086283,0.036606,0.038436,0.046003,0.33084,0.2282,0.045342,0.037256,0.070038,0.081003
0.22787,0.065475,0.10824,0.044539,0.067874,0.063045,0.1607,0.060287,0.089851,0.11212
0.0056663,0.010007,0.014228,0.0043928,0.012272,0.011161,0.083418,0.034459,0.29234,0.53205
0.17152,0.14477,0.036094,0.029488,0.12974,0.017529,0.079504,0.032498,0.13499,0.22387
0,0.0008749,0.030798,0.024688,0.012418,0.039344,0.024555,0.025518,0.15202,0.68978
0.012105,0.011273,0.015652,0.023259,0.039974,0.018966,0.023381,0.014376,0.14534,0.69567
0.020677,0.03134,0.040696,0.015042,0.085943,0.082176,0.03668,0.11406,0.36607,0.20731
0.089399,0.059949,0.040683,0.12052,0.095449,0.032174,0.060156,0.033063,0.059022,0.40959
0.21564,0.074092,0.051159,0.10213,0.14344,0.053465,0.021932,0.072817,0.095826,0.1695
0.53262,0.17945,0.10995,0.11174,0.042497,0.016594,0,0.00024374,0.0011738,0.0057336
0,0.0011135,0.0013842,0,0.0028329,0.055352,0.030869,0.084305,0.15267,0.67147
0,0,0.04534,0.017277,0,0.024265,0.022275,0.0075191,0.088194,0.79513
0.047507,0.0022318,0.008387,0.092994,0.13986,0.10731,0.16791,0.1778,0.14565,0.11035
0.051514,0.13984,0.19658,0.21854,0.2337,0.066883,0.019938,0.015677,0.016431,0.040896
0.33373,0.26792,0.092181,0.083049,0.088839,0.085404,0.036551,0.0010295,0.01102,0.00027516
0.040715,0.078452,0.007401,0.0019946,0.0046258,0.056814,0.13498,0.20975,0.20355,0.26172
0,0.0079758,0.010217,0.0023916,0.017118,0.015242,0.21465,0.6499,0.027719,0.054784
0.0014446,0.015447,0.40816,0.45582,0.069274,0.042685,0.0037431,0,0.0034192,0
0.0098888,0.044657,0.15397,0.37627,0.15118,0.13187,0.060093,0.023122,0.03155,0.017394
0.13361,0.11973,0.23014,0.13281,0.086914,0.07668,0.068838,0.030933,0.085153,0.035193
0.23033,0.084115,0.1218,0.11786,0.061701,0.038694,0.095441,0.050365,0.14223,0.057463
0.12064,0.040027,0.18279,0.06634,0.073078,0.059807,0.024895,0.069478,0.26459,0.098352
0.0013108,0.0015673,0.037131,0.03163,0.042605,0.26454,0.35114,0.24022,0.029845,0
0.34208,0.33483,0.12515,0.012823,0.0149,0.0094221,0.034921,0.11789,0.0079831,0
0,0,0,0,0.010125,0,0,0.061954,0.56436,0.36357
0.67604,0.19703,0.022936,0.014319,0.012589,0.011389,0.037982,0.027706,0,0
0.070849,0.10078,0.22771,0.34948,0.082077,0.0054422,0.010325,0.0030898,0.0042031,0.14604
0.094284,0.10242,0.36765,0.20106,0.12396,0.059554,0.029681,0.017859,0.0015359,0.0019869
0.10181,0.30202,0.22827,0.13283,0.043929,0.028109,0.14612,0.015015,0.0018983,0
0.12104,0.11699,0.076602,0.11114,0.12758,0.070293,0.092547,0.060528,0.13403,0.089259
0.0039469,0.014698,0.40762,0.41146,0.05741,0.012084,0.024012,0.053967,0.014802,0
0.014619,0,0.0011968,0,0.029649,0.068941,0.088162,0.24881,0.24441,0.30422
0.044928,0.030236,0.10234,0.21603,0.28734,0.091147,0.087755,0.13519,0,0.0050392
0,0.0016957,0,0,0.0097214,0.0073716,0.0065824,0.026832,0.28576,0.66204
0.031094,0.13499,0.23477,0.082031,0.0345,0.033511,0.013915,0.0733,0.1617,0.20019
0.24923,0.038749,0.089479,0.1979,0.084975,0.066038,0.020134,0.070166,0.069982,0.11335
0.17318,0.10674,0.081295,0.23683,0.091033,0.032841,0.14985,0.084673,0.0049908,0.038561
0.017183,0.041443,0.1186,0.047656,0.027719,0.13642,0.29624,0.13079,0.045398,0.13856
0.01581,0.0010353,0.0062062,0.0017071,0.013628,0.060145,0.16861,0.29177,0.14635,0.29474
0.42234,0.077161,0.084453,0.15503,0.071175,0.077608,0.084341,0.012544,0.0020283,0.013315
0.050038,0.19046,0.14241,0.12547,0.20926,0.069576,0.046525,0.1619,0.00094671,0.0034171
0.019846,0.0019523,0,0.021428,0.054942,0.076453,0.093367,0.21817,0.3148,0.19904
0.1227,0.15156,0.3124,0.021971,0.031296,0.066149,0.0025102,0.02069,0.082755,0.18797
0.054183,0.082434,0.013583,0.0048219,0.013118,0.10275,0.20326,0.23416,0.17563,0.11606
0.0026246,0,0.0010964,0.004461,0.022273,0.092054,0.283,0.36062,0.099028,0.13485
0.10511,0.12433,0.33376,0.056207,0.11925,0.046088,0.09988,0.023742,0.050008,0.041627
0.025109,0,0.00058516,0,0,0.025147,0.01781,0.6708,0.20679,0.053761
0.2096,0.078487,0.11128,0.075223,0.14557,0.23707,0.040447,0.020755,0.076136,0.005426
0.055064,0.1171,0.3566,0.11057,0.063987,0.08763,0.14903,0.040158,0.018664,0.0011991
0.00035601,0.066191,0.00014303,0.011385,0,0.0088385,0.016884,0.035703,0.5795,0.281
0.91058,0.052746,0.032358,0.0020546,0.00023573,0.0020258,0,0,0,0
0,0,0.0053009,0.019739,0.061027,0.042113,0.086417,0.45113,0.26396,0.070315
0.062352,0.17827,0.084224,0.069448,0.10287,0.15178,0.070597,0.12953,0.097414,0.053521
0.014091,0.086527,0.041339,0.20555,0.21574,0.14149,0.063085,0.12395,0.041246,0.066991
0.00050037,0,0.0071746,0.10038,0.048747,0.152,0.42084,0.22603,0.04125,0.0030879
0,0,0.0099108,0.018458,0.15568,0.34147,0.37288,0.086347,0.0056663,0.0095817
0.064869,0.11785,0.20627,0.2133,0.12702,0.11356,0.013359,0.028688,0.051333,0.063749
0.043423,0.21576,0.50175,0.12626,0.088964,0.0054645,0.0040738,0.0045319,0.0043661,0.0054119
0.12883,0.62448,0.21523,0.019298,0.00066081,0.0021973,0.0035767,0,0,0.0057248
0.79529,0.17412,0.005523,0.00074001,0.024185,0,0,0,0,0.00014035
0,0.0076211,0,0,0.0093323,0.033192,0.017072,0.060153,0.31623,0.5564
0.16707,0.58123,0.10431,0.036866,0.071146,0.036769,0.0026119,0,0,0
0.26408,0.050271,0.26396,0.028777,0.019507,0.24037,0.06829,0.021383,0.038367,0.0049929
0.14601,0.029386,0.088641,0.13605,0.10327,0.03402,0.087453,0.1246,0.087855,0.16272
0.0023768,0.077072,0.13397,0.040111,0.041125,0.085316,0.06034,0.23137,0.2206,0.10772
0.23274,0.2241,0.072217,0.10191,0.091838,0.014891,0.01351,0.11993,0.099388,0.029484
0.12846,0.038326,0.072008,0.038744,0.024278,0.073665,0.086875,0.14073,0.1472,0.24971
0.029422,0.10011,0.044539,0.15795,0.15404,0.13067,0.18756,0.13722,0.030341,0.028154
0.013525,0.033355,0.060101,0.096746,0.17425,0.3001,0.15343,0.048392,0.017515,0.10258
0.10112,0.075116,0.054413,0.12606,0.20316,0.18434,0.11774,0.076476,0.037453,0.024116
0.10909,0.063732,0.19671,0.29743,0.14606,0.074833,0.049649,0.040231,0.019286,0.0029812
0.28971,0.27028,0.16098,0.089436,0.11701,0.039758,0.0058523,0.0018681,0.021417,0.0036886
0.14338,0.052433,0.16251,0.22625,0.12775,0.17579,0.022742,0.03963,0.022387,0.027124
0.012003,0.010494,0.030866,0.11374,0.037125,0.054074,0.085983,0.21817,0.23046,0.20709
0.00099929,0.016597,0.019394,0.048167,0.40676,0.08944,0.13917,0.10856,0.13202,0.038887
0.03604,0.022535,0.1624,0.16875,0.25069,0.1576,0.098145,0.011243,0.024768,0.067821
0.045995,0.047593,0.10909,0.11722,0.16044,0.3736,0.045867,0.032516,0.045707,0.021975
0.018845,0.013967,0.05701,0.042613,0.10149,0.1996,0.42132,0.060116,0.067019,0.018024
0.0055957,0.023856,0.03152,0.053542,0.026069,0.1511,0.29375,0.27435,0.084624,0.055586
0.018201,0.0080517,0.023683,0.13841,0.20932,0.2368,0.15896,0.076444,0.069665,0.060466
0.00047202,0.00052407,0.011133,0.034431,0.1152,0.34738,0.32688,0.067454,0.040186,0.056345
0,0,0.0079861,0.027749,0.016494,0.01956,0.070556,0.16667,0.42453,0.26646
0.047181,0.036816,0.084679,0.10201,0.096083,0.058205,0.066158,0.15966,0.12987,0.21934
0.01952,0.067819,0.32457,0.10331,0.14131,0.068887,0.14312,0.11436,0.01254,0.00457
0.0041737,0.02268,0.051026,0.081873,0.30532,0.1117,0.26089,0.0884,0.047424,0.026512
0.039905,0.28633,0.070311,0.13938,0.096694,0.089135,0.036047,0.051474,0.080555,0.11017
0.24858,0.084992,0.16921,0.074217,0.051178,0.081857,0.071641,0.10133,0.044926,0.072067
0.04812,0.11826,0.207,0.14414,0.072618,0.093678,0.076346,0.15279,0.045612,0.041434
0.10315,0.3073,0.14145,0.057459,0.055696,0.046301,0.14767,0.09251,0.020205,0.028267
0.26691,0.2024,0.097851,0.18026,0.13316,0.072219,0.032698,0.0096828,0.0048208,0
0.092222,0.043726,0.066654,0.21852,0.28509,0.20123,0.023695,0.067694,0.0011682,0
0.065024,0.044172,0.041722,0.0978,0.16197,0.14661,0.082744,0.22847,0.056675,0.074806
0.002702,0.01602,0.0054974,0.032043,0.072987,0.067214,0.31798,0.20894,0.1714,0.10521
0.0023659,0,0.156,0.14998,0.10177,0.13842,0.12196,0.15595,0.12641,0.047154
0.03567,0.054913,0.065468,0.079088,0.20107,0.13191,0.20033,0.18787,0.017026,0.026652
0.074209,0.13945,0.10728,0.12813,0.10635,0.19231,0.065208,0.067037,0.065964,0.054062
0.092248,0.15356,0.16707,0.19642,0.11451,0.066108,0.074778,0.039724,0.040107,0.055486
0.0059557,0.0059521,0.073552,0.0061063,0.051013,0.043451,0.037492,0.14299,0.15316,0.48033
0.015568,0.022584,0.039449,0.081799,0.10488,0.090019,0.21288,0.12727,0.17468,0.13086
