0.036986,0.23889,0.2079,0.19783,0.06932,0.033311,0.032491,0.029116,0.13646,0.017702
0.31647,0.1344,0.092288,0.18396,0.096246,0.07923,0.040425,0.046956,0.0094108,0.00061738
0.0029584,0.07181,0.0065468,0.092267,0.22826,0.062349,0.059509,0.14487,0.13631,0.19512
0.065157,0.16408,0.20439,0.26936,0.11987,0.073767,0.041491,0.022571,0.026157,0.013151
0.034357,0.17584,0.10431,0.041172,0.15657,0.16569,0.11814,0.050458,0.050872,0.1026
0.43377,0.34485,0.070421,0.064082,0.025562,0.035255,0.011484,0.0029591,0.0094079,0.0022106
0.18815,0.11991,0.10315,0.091204,0.10695,0.07759,0.078716,0.025551,0.043495,0.16529
0.082594,0.14549,0.1502,0.15195,0.18042,0.14697,0.10482,0.011315,0.0025365,0.023707
0.016581,0.083085,0.075508,0.012565,0.033645,0.040626,0.059683,0.1263,0.32538,0.22663
0.038995,0.090324,0.032932,0.067125,0.13914,0.096092,0.14139,0.12398,0.1434,0.12661
0.031093,0.077785,0.053778,0.032729,0.063278,0.035218,0.17944,0.11391,0.13489,0.27788
0.0052869,0,0.0047338,0,0.017367,0.022833,0.096005,0.75881,0.082578,0.012387
0.019374,0.073261,0.28284,0.43084,0.072653,0.086772,0.014169,0.015133,0.0049536,0
0.003008,0.13624,0.037811,0.099138,0.13619,0.34896,0.17043,0.042161,0.026069,0
0.0049252,0.086618,0.19764,0.2839,0.30595,0.11065,0.010126,0,0,0.00019141
0.020866,0.015628,0.041843,0.083907,0.10008,0.059677,0.089543,0.39666,0.12131,0.070495
0.040859,0.18167,0.09761,0.11253,0.17776,0.11965,0.15182,0.071256,0.019103,0.027741
0.17235,0.18321,0.30484,0.063324,0.12199,0.050081,0.0023602,0.019005,0.013057,0.069785
0.0091137,0.0021757,0.0058209,0.032025,0.34963,0.30122,0.23214,0.067872,0,0
0.42973,0.30531,0.073742,0.011483,0.029916,0.11088,0.019438,0.011407,0.0048229,0.003271
0.0022526,0.0014453,0.002424,0.010419,0.017017,0.031603,0.11601,0.31633,0.30266,0.19984
0.001667,0.021864,0.008346,0.036274,0.26703,0.25414,0.23536,0.16197,0.011771,0.001577
0.072889,0.10193,0.27959,0.045159,0.11416,0.098458,0.038332,0.078831,0.12906,0.041588
0.052312,0.051755,0.070048,0.076569,0.045194,0.071516,0.26488,0.26294,0.097497,0.0072845
0.076393,0.12911,0.15095,0.077662,0.15116,0.048251,0.027419,0.13728,0.15578,0.04599
0.07194,0.021554,0.068726,0.31825,0.068385,0.049356,0.063244,0.13245,0.1256,0.080492
0.098664,0.034182,0.049029,0.025605,0.079367,0.16953,0.18864,0.099928,0.05542,0.19963
0.020068,0.0061923,0.0015073,0.018094,0.10778,0.16273,0.09247,0.096874,0.1478,0.34648
0.26381,0.2692,0.046498,0.075102,0.13463,0.073752,0.013632,0.019733,0.038756,0.064894
0.1628,0.072817,0.08117,0.090034,0.13112,0.16445,0.080854,0.034613,0.087209,0.094929
0.18074,0.10215,0.04764,0.069016,0.34439,0.099822,0.011902,0.029405,0.058207,0.056729
0.039314,0.11232,0.13127,0.13737,0.13841,0.13477,0.074043,0.045588,0.018482,0.16845
0.1075,0.034973,0.0119,0.022057,0.12111,0.087538,0.12418,0.16828,0.2012,0.12125
0.093189,0.059378,0.061611,0.096374,0.1259,0.12926,0.086906,0.18011,0.082887,0.084386
0.20882,0.13661,0.11086,0.10603,0.14012,0.14187,0.058978,0.088142,0.0085706,0
0.36333,0.16094,0.14206,0.15999,0.056141,0.02484,0.015733,0.0052953,0.016313,0.055364
0.24617,0.062715,0.070851,0.053124,0.1125,0.093273,0.104,0.07728,0.11363,0.066455
0.11417,0.056761,0.077162,0.1283,0.069262,0.10868,0.080347,0.11244,0.11585,0.13702
0.36182,0.096918,0.095462,0.079929,0.1364,0.033528,0.077167,0.090408,0.023135,0.0052342
0.17852,0.060448,0.12917,0.063304,0.061707,0.065424,0.070097,0.055579,0.075526,0.24023
0.28382,0.095144,0.16973,0.047552,0.058924,0.043763,0.11889,0.11508,0.04813,0.018971
0.015886,0.029777,0.23808,0.2375,0.068333,0.070206,0.084472,0.056337,0.1706,0.028812
0,0.061072,0.12646,0.18376,0.054617,0.024987,0.18501,0.10237,0.073078,0.18864
0.032016,0.13563,0.12876,0.26481,0.21717,0.038453,0.079141,0.076577,0.012135,0.015318
0.68797,0.18321,0.054984,0.03297,0.029405,0.0095519,0.001911,0,0,0
0.19401,0.10564,0.108,0.014906,0.021083,0.13476,0.1132,0.012735,0.0080571,0.28761
0.077254,0.053107,0.041687,0.034123,0.088414,0.12412,0.1035,0.090705,0.077607,0.30948
0.026182,0.021337,0.052811,0.061785,0.064448,0.21831,0.1308,0.071379,0.02788,0.32506
0.0082306,0.00097588,0.0053135,0.018339,0.04835,0.099377,0.053605,0.067598,0.04507,0.65314
0.026729,0.051963,0.10387,0.036026,0.19734,0.2693,0.13507,0.057519,0.072168,0.050031
0.20185,0.13872,0.26829,0.24383,0.10516,0.021862,0.017349,0,0.00057644,0.0023604
0.19071,0.22379,0.036787,0.02942,0.033188,0.022368,0.10577,0.090175,0.10115,0.16664
0.037138,0.14913,0.2745,0.019236,0.017319,0.061772,0.018836,0.18925,0.18597,0.046851
0.32965,0.36554,0.04375,0.039541,0.061547,0.014925,0.013219,0.068269,0.061281,0.0022707
0.0098345,0.0022549,0.064005,0.18072,0.18212,0.11825,0.048708,0.32165,0.054389,0.018062
0.0056476,0.16234,0.29155,0.3715,0.15261,0.013336,0,0.0030146,0,0
0.89687,0.036334,0.0082121,0.0053603,0.0092028,0.0016524,0,0,0.0014815,0.040891
0.41409,0.44154,0.086391,0.028306,0.024733,0,0.0010522,0.0025997,0,0.0012904
0.0020034,0.0019922,0,0.020963,0.078288,0.07535,0.13557,0.22164,0.18748,0.27671
0.0020235,0.046302,0.097959,0.34152,0.25543,0.16415,0.051216,0.019673,0.009984,0.011737
0.41227,0.18449,0.08646,0.092857,0.10129,0.092537,0.012834,0.012803,0.0021088,0.0023497
0.0079132,0.017835,0.012401,0.015103,0.014673,0.0017741,0.010729,0.081429,0.21648,0.62166
0.70868,0.19306,0.058249,0.0022725,0.030905,0.004133,0,0,0,0.002708
0.0035843,0,0,0,0.0055281,0.0091399,0.011471,0.012592,0.18543,0.77225
0.26442,0.16406,0.062443,0.039432,0.075128,0.078876,0.040807,0.0031649,0.01408,0.25759
0.040763,0.011384,0.0041288,0.013444,0.03135,0.10412,0.13745,0.15171,0.23633,0.26932
0.066529,0.41426,0.19647,0.15247,0.070437,0.012852,0.012764,0.065456,0.0087565,0
0.0029503,0,0,0,0.0015301,0.013592,0,0.084841,0.7016,0.19549
0.11074,0.36644,0.29302,0.0724,0.070651,0.033307,0.014509,0.0074782,0.015794,0.015657
0.028898,0.14693,0.022145,0.079576,0.34432,0.31273,0.048351,0.00044018,0.0061426,0.010465
0,0.027732,0.075441,0.17822,0.37157,0.1849,0.14478,0.001863,0.0097631,0.0057278
0.28752,0.24204,0.18206,0.17648,0.058785,0.032761,0.010171,0.0013779,0,0.0088086
0.1502,0.07081,0.13067,0.038385,0.14795,0.26379,0.021775,0.0068138,0.012427,0.15717
0.019223,0.017478,0.1522,0.091993,0.16289,0.18972,0.076248,0.065986,0.097252,0.12702
0.0038576,0.023898,0.12292,0.15435,0.22396,0.080095,0.06564,0.056832,0.14581,0.12264
