0.081199,0.044201,0.046906,0.083928,0.27398,0.16316,0.14539,0.081323,0.029116,0.050795
0.045626,0.044297,0.078756,0.14985,0.083031,0.2534,0.12771,0.12139,0.050136,0.0458
0.042158,0.068699,0.053234,0.21055,0.14817,0.11935,0.095527,0.032329,0.072559,0.15743
0.016553,0.043331,0.077767,0.35918,0.051134,0.061189,0.24406,0.049326,0.042649,0.054804
0.050931,0.049451,0.10471,0.16375,0.12482,0.10848,0.099136,0.18328,0.10018,0.01526
0.10702,0.14597,0.27034,0.31663,0.072375,0.035042,0.023753,0.0069146,0.0018788,0.020079
0.002011,0.0084542,0.042499,0.56272,0.17756,0.10603,0.097531,0,0.0031925,0
0.012446,0.0059234,0.047261,0.10547,0.4321,0.08537,0.20037,0.081934,0.018079,0.01104
0.0057804,0.009782,0.044327,0.13885,0.12621,0.16493,0.30951,0.097983,0.064659,0.037964
0.054673,0.020165,0.088442,0.067717,0.15854,0.25152,0.13892,0.12456,0.054035,0.041426
0.011009,0.03082,0.065336,0.084458,0.37516,0.17687,0.1394,0.055033,0.037226,0.024694
0.0056257,0.033777,0.028253,0.04333,0.049971,0.38006,0.28787,0.10622,0.043391,0.021504
0.0069259,0.0035928,0.0076641,0.060502,0.092395,0.22547,0.1902,0.18795,0.068061,0.15725
0.061873,0.022048,0.041952,0.07977,0.10187,0.077831,0.12536,0.12753,0.26323,0.098536
0.089974,0.09157,0.1401,0.19223,0.18497,0.070821,0.079023,0.077195,0.038799,0.035314
0.015447,0.030816,0.14784,0.10224,0.18517,0.18284,0.1538,0.092714,0.068815,0.020331
0.046988,0.02811,0.050897,0.068321,0.034462,0.12975,0.11238,0.31745,0.14403,0.067618
0.059706,0.070988,0.12513,0.15988,0.23915,0.11941,0.11966,0.066719,0.020962,0.018394
0.065331,0.063739,0.3451,0.1094,0.15517,0.052336,0.092394,0.026443,0.05936,0.030725
0.2822,0.1524,0.10432,0.071845,0.14978,0.070261,0.031869,0.064134,0.024825,0.048363
0.066136,0.14143,0.059793,0.026387,0.0016368,0.024138,0.022925,0.080206,0.14042,0.43692
0.035211,0.088081,0.048379,0.10179,0.048649,0.11813,0.016886,0.039141,0.19529,0.30845
0.21755,0.13425,0.14606,0.10418,0.10404,0.1011,0.039102,0.11584,0.019597,0.018284
0.14954,0.13644,0.095969,0.058103,0.11613,0.14136,0.193,0.035655,0.062675,0.01113
0.054264,0.071895,0.1773,0.090088,0.12863,0.12449,0.14275,0.15408,0.045241,0.011269
0.027845,0.052498,0.081918,0.056183,0.19992,0.13828,0.099196,0.12334,0.10313,0.11769
0.029204,0.022367,0.06403,0.070633,0.1145,0.23569,0.24194,0.079545,0.050015,0.092081
0.038388,0.072248,0.16198,0.14153,0.1141,0.2082,0.11279,0.070331,0.037738,0.042694
0.077342,0.049424,0.073735,0.073923,0.21568,0.09865,0.13336,0.1053,0.096907,0.075677
0.11908,0.11048,0.12253,0.13776,0.14121,0.11203,0.067616,0.068178,0.05095,0.07016
0.31511,0.24245,0.10838,0.06976,0.042758,0.028546,0.014565,0.019018,0.045995,0.11341
0.076195,0.1488,0.13208,0.26286,0.11544,0.072457,0.081368,0.03626,0.046684,0.027861
0.036816,0.065589,0.036591,0.11158,0.30918,0.17507,0.065309,0.11743,0.062489,0.019939
0.066629,0.036434,0.12061,0.085988,0.070766,0.11579,0.14208,0.13631,0.1291,0.096298
0.038824,0.062566,0.091921,0.21843,0.17987,0.14398,0.10847,0.057742,0.045104,0.053101
