0.032125,0.04369,0.060564,0.087417,0.17492,0.15228,0.22043,0.119,0.072426,0.037146
0.014725,0.016642,0.052268,0.061174,0.022017,0.028265,0.01926,0.011121,0.12405,0.65047
0.448,0.24238,0.0040025,0.013034,0.014451,0.047902,0.023043,0.077092,0.097074,0.033023
0.015377,0.076293,0.31724,0.049756,0.074692,0.10305,0.099044,0.13487,0.065394,0.064286
0.62255,0.064727,0.1008,0.00060365,0.00086592,0.00050902,0.00036726,0.0046401,0.024887,0.18005
0.20805,0.12077,0,0.021634,0.0018375,0.13812,0.25255,0.25426,0.0024583,0.00032359
0.060125,0.15662,0.06874,0.2837,0.29887,0.047406,0.023771,0.021116,0.034464,0.0051873
0.062718,0.015538,0.0013884,0.1271,0.10583,0.17588,0.22362,0.16944,0.047264,0.071217
0.033269,0.20442,0.047805,0.045117,0.18001,0.083693,0.077327,0.13553,0.057386,0.13544
0.31134,0.085583,0.088967,0.024783,0.12862,0.14632,0.051518,0.096996,0.040032,0.025845
0.025633,0.073297,0.037165,0.11734,0.083735,0.35328,0.074751,0.11906,0.07798,0.037758
0.020489,0.01743,0.051402,0.13777,0.097142,0.16266,0.26612,0.19208,0.029543,0.025371
0.18779,0.10716,0.14031,0.10468,0.13309,0.13435,0.03743,0.07884,0.038032,0.038317
0.017333,0.011443,0.04557,0.019668,0.024926,0.13059,0.10708,0.34183,0.14459,0.15697
0.0082576,0.001629,0.013407,0.015256,0.0040251,0.84237,0.049907,0.008217,0.044958,0.011973
0.68919,0.12379,0.060852,0.049387,0.02177,0.016461,0.0070309,0.027277,0.00053537,0.003708
0.061046,0.28922,0.28715,0.12147,0.10445,0.039097,0.051292,0.0040139,0.0072619,0.035
0,0,0,0,0.0333,0.018096,0.044577,0.13207,0.70983,0.062122
0.0075828,0.006062,0.003082,0.027563,0.06717,0.050394,0.092195,0.2743,0.23965,0.232
0.038134,0.017406,0.038724,0.036016,0.019356,0.0048052,0.11063,0.22611,0.13603,0.37279
0.056382,0.041379,0.070229,0.017942,0.15863,0.19893,0.081187,0.18944,0.12583,0.060055
0,0.0046355,0.51139,0.30367,0.084072,0.017973,0.046823,0.0072467,0.012694,0.01149
0,0,0,0.0049545,0.0020626,0.0082469,0.0060124,0,0.034432,0.94429
0.052701,0.067517,0.076352,0.31508,0.30252,0.014063,0.03916,0.020438,0.086105,0.026055
0.098961,0.017053,0.021484,0.38807,0.39511,0.016606,0.0076093,0.0065052,0.046099,0.0025039
0.04596,0.52797,0.28044,0.050516,0.050816,0.0051926,0.021649,0,0.01289,0.0045666
0.018983,0,0,0.017294,0.012997,0,0.016848,0.034371,0.21876,0.68074
0,0.027628,0.041837,0.012353,0.0075235,0.018051,0.015625,0.022567,0.14344,0.71098
0,0.011539,0.024126,0.016514,0.0073621,0.19778,0.36973,0.36325,0.0097083,0
0,0.044848,0.010012,0.040551,0.028106,0.1223,0.46623,0.096059,0.17227,0.019618
0.045953,0.0049518,0.023793,0.0068773,0.038171,0.083341,0.18839,0.13965,0.12577,0.34311
0.071134,0.15029,0.067347,0.12624,0.1352,0.055596,0.039492,0.079523,0.064247,0.21092
0.010579,0.0033611,0.09999,0.34044,0.35973,0.13025,0.011035,0.020397,0.0032826,0.02094
0.027903,0.005101,0.046017,0.4948,0.33801,0.06607,0.01401,0.0033416,0.0047478,0
0.0095207,0.024895,0.023318,0.052575,0.2864,0.29336,0.12183,0.1124,0.075698,0
0.47413,0.12062,0.012556,0.0095621,0.060294,0.038669,0.10198,0.071853,0.039713,0.070629
0.020566,0.031341,0.69451,0.16346,0.018452,0.022358,0.0028691,0.028604,0.0034014,0.014446
0.059596,0.67228,0.054901,0.0082763,0.13629,0.047062,0.013618,0,0,0.0079775
0.62445,0.17125,0.008671,0.058985,0.021794,0.022426,0.026124,0.032366,0.019426,0.014512
0,0.0049889,0.02132,0.02072,0.053889,0.013874,0.057747,0.55152,0.26434,0.011608
0.011538,0.39662,0.29185,0.11758,0.02929,0.0078078,0.026482,0.045259,0.043883,0.029687
0.90349,0.018556,0,0.0095654,0.013104,0.015912,0.001154,0.019362,0,0.018859
0,0,0,0.0010425,0.02574,0.018845,0.036198,0.051924,0.012973,0.85328
0.0055449,0.014399,0.00076668,0.0013903,0,0.023589,0.061114,0.12824,0.59608,0.16888
0.00247,0.013017,0.024236,0.012449,0.0024526,0.057839,0.057436,0.017376,0.08346,0.72926
0.89398,0.055443,0.0064123,0.020704,0.00089859,0.0057874,0.0050656,0.00049898,0.0034642,0.0077503
0.048792,0.86938,0.027403,0.011852,0.0016652,0.0014954,0.019913,0.014494,0.0018787,0.003122
0.27987,0.11484,0.08473,0.31451,0.062969,0.036426,0.067446,0.032534,0.0064672,0.0002107
0.55871,0.11061,0.047653,0.03879,0.012357,0.013742,0.08875,0.022481,0.027319,0.079587
0.0033009,0.014585,0.0085052,0.0091921,0.089939,0.01899,0.058973,0.067212,0.41091,0.31839
0.0030668,0.0029491,0.048732,0.01515,0.039171,0.079492,0.35458,0.19523,0.12224,0.13939
0,0,0.039715,0.00083683,0.002863,0.067124,0.028243,0.017407,0.68081,0.16301
0,0,0,0.012333,0.023505,0.0099549,0.0041698,0.014998,0.12274,0.8123
0.0063056,0.012648,0.035299,0.0058824,0.0068664,0.19303,0.15716,0.35476,0.22526,0.0027872
0.013279,0,0.003826,0.054757,0.085101,0.23224,0.16417,0.12289,0.3071,0.016636
0,0.015344,0.0094458,0.025174,0.015592,0.012076,0.10736,0.38081,0.41238,0.021816
0.052747,0.0056798,0.0022177,0.038596,0.15263,0.30563,0.20099,0.18018,0.032783,0.028546
0.030046,0.027416,0.01832,0.11593,0.25012,0.25507,0.10813,0.067448,0.069451,0.058067
0.070882,0.033838,0.049088,0.11661,0.48622,0.15032,0.046829,0.011598,0.019332,0.015277
0.051605,0.028751,0.097418,0.29077,0.18893,0.16374,0.078612,0.026487,0.038799,0.034884
0.058525,0.084039,0.042246,0.10995,0.069888,0.18645,0.16638,0.084459,0.061238,0.13683
0.061941,0.044629,0.11918,0.31073,0.12364,0.095758,0.15568,0.017557,0.052267,0.018616
0.032897,0.037141,0.0046531,0.030681,0.25722,0.30421,0.12293,0.093997,0.065551,0.050716
