0.022045,0.042674,0.052291,0.12949,0.12918,0.17147,0.2237,0.11959,0.059161,0.050386
0.42622,0.1324,0.026207,0.067987,0.13788,0.072659,0.03123,0.023878,0.028709,0.05283
0.61279,0.044272,0.0068745,0.026933,0.017427,0.044114,0.012496,0.11236,0.11583,0.0069049
0.21033,0.086293,0.13444,0.20353,0.11993,0.050835,0.05931,0.076119,0.046545,0.012659
0.27645,0.14503,0.054703,0.096094,0.14005,0.057864,0.026164,0.021922,0.050609,0.13111
0.016893,0.052943,0.12842,0.053936,0.13847,0.22609,0.11275,0.14364,0.050509,0.076355
0.11215,0.065046,0.098867,0.067658,0.075671,0.083312,0.067166,0.18429,0.11052,0.13532
0.045651,0.045715,0.46449,0.23365,0.041224,0.094439,0.0222,0.019023,0.015633,0.017974
0.025079,0.014724,0.021152,0.080637,0.073688,0.16364,0.18373,0.31589,0.095974,0.025496
0.017483,0.0023959,0.0054522,0.022442,0.066983,0.04673,0.085397,0.26774,0.26217,0.22321
0.0046293,0.053515,0.45519,0.23097,0.2012,0.015763,0.0074245,0.0058901,0.0080189,0.017389
0.0057714,0.01414,0.008648,0.021571,0.042137,0.12688,0.27169,0.30545,0.09352,0.1102
0.1675,0.49838,0.13736,0.085413,0.056504,0.025788,0.019319,0,0.0074202,0.002313
0.0071369,0,0.00042746,0,0.0075909,0.0036533,0.0017947,0.021885,0.13609,0.82142
0,0.0055665,0,0.0012264,0.0025139,0.020087,0.023255,0.019135,0.75334,0.17487
0.010827,0.054692,0.13731,0.04345,0.059967,0.12144,0.10046,0.028257,0.26514,0.17845
0.014887,0.0066272,0.038881,0.40214,0.36813,0.12111,0.032136,0.010132,0.0059637,0
0.0079819,0.034608,0.46502,0.22396,0.11842,0.083899,0.034763,0.031346,0,0
0.03902,0.20882,0.57102,0.047962,0.026344,0.048638,0.023368,0.0020266,0.023196,0.0096037
0.0010302,0.01143,0.017148,0.020781,0.38276,0.55003,0.0049176,0.0088231,0,0.0030879
0.92746,0.01157,0.0026993,0.00089832,0.0054337,0.01584,0,0.016112,0.0015058,0.01848
0.00057464,0,0.0010531,0.018725,0.0057704,0.0018537,0.01878,0.007691,0.019984,0.92557
0.018868,0.0089601,0.017253,0.036886,0.21781,0.33251,0.25651,0.072869,0.019396,0.018936
0.84158,0.060151,0.025035,0.015342,0.012784,0.0045992,0.027646,0.012668,0,0.0001993
0.098964,0.039404,0.015326,0.11795,0.18507,0.15971,0.032181,0.012907,0.17569,0.1628
0,0,0,0.012424,0.012172,0.1025,0.028944,0.11665,0.58334,0.14398
0.002068,0,0,0.0010882,0.0097915,0.016258,0.17088,0.14638,0.38179,0.27175
0.011996,0.026623,0.0037801,0.043023,0.023056,0.12664,0.18107,0.18484,0.39132,0.0076531
0.017984,0.027184,0.03334,0.13851,0.22291,0.22886,0.13891,0.070068,0.054529,0.067709
0.042676,0.010016,0.061356,0.24908,0.3239,0.17611,0.066933,0.01465,0.025843,0.02944
0.022231,0.021929,0.016863,0.23174,0.22033,0.19246,0.12211,0.065721,0.060946,0.045676
