0.0090078,0.018315,0.094831,0.076623,0.13473,0.1803,0.36597,0.061664,0.033392,0.025164
0.024632,0.035515,0.040026,0.071679,0.052335,0.25624,0.29552,0.10782,0.052607,0.063629
0.0075171,0.057362,0.013742,0.06253,0.079299,0.37921,0.19786,0.08314,0.022262,0.097079
0.072383,0.075999,0.11423,0.096092,0.35767,0.11266,0.068662,0.039886,0.0060348,0.056383
0.26232,0.066167,0.032881,0.057806,0.1438,0.09984,0.027667,0.057059,0.15688,0.095578
0.049249,0.16516,0.096472,0.027286,0.062918,0.31233,0.19756,0.034595,0.049357,0.0050773
0.0079927,0.0076126,0.045555,0.10104,0.31321,0.24611,0.07146,0.078404,0.058062,0.070553
0.037802,0.051009,0.082442,0.13145,0.30764,0.082426,0.056114,0.20058,0.037703,0.012839
0.28351,0.17628,0.082215,0.092042,0.20102,0.096476,0.028105,0.022635,0.014923,0.0027966
0.088969,0.067321,0.05198,0.068517,0.037437,0.06084,0.0683,0.18336,0.23276,0.14052
0.16474,0.092855,0.044185,0.048129,0.025095,0.13543,0.22748,0.1232,0.0997,0.039188
0.13227,0.045717,0.027825,0.05762,0.1902,0.081988,0.074056,0.14176,0.068706,0.17985
0.19159,0.10142,0.050542,0.03604,0.028504,0.024928,0.035705,0.045827,0.18682,0.29864
0.096287,0.24482,0.049187,0.10004,0.02294,0.021918,0.0084305,0.016635,0.044992,0.39474
0.154,0.079685,0.064202,0.0037607,0.018474,0.011848,0.11244,0.23754,0.1994,0.11866
0.26099,0.10536,0.01749,0.02986,0.083021,0.10397,0.089256,0.042111,0.12718,0.14075
0.14053,0.17924,0.04073,0.084247,0.15156,0.018388,0.018649,0.023827,0.14728,0.19556
0.0071783,0.0067135,0,0.0091639,0.014174,0.015523,0.097455,0.15712,0.41774,0.27493
0.028397,0.012537,0.066931,0.01643,0.0060071,0.031728,0.083334,0.13008,0.56256,0.061998
0.0052749,0.00063783,0.020217,0.0041869,0.0077379,0.010438,0.042325,0.062352,0.11242,0.73441
0.004016,0.0017084,0.012826,0.0058776,0.01301,0.032798,0.19838,0.056021,0.55176,0.1236
0.089982,0.13799,0.020622,0.049839,0.051802,0.077305,0.13392,0.099049,0.17746,0.16203
0.016319,0.015316,0,0.17124,0.11484,0.1516,0.056594,0.0646,0.26697,0.14252
0.036187,0.074333,0.20993,0.15714,0.31755,0.12895,0.043146,0.028167,0,0.0045937
0.042345,0.025615,0.090297,0.17279,0.30507,0.12701,0.089869,0.064877,0,0.082129
0.00086831,0.045102,0.0051261,0.043528,0.06322,0.11736,0.42376,0.18355,0.10367,0.013821
0.0046664,0.022939,0.019226,0.019328,0.063843,0.12904,0.10849,0.41345,0.21209,0.0069284
0.057108,0.063302,0.061133,0.054391,0.15361,0.12842,0.1645,0.19859,0.10112,0.01782
0.002427,0.0058553,0.0053808,0.22479,0.14416,0.34661,0.10113,0.067449,0.094665,0.0075378
0.80222,0.11428,0.035295,0.004942,0.0094221,0.012536,0.00022813,0,0.021075,0
0.0014714,0,0,0.0018308,0.019765,0.060403,0.064574,0.12433,0.15779,0.56984
0.076236,0.21381,0.1386,0.097929,0.18042,0.11483,0.081747,0.054646,0.030223,0.011552
0.030373,0,0,0.040097,0.04064,0.10817,0.0039567,0.11034,0.32102,0.34541
0.00087735,0.010298,0,0,0,0.011503,0.031188,0.09208,0.60317,0.25088
0.58448,0.096867,0.089637,0.046872,0.06357,0.025484,0.0022225,0.027527,1.6742e-05,0.063321
0.011444,0.0030803,0.010469,0.0061984,0.012256,0.010418,0.017386,0.025008,0.093618,0.81012
0.021551,0.016334,0.032847,0.092579,0.022554,0.28034,0.036695,0.25022,0.18232,0.064569
0.022905,0.0085668,0.13001,0.011345,0.014693,0.10881,0.026241,0.084315,0.23004,0.36307
0.1178,0.14189,0.045444,0.0047232,0.15716,0.029776,0.16141,0.062017,0.19061,0.089163
0.0096909,0.0031324,0.0017075,0.0058869,0.015942,0.010976,0.02046,0.16245,0.65126,0.11849
0.048385,0,0.054719,0.036271,0.040343,0.064682,0.12369,0.23717,0.22589,0.16884
0.024437,0.18979,0.15401,0.14149,0.047695,0.060601,0.069668,0.090723,0.11414,0.10745
0.21698,0.12828,0.17223,0.13341,0.085925,0.15126,0.033895,0.056245,0.01687,0.0048971
0.037061,0.24157,0.040142,0.0094982,0.12005,0.050831,0.090058,0.12927,0.1716,0.10992
0.040772,0.006529,0.0011428,0.00014824,0.072545,0.0024455,0.0057508,0.0093122,0.078681,0.78267
0.032943,0.07947,0.13427,0.10169,0.15435,0.16324,0.13032,0.078345,0.12174,0.0036303
0.044431,0.18132,0.23497,0.14479,0.15518,0.11857,0.021027,0.034319,0.043195,0.022198
0.025195,0.077768,0.071749,0.07021,0.11802,0.15038,0.11611,0.02065,0.25689,0.093025
0.024481,0.0048303,0.074019,0.042235,0.080243,0.079381,0.19415,0.24383,0.081836,0.17499
0.12472,0.020872,0.41236,0.15497,0.051244,0.0080435,0.027085,0.027908,0.057738,0.11506
0.078208,0.013185,0.067042,0.27367,0.16669,0.084996,0.059127,0.10341,0.11984,0.03384
