0.066254,0.024855,0.054007,0.26094,0.1616,0.20422,0.082496,0.033485,0.056759,0.055379
0.0090042,0.062493,0.039099,0.2459,0.15808,0.069346,0.16989,0.1825,0.039625,0.024061
0.050498,0.058233,0.068531,0.15479,0.082658,0.064445,0.081524,0.075425,0.17707,0.18683
0.05103,0.081544,0.046473,0.087221,0.12859,0.16437,0.18409,0.14622,0.074717,0.035759
0.059333,0.042955,0.02775,0.091655,0.11656,0.26914,0.24024,0.062785,0.052457,0.037132
0.42286,0.033438,0.079171,0.03927,0.063149,0.10467,0.054411,0.028027,0.053353,0.12165
0.055566,0.23518,0,0.085911,0.0052822,0.58288,0.03005,0.0051249,0,0
0.12988,0.14711,0.11676,0.17165,0.069666,0.082581,0.1225,0.088695,0.026347,0.044815
0.089645,0.024532,0.04047,0.05448,0.35009,0.28532,0.041101,0.025995,0.020853,0.06752
0.18509,0.12596,0.12956,0.095426,0.14332,0.17826,0.084577,0.024738,0.020938,0.012137
0.053082,0.14457,0.1812,0.13016,0.22986,0.10926,0.075686,0.017098,0.030066,0.029017
0.039094,0.036982,0.039303,0.11608,0.18842,0.20181,0.22404,0.054356,0.039306,0.060625
0.01751,0.034287,0.051051,0.18195,0.21694,0.23464,0.14519,0.048743,0.044553,0.025139
0.0060182,0.012956,0.0078935,0.018236,0.011907,0.035376,0.05305,0.095418,0.17282,0.58632
0.0092585,0.0062809,0.0042699,0.011199,0.029915,0.34634,0.37223,0.082831,0.10615,0.03153
0.072674,0.096533,0.081305,0.096977,0.06357,0.053112,0.027146,0.06164,0.078032,0.36901
0.34365,0.12896,0.096692,0.039199,0.17989,0.069995,0.11068,0.0185,0.0034215,0.0090199
