0.10656,0.098013,0.075363,0.094205,0.059454,0.092196,0.12882,0.15846,0.12318,0.063751
0.017653,0.0011603,0.010719,0,0,0.011589,0.013018,0.011788,0.1093,0.82477
0.0080398,0.0060738,0.10539,0.14258,0.16801,0.1107,0.075117,0.14937,0.12728,0.10745
0.043393,0.24815,0.17708,0.11248,0.12269,0.038984,0.083577,0.1202,0.040675,0.012772
0.082912,0.27328,0.078663,0.019778,0.057489,0.28718,0.043084,0.042049,0.069733,0.045826
0.019905,0.24379,0.084295,0.026286,0.047385,0.028934,0.055776,0.062771,0.10889,0.32197
0.0096933,0,0.0032743,0.19873,0.34053,0.15535,0.11105,0.13931,0,0.042059
0.61028,0.217,0.0052141,0.084479,0.072936,0.0039688,0.0061277,0,0,0
0.19316,0.48588,0.126,0.052001,0.11041,0.0045558,0,0.012653,0.0032338,0.0121
0.0021694,0.042887,0.0017682,0.00053406,0.043111,0.15875,0.21554,0.24996,0.18015,0.10514
0.00058869,0,0.011553,0.02234,0.27343,0.040827,0.074506,0.3646,0.079369,0.13279
0.0078068,0.016092,0.029386,0.055416,0.015043,0.16459,0.21723,0.029038,0.11188,0.35351
0.0035677,0.029533,0.0099303,0.0599,0.17711,0.27795,0.10798,0.043503,0.11719,0.17334
0.0178,0.017849,0.0091588,0.04798,0.049993,0.17704,0.20098,0.095488,0.27212,0.11159
0.0070343,0.0067471,0.014316,0.016915,0.036732,0.055398,0.26962,0.31388,0.13231,0.14704
0.029915,0.046725,0.014138,0.04558,0.39321,0.099564,0.04606,0.08105,0.11968,0.12408
0.2692,0.27383,0.19449,0.14701,0.061161,0.030662,0.013386,0.0067588,0.0025695,0.00093784
0.0036417,0.010591,0.010173,0.06495,0.15569,0.34278,0.3147,0.071935,0.018469,0.0070785
0.0096727,0.030147,0.013768,0.029072,0.046256,0.34375,0.39401,0.086672,0.038053,0.008599
0.15495,0.13691,0.20471,0.087079,0.037784,0.050861,0.029885,0.023745,0.035478,0.2386
0.062273,0.066264,0.086109,0.1844,0.11349,0.095936,0.13836,0.13617,0.037112,0.079882
0.12598,0.10078,0.036115,0.080042,0.12796,0.07615,0.077295,0.13026,0.11265,0.13277
0.05054,0.028249,0.030317,0.0446,0.20305,0.086063,0.052352,0.0555,0.17393,0.2754
0.038161,0.022336,0.014767,0.095552,0.10421,0.037732,0.048212,0.26359,0.34091,0.034529
0.030479,0.041402,0.024437,0.044029,0.22777,0.25261,0.29082,0.021211,0.057978,0.0092649
0.076677,0.14986,0.040367,0.072806,0.020216,0.060718,0.078537,0.32714,0.046853,0.12683
0.0015975,0.0029322,0.022559,0.10634,0.14287,0.21156,0.20318,0.2005,0.05003,0.058437
0.011383,0.0079239,0.0038481,0.0023157,0.016372,0.12666,0.22033,0.10312,0.22819,0.27986
0,0,0.036335,0.089202,0.56319,0.25818,0.039645,0.0030776,0.0032579,0.007112
0.0039099,0.72369,0.047939,0.052166,0.017349,0.012246,0,0.014523,0.028632,0.099541
0,0.040952,0.035759,0.014272,0.072871,0.0089511,0.028816,0.0070535,0.18209,0.60923
0,0.0021293,0,0.0055378,0.010899,0.3528,0.09468,0.0036604,0.0914,0.43889
0.11491,0.33122,0.0030737,0.018186,0.00082523,0,0.016779,0.0023351,0.048655,0.46402
0,0.11088,0.46993,0.0033041,0.010775,0.012397,0.066104,0.042664,0.061404,0.22255
0.0028268,0,0,0.017301,0,0.049229,0.51352,0.10496,0.080285,0.23187
0,0,0,0,0.069781,0.011642,0.036482,0.41213,0.30181,0.16816
0.041072,0.0051354,0.010907,0.14633,0.29471,0.02386,0.06952,0.034057,0.058363,0.31605
0,0,0,0,0.011582,0.010345,0.0048311,0.87079,0.036371,0.06608
0,0.034334,0.91595,0.0046212,0.012865,0.0016404,0,0.030593,0,0
0.0063021,0.0077239,0,0.0024505,0.01125,0.36605,0.45826,0.053013,0.041503,0.053452
0.68953,0.051143,0.012656,0.035231,0.018471,0.020503,0.025437,0.0037883,0.010537,0.1327
0.093032,0.0020247,0.022181,0.011067,0.0015322,0.037487,0.14442,0.10094,0.47062,0.1167
0,0,0,0,0.085116,0,0.0085496,0.014741,0.15198,0.73961
0.031639,0.047407,0.0016461,0.011647,0.014017,0.013307,0.11531,0.24412,0.45736,0.063539
0.0049485,0.0072861,0,0.036326,0.43067,0.47754,0.039304,0,0,0.0039317
0,0,0.012317,0.44649,0.084851,0.23252,0.21096,0.012856,0,0
0.038189,0.091465,0.039484,0.017064,0.010755,0.015852,0.034308,0.078236,0.26328,0.41136
0,0,0,0,0,0.0020805,0,0.87297,0.12495,0
0,0.50446,0.46414,0.026999,0.0044006,0,0,0,0,0
0.0066362,0.0018324,0.00071172,0.11027,0.22934,0.17927,0.25112,0.017508,0.050964,0.15236
0.096485,0.14959,0.11893,0.10771,0.095283,0.17959,0.1725,0.014087,0.02104,0.044785
0.10501,0.13546,0.096476,0.075313,0.090743,0.21756,0.027831,0.03897,0.11231,0.10033
0.057816,0.094056,0.059496,0.092135,0.13963,0.030829,0.074853,0.13492,0.26641,0.049855
0.42626,0.075938,0.088244,0.023346,0.062999,0.016736,0.075083,0.083147,0.084353,0.063893
0.10445,0.056693,0.04436,0.14546,0.078097,0.056479,0.087944,0.25102,0.14784,0.027641
0.070883,0.089525,0.0052515,0.0050668,0.012258,0.021718,0.084906,0.55061,0.091613,0.068173
0.062478,0.062006,0.044454,0.018941,0.066331,0.03231,0.033596,0.074071,0.31239,0.29343
0.088597,0.13657,0.10037,0.10392,0.087641,0.08018,0.10496,0.06623,0.1127,0.11884
0.12672,0.058292,0.076136,0.079944,0.084711,0.096557,0.049693,0.064844,0.1937,0.1694
0.12298,0.27857,0.087092,0.010496,0.014268,0.035788,0.078573,0.23068,0.011946,0.12961
0.011279,0.013047,0.19741,0.29506,0.28643,0.11864,0.015876,0.015148,0.0017062,0.045405
0.072698,0.069799,0.38933,0.11955,0.10465,0.070657,0.031553,0.086171,0.0435,0.012093
0,0.00082297,0.001196,0.22098,0.19737,0.044583,0.11378,0.26207,0.12188,0.037325
0.026561,0.06429,0.10365,0.2206,0.22331,0.12346,0.16279,0.055508,0.009061,0.010774
0,0.00020707,0.014076,0.0052879,0.056913,0.029873,0.14417,0.2111,0.48817,0.050194
0.20149,0.21474,0.067189,0.30573,0.080108,0.030916,0.084384,0.0073201,0.0078704,0.00025522
0,0.0074531,0.013592,0.047477,0.11435,0.27727,0.15176,0.30613,0.029551,0.052418
0.037502,0.28765,0.22426,0.095932,0.13643,0.16898,0.013302,0.0023144,0.0079665,0.02567
0.077875,0.10831,0.074466,0.034848,0.045255,0.05188,0.16465,0.42799,0.0069623,0.0077631
0,0.0023684,0.036766,0.060341,0.012384,0.11274,0.076025,0.07149,0.18133,0.44656
0.30125,0.36682,0.032931,0.13312,0.044018,0.033901,0.038027,0.046835,0.0030987,0
0.046106,0.043389,0.057313,0.043591,0.042365,0.076286,0.032582,0.032749,0.12278,0.50284
0,0.0057734,0.11568,0.096746,0.57939,0.19835,0.0040649,0,0,0
0.13423,0.17198,0.025984,0.33077,0.08259,0.12521,0.012514,0.11042,0.002121,0.0041759
0.00048179,0.00022808,0.011031,0.011566,0.14404,0.030371,0.1427,0.12873,0.094968,0.43589
0.24895,0.16791,0.038624,0.13095,0.089087,0.049607,0.023833,0.19022,0.035279,0.025545
0.049977,0.03716,0.019995,0.078817,0.20221,0.053522,0.088002,0.20636,0.22458,0.039366
0.0064152,0,0,0.0076772,0.037709,0.82684,0.074897,0.012803,0.0060742,0.027588
0.19223,0.11339,0.11309,0.20839,0.090239,0.15602,0.079966,0.028697,0.0045481,0.013433
