0.090114,0.1868,0.10481,0.071096,0.08945,0.20476,0.12135,0.06591,0.031967,0.033742
0.063446,0.11976,0.084457,0.14807,0.23927,0.087231,0.089564,0.077612,0.059488,0.031101
0.060222,0.070018,0.091933,0.16554,0.21935,0.12236,0.050168,0.10253,0.048469,0.069399
0.017825,0.041864,0.18823,0.20596,0.12155,0.2224,0.040279,0.049202,0.077483,0.035203
0.0042033,0.0307,0.13477,0.28398,0.30501,0.16826,0.035426,0.017927,0,0.019713
0.02269,0.032297,0.01721,0.078202,0.21087,0.21747,0.10351,0.13176,0.13809,0.047908
0.091283,0.016196,0.06603,0.082194,0.20312,0.12983,0.35237,0.038504,0.0098384,0.010631
0.027845,0.014765,0.057202,0.077079,0.10107,0.12589,0.11565,0.11787,0.21585,0.14677
0.059101,0.12596,0.13606,0.10277,0.11941,0.17063,0.075809,0.12171,0.051563,0.036973
0.080134,0.040392,0.031224,0.20925,0.20999,0.17606,0.08931,0.048582,0.075511,0.039552
0.11247,0.14941,0.090569,0.030585,0.049745,0.048863,0.029635,0.065826,0.11961,0.30329
0.073941,0.10978,0.041918,0.039714,0.090131,0.067718,0.049133,0.037229,0.099848,0.39059
0.037959,0.077017,0.0075903,0.088667,0.093464,0.069725,0.092542,0.25532,0.23017,0.047543
0.92198,0.037494,0.0098574,0.0079191,0.00028271,0.019852,0.0026143,0,0,0
0.00098648,0.0015171,0.010552,0,0.00074792,0.0033532,0.0037127,0.0046304,0.041769,0.93273
0.043175,0.015101,0.017166,0.00058716,0.023498,0.061575,0.15867,0.34587,0.22813,0.10622
0.01263,0.016704,0.0015077,0,0.15871,0.089254,0.048352,0.094257,0.47823,0.10035
0.02917,0.041698,0.048553,0.14564,0.10684,0.11737,0.14078,0.15481,0.081544,0.1336
0,0,0.0025576,0,0.013389,0.025941,0.15337,0.71231,0.08218,0.010258
0.0096307,0.0031267,0.018043,0.0063023,0.030566,0.23905,0.14809,0.24159,0.22467,0.078927
0.0013903,0.026309,0.14393,0.25278,0.29559,0.11506,0.069253,0.041982,0.030488,0.023226
0.28737,0.07709,0.038774,0.056881,0.065484,0.015408,0.01005,0.032307,0.081994,0.33464
0.054472,0.16144,0.14039,0.13241,0.20463,0.11421,0.035725,0.014674,0.034379,0.10767
0.15652,0.1268,0.12153,0.10537,0.034927,0.066165,0.041218,0.10884,0.10766,0.13097
0.11816,0.074008,0.065506,0.085298,0.099276,0.091074,0.19115,0.15953,0.042528,0.073463
0.016467,0.016345,0.018674,0.023042,0.14502,0.18528,0.10384,0.057375,0.21605,0.21791
0.036069,0.031048,0.045846,0.13801,0.16907,0.12535,0.11527,0.098229,0.098387,0.14272
0.2091,0.085104,0.060693,0.14815,0.19603,0.067344,0.090178,0.10662,0.0040557,0.032725
0.32155,0.51133,0.068414,0.0044174,0.030582,0.023682,0.01032,0.01783,0.0084167,0.0034558
0.65953,0.13373,0.069526,0.035481,0.029664,0.038351,0.01092,0.010222,0.0044166,0.0081612
0.25167,0.21268,0.35389,0.040173,0.029654,0.10077,0.0065111,0,0.0032341,0.0014239
0.0082534,0.010761,0.030791,0.0614,0.075469,0.25084,0.20985,0.062771,0.15589,0.13398
0.1466,0.31052,0.15175,0.086841,0.093688,0.082617,0.016776,0.10448,0.0024364,0.004294
0.25095,0.073918,0.020951,0.028499,0.043983,0.14876,0.12408,0.16709,0.087573,0.054199
0.21875,0.17498,0.050778,0.074332,0.037011,0.074245,0.062128,0.10684,0.068571,0.13237
0.14748,0.18028,0.14755,0.16893,0.046586,0.091483,0.079192,0.063165,0.045341,0.029996
0.071673,0.045095,0.26806,0.099473,0.12205,0.13438,0.040963,0.048482,0.083862,0.085962
0.061775,0.13101,0.13604,0.062595,0.20704,0.13931,0.060384,0.047921,0.028265,0.12566
0.054137,0.049734,0.043918,0.093385,0.14001,0.12589,0.37517,0.062589,0.038233,0.016935
