0.038703,0.069764,0.08776,0.061307,0.28045,0.26335,0.11606,0.026906,0.031796,0.023896
0.039709,0.088794,0.073313,0.091096,0.16516,0.3704,0.08027,0.059406,0.0069389,0.024918
0.06475,0.080271,0.053173,0.080008,0.15008,0.20977,0.22897,0.074412,0.023715,0.03485
0.032766,0.13731,0.036363,0.04438,0.32192,0.2927,0.043415,0.04662,0.033581,0.01095
0.071282,0.13939,0.1638,0.096508,0.096214,0.069625,0.031393,0.086746,0.13871,0.10634
0.043939,0.088472,0.11124,0.047825,0.10817,0.20172,0.047204,0.12307,0.14755,0.080813
0.10438,0.24805,0.20851,0.16196,0.10789,0.051035,0.031259,0.012611,0.02116,0.053147
0.20282,0.23802,0.15011,0.098579,0.078623,0.081313,0.076214,0.05044,0.019118,0.0047646
0.043652,0.06254,0.02627,0.014438,0.19697,0.3274,0.10959,0.088814,0.055284,0.075043
0.11234,0.14058,0.33363,0.054642,0.048304,0.12096,0.055294,0.03707,0.030974,0.066212
0.52969,0.040903,0.036791,0.050088,0.10454,0.11061,0.018146,0.02329,0.054238,0.031706
0.23523,0.14739,0.27029,0.036074,0.063326,0.026581,0.023613,0.030885,0.024403,0.14221
0.035356,0.016825,0.025995,0.014968,0.067072,0.059858,0.053651,0.086154,0.29058,0.34955
0.029348,0.030922,0.010639,0.00070939,0.031873,0.11013,0.18012,0.20617,0.08664,0.31346
0.20007,0.21142,0.22739,0.067361,0.06736,0.063385,0.033085,0.031759,0.028814,0.069358
0.0096259,0.014064,0.0082892,0.041321,0.18307,0.2089,0.14739,0.22681,0.13353,0.027003
0.50348,0.25374,0.044265,0.028758,0.070726,0.027356,0.0055942,0,0.016874,0.049203
0.069611,0.10134,0.63545,0.074633,0.032153,0.028154,0.030989,0.017467,0.0064287,0.0037705
0.036289,0.015104,0.036826,0.14923,0.27695,0.25848,0.12798,0.022205,0.032562,0.044378
0.78574,0.041376,0.030834,0.026341,0.09735,0.018363,0,0,0,0
0.05675,0.75543,0.074919,0.020982,0.020096,0.00094184,0.012579,0.0070153,0.01639,0.0349
0.19744,0.73987,0.045477,0.0086916,0.001294,0.00078241,0.00063648,0.0037485,0.0020524,0
0.0054175,0.001144,0.0068158,0.18564,0.1893,0.16845,0.22975,0.14829,0.055224,0.009959
0.36291,0.2364,0.21956,0.083246,0.047249,0.046163,0.0022276,0,0.0022511,0
0.036613,0.057752,0.13297,0.14708,0.24689,0.15755,0.070492,0.041202,0.083782,0.025671
0.0059582,0.0070651,0.0072995,0.023447,0.15371,0.34044,0.13527,0.10853,0.085303,0.13297
0.00080863,0.011443,0.0060536,0.035855,0.033429,0.13282,0.3339,0.13304,0.1588,0.15385
