0.082253,0.15666,0.39098,0.12782,0.19738,0.029781,0.00091742,0.002375,0.0086572,0.0031764
0.054716,0.0037913,0.034674,0.0075697,0.09122,0.071724,0.019755,0.089042,0.31484,0.31267
0.0088062,0.0060663,0.0011079,0.074859,0.0016728,0.030606,0.070448,0.15007,0.34417,0.3122
0.34236,0.1529,0.12498,0.28351,0.059945,0.021447,0.0061347,0.001762,0.0016192,0.0053388
0.13467,0.096556,0.067583,0.049449,0.32534,0.14743,0.080018,0.01063,0.039646,0.048673
0.0071744,0.0067464,0.0014019,0.022597,0.0198,0.080157,0.11077,0.13251,0.099449,0.5194
0.026087,0.03569,0.032274,0.15954,0.18508,0.29888,0.14044,0.036307,0.041226,0.044489
0.053064,0.055225,0.039084,0.017345,0.28355,0.24577,0.07609,0.082956,0.07096,0.075956
0.061818,0.063994,0.049994,0.046044,0.20886,0.18613,0.15491,0.12937,0.051156,0.04772
0.033435,0.013651,0.024131,0.12853,0.26095,0.091236,0.069628,0.097451,0.13809,0.14289
0.023684,0.013997,0.069713,0.036093,0.13414,0.2242,0.085057,0.15699,0.12875,0.12737
0.02979,0.038031,0.071649,0.12136,0.20356,0.14848,0.16362,0.080459,0.076991,0.066064
0.068472,0.038375,0.086289,0.12851,0.14558,0.097823,0.11562,0.087497,0.088043,0.1438
0.095519,0.072533,0.074817,0.031441,0.06223,0.13361,0.28649,0.13896,0.053423,0.050975
0.043618,0.023636,0.019927,0.052434,0.22479,0.32652,0.13992,0.12756,0.021537,0.020061
0.054157,0.073954,0.24349,0.094343,0.10281,0.094556,0.068466,0.047986,0.035642,0.1846
0.27199,0.13164,0.17203,0.043413,0.009891,0.048654,0.058539,0.097889,0.074245,0.091707
0.28228,0.009256,0.014911,0.063006,0.044557,0.17652,0.054535,0.05701,0.056425,0.2415
0.062757,0.0061238,0.017775,0.14333,0.51291,0.042443,0.051616,0.084431,0.063929,0.014675
0.11699,0.06651,0.22799,0.079718,0.12429,0.065773,0.06942,0.088549,0.028654,0.1321
0.015494,0.12116,0.018405,0.033041,0.10162,0.10023,0.35136,0.10796,0.10075,0.049974
0.058326,0.018845,0.0022506,0.08901,0.12224,0.051034,0.017597,0.062914,0.1527,0.42509
0.0071741,0.058404,0.069204,0.087599,0.08679,0.22883,0.24284,0.11236,0.059306,0.047489
0.34141,0.11483,0.059211,0.049912,0.058589,0.033918,0.0083768,0.034945,0.076785,0.22202
0.02785,0.0019836,0.017399,0.028918,0.031832,0.073605,0.05669,0.079997,0.17651,0.50522
0.054749,0.033615,0.068542,0.031467,0.03437,0.0589,0.047921,0.25582,0.28532,0.1293
0.089565,0.036721,0.008008,0.062944,0.014158,0.039699,0.028724,0.035747,0.11397,0.57047
0.11963,0.043852,0.04488,0.050842,0.11856,0.12747,0.064084,0.076329,0.15357,0.20078
0.06714,0.19994,0.093223,0.026156,0.13193,0.037651,0.087915,0.15267,0.080834,0.12255
0.12377,0.069211,0.11672,0.043324,0.06336,0.13152,0.1031,0.061324,0.214,0.073686
0.17649,0.15145,0.099576,0.13454,0.16552,0.061827,0.023984,0.038781,0.033079,0.11475
0.1033,0.059419,0.11323,0.15196,0.21578,0.16527,0.033509,0.047743,0.072428,0.037367
0.099537,0.14439,0.10822,0.24224,0.10576,0.16337,0.026444,0.028545,0.037736,0.04377
0.16115,0.048613,0.026938,0.11132,0.27854,0.21317,0.044741,0.043805,0.022689,0.049039
0.033997,0.066462,0.069364,0.14908,0.20122,0.17816,0.1097,0.11688,0.029032,0.046102
0.033553,0.065602,0.052236,0.06135,0.080064,0.14028,0.12251,0.1209,0.21194,0.11156
0.055645,0.14224,0.081564,0.080248,0.18406,0.25492,0.07437,0.069958,0.027029,0.029967
0.029164,0.031024,0.12582,0.063752,0.016799,0.008178,0.045557,0.06989,0.28071,0.32911
0.14854,0.09656,0.020627,0.032608,0.090548,0.27274,0.15957,0.029482,0.030054,0.11927
