0.068337,0.24536,0.44412,0.024796,0.10435,0.048944,0.043428,0.016037,0.0046277,0
0.0065034,0.026526,0.14789,0.041087,0.062627,0.090761,0.027317,0.06464,0.078237,0.45441
0.01088,0.20999,0.24794,0.11294,0.06377,0.0087476,0.030384,0.050379,0.13246,0.13251
0.017552,0.1525,0.50466,0.1978,0.096251,0.0043933,0.015502,0.0012926,0.0072169,0.0028351
0.044743,0.0050222,0.039845,0.022876,0.023257,0.22148,0.2446,0.093095,0.27345,0.031628
0,0.016405,0.00093402,0.11606,0.11562,0.11292,0.32481,0.22851,0.063625,0.021118
0.029673,0.030902,0.038866,0.035701,0.02551,0.063352,0.042386,0.083455,0.25965,0.3905
0.10531,0.13166,0.017799,0.040843,0.32358,0.12936,0.017028,0.12298,0.10673,0.0047131
0.10544,0.58572,0.15296,0.010779,0.039404,0.0041783,0,0.095814,0.0024555,0.0032506
0.31407,0.23936,0.13515,0.057753,0.039683,0.02494,0.026285,0.11966,0.0020821,0.041018
0.081202,0.074477,0.42131,0.14642,0.061409,0.02691,0.016881,0.015634,0.05884,0.096918
0.22342,0.20167,0.056502,0.093843,0.14093,0.062998,0.012498,0.058985,0.048796,0.10036
0.02888,0.038488,0.45033,0.14963,0.042384,0.035953,0.0055093,0.043436,0.043352,0.16204
0.0088515,0.016827,0.028492,0.18161,0.18974,0.23656,0.11797,0.052266,0.093798,0.07388
0.0049926,0.0058392,0.008863,0.070221,0.22174,0.48453,0.11612,0.045834,0.020347,0.021517
0.11333,0.023219,0.025669,0.0068216,0.026596,0.21722,0.36119,0.10892,0.05694,0.060104
0.020241,0,0.019957,0.046563,0.70464,0.16941,0.011043,0.02815,0,0
0.0070773,8.1266e-05,0.0050871,0.0049755,0.011067,0.068128,0.13403,0.10067,0.34944,0.31945
0.56764,0.38735,0.0052326,0.011419,0.0081538,0.0058537,0.0037555,0,0.0044116,0.0061842
