0.072305,0.04092,0.042818,0.041297,0.12716,0.21228,0.062311,0.048585,0.1697,0.18262
0,0,0.0045649,0.0041923,0.005413,0.002854,0.0037321,0.04072,0.15633,0.7822
1.4938e-05,0,0,0,0.0011732,0.0023034,0.0010268,0.15735,0.54442,0.29371
0,0,0.012247,0.13078,0.43493,0.10445,0.0035523,0.0011394,0.14833,0.16456
0.097658,0.036116,0.40998,0.40165,0.04444,0.0094501,0,0.00070992,0,0
0.072061,0.065529,0.12444,0.25973,0.19789,0.017366,0.029483,0.0065499,0.048262,0.1787
0.072443,0.019081,0.043471,0.046717,0.068593,0.041659,0.019505,0.017188,0.078032,0.59331
0.044113,0.030539,0.085636,0.060535,0.076036,0.063118,0.23947,0.16295,0.10057,0.13704
0.25933,0.20014,0.097974,0.04764,0.026566,0.058297,0.047628,0.07507,0.13984,0.047518
0.3219,0.14918,0.020187,0.011531,0.045318,0.083166,0.14367,0.16114,0.024925,0.038982
0.048858,0.072182,0.2663,0.18802,0.048137,0.013781,0.021692,0.080074,0.23092,0.030027
0.1538,0.05384,0.26438,0.1119,0.1103,0.0072823,0.018127,0.01079,0.032962,0.23661
0.0087493,0.031646,0.030287,0.0046446,0.0046342,0.022439,0.12263,0.22498,0.19298,0.35702
0.05073,0.1533,0.044671,0.026348,0.029956,0.099922,0.17811,0.20237,0.16585,0.048754
0.26253,0.061806,0.069931,0.12092,0.040202,0.050563,0.064064,0.17098,0.12382,0.035178
0.11666,0.095411,0.045613,0.085699,0.14872,0.25912,0.075101,0.030309,0.080232,0.063128
0.48673,0.070962,0.15568,0.17279,0.080403,0.0082017,0,0.013768,0.0081595,0.0033057
0.37364,0.33114,0.14532,0.026519,0.041679,0.016614,0.0031483,0.0017582,0,0.060179
0.30719,0.1307,0.16931,0.029264,0.16609,0.091361,0.028896,0.024032,0.03013,0.023026
0.11621,0.2786,0.24969,0.037868,0.024131,0.00042112,0.0046878,0.015661,0.22737,0.045358
0.39309,0.35624,0.043491,0.064138,0.12078,0.0045864,0.0016397,0.0049983,0.0081137,0.0029245
0,0.020749,0.0040186,0,0.073333,0.16366,0.03579,0.22987,0.43294,0.039641
0.072342,0.3626,0.36707,0.034635,0.038475,0.095599,0.0014533,0.0068557,0.00020544,0.020764
0,0.0026042,0.0040826,0.010367,0.10027,0.48502,0.32013,0.024863,0.038113,0.014543
0.012087,0.028107,0.026933,0.041117,0.10129,0.07048,0.13708,0.20041,0.1429,0.23958
0.06511,0.027212,0.22887,0.3992,0.13868,0.016247,0.010694,0.039393,0.047433,0.027154
0.030694,0.066471,0.11342,0.22543,0.17179,0.083619,0.26577,0.02533,0.017478,0
0.25288,0.17086,0.25336,0.18143,0.017748,0.0072637,0,0.018419,0.042029,0.056007
0.1509,0.056061,0.15031,0.086666,0.060878,0.079201,0.079597,0.13848,0.0506,0.1473
0.085267,0.17963,0.3927,0.040031,0.12724,0.14513,0.0065517,0.017929,0.0055067,0
0.17818,0.21554,0.28153,0.05958,0.038961,0.013108,0.054988,0.0066591,0.097224,0.054242
0.16556,0.31682,0.11923,0.074891,0.07345,0.043818,0.095648,0.089999,0.014186,0.0063989
0.25944,0.30012,0.12215,0.14317,0.014826,0.046951,0.022418,0.045143,0.0039553,0.04182
0.24055,0.19556,0.12211,0.057671,0.028374,0.14086,0.13772,0.026734,0.0030143,0.047413
0.042582,0.54874,0.24827,0.11038,0.016108,0.025943,0.0010899,0.0034854,0.0024413,0.00096508
0.92602,0.027177,0.0065028,0.0020447,0.0091377,0.01528,0.0016479,0.00022028,0.011968,0
0.0082392,0.037566,0.049884,0.21318,0.2495,0.21535,0.14815,0.050724,0.020886,0.0065162
0,0.010144,0.082116,0.053604,0.11841,0.20974,0.47168,0.04091,0.012547,0.00084932
0.0069905,0.0083016,0.00050209,0.0461,0.010023,0.0057364,0.0051038,0.032209,0.5323,0.35273
0.0004283,0.00050017,0.0032633,0.0025508,0.050026,0.033771,0.013616,0.023768,0.34902,0.52306
0.062996,0.013525,0.0097149,0.0028267,0.0099506,0.0064281,0.034541,0.74946,0.076112,0.034442
0.0038682,0.0055743,0.06541,0.10688,0.22444,0.11574,0.33002,0.074663,0.059269,0.014124
0.006497,0,0.0023916,0.042436,0.13459,0.23142,0.30401,0.10662,0.11786,0.054174
0.0038041,0.00086606,0.0071058,0.004185,0,0.043085,0.011275,0.069302,0.33365,0.52673
0.0039848,0.0035468,0.0099892,0.13653,0.37224,0.20113,0.18846,0.017232,0.052897,0.013993
0.055572,0.12156,0.064523,0.026352,0.079119,0.39857,0.097909,0.065042,0.037976,0.053379
0.065038,0.10341,0.078967,0.073379,0.06223,0.12526,0.054196,0.31941,0.03697,0.081138
0.15999,0.38596,0.11715,0.056268,0.012811,0.1349,0.019579,0.066134,0.029865,0.017343
0.10435,0.25261,0.10182,0.06777,0.042159,0.042822,0.077452,0.095725,0.065144,0.15015
0.0048732,0.019866,0.11817,0.15366,0.1661,0.046448,0.089556,0.1801,0.083695,0.13753
0.055507,0.16367,0.12914,0.080884,0.094024,0.060233,0.13163,0.11251,0.058711,0.11368
