0.12615,0.11252,0.048396,0.049661,0.085795,0.19243,0.17763,0.10944,0.058406,0.039571
0.05008,0.074378,0.043337,0.054811,0.12395,0.043655,0.31227,0.23302,0.062136,0.002358
0.037472,0.099566,0.092343,0.061245,0.17877,0.13286,0.1335,0.14035,0.064041,0.05986
0.050839,0.062371,0.19634,0.16764,0.16086,0.10031,0.1678,0.043976,0.041479,0.0083763
0.031761,0.038512,0.029313,0.14776,0.1889,0.1663,0.16233,0.09961,0.084903,0.050608
0.058825,0.10289,0.18451,0.12852,0.15573,0.076809,0.057468,0.11381,0.057528,0.063904
0.1068,0.17555,0.41268,0.15821,0.040799,0.037041,0.012834,0.019235,0.0017228,0.035129
0.70177,0.17858,0.029674,0.014294,0.068287,0.0016865,0.001258,0.00033003,0.0026219,0.0014913
0,0,0,0,0.0018076,0.011985,0.025404,0.079909,0.24395,0.63694
0.084434,0.77421,0.12645,0.010019,0.0017819,0.0030997,0,0,0,0
0.022491,0.97191,0,0.00063426,0.0040204,0,0.00094912,0,0,0
0.90619,0.050515,0.010156,0.0080317,0.0071495,0.0092688,0.00095544,0.00039743,0.00062325,0.0067132
0.018983,0.047508,0.32267,0.22496,0.10843,0.029104,0.085584,0.12492,0.031566,0.0062815
0.012209,0.0039546,0.011975,0.10372,0.20858,0.090382,0.19233,0.1704,0.142,0.064457
0.055782,0.081595,0.024401,0.01521,0.17465,0.24486,0.11409,0.058709,0.19406,0.03665
0.058456,0.11743,0.20939,0.16776,0.1004,0.031424,0.048282,0.093267,0.095987,0.0776
0.11032,0.064046,0.042397,0.25091,0.13755,0.069994,0.098434,0.13179,0.053657,0.040909
0.11162,0.052882,0.057402,0.013905,0.092486,0.053148,0.033824,0.099038,0.14788,0.33781
0.22142,0.14282,0.033739,0.071434,0.061385,0.10908,0.054687,0.14283,0.10608,0.056516
0.16651,0.097812,0.053866,0.1143,0.070878,0.036333,0.075297,0.23579,0.042778,0.10643
0.048151,0.081684,0.037383,0.081005,0.072401,0.10199,0.056683,0.10057,0.37601,0.044127
0.096745,0.013516,0.023324,0.0026509,0.069175,0.045524,0.0087255,0.036987,0.26422,0.43913
0.021072,0.010173,0.0090042,0.0072365,0.017981,0.016464,0.13833,0.21727,0.15054,0.41192
0.041203,0.048226,0.013673,0.0035402,0.021901,0.010937,0.048254,0.11342,0.2157,0.48315
0.060545,0.072343,0.049736,0.036394,0.080068,0.011791,0.021218,0.071761,0.15595,0.44019
0.0017891,0.049274,0.059282,0.05329,0.059541,0.17494,0.054201,0.013934,0.038441,0.49531
0.043138,0.16628,0.16837,0.34796,0.18455,0.015739,0.011624,0.036001,0.0055298,0.020801
0.0089306,0,0.0032847,0.0043191,0.0032734,0.041236,0.083724,0.30309,0.38719,0.16496
0.089355,0.038742,0.020052,0.012573,0.032039,0.012103,0.030164,0.077531,0.34171,0.34573
0.32959,0.012957,0.15694,0.080248,0.27306,0.098695,0.0078092,0.017044,0.018169,0.005482
0.022431,0.25525,0.19494,0.10265,0.10613,0.078602,0.098745,0.10152,0.013452,0.026286
0.020543,0.1327,0.12844,0.073374,0.055881,0.054059,0.073912,0.13476,0.10664,0.21968
0.016142,0,0,0.022559,0.020262,0.1797,0.32985,0.13718,0.14077,0.15354
0.0061633,0.0095664,0.058192,0.1088,0.41344,0.25917,0.099425,0.029802,0.014142,0.0013099
0.037167,0.042645,0.05811,0.2345,0.46901,0.027198,0.018919,0.016462,0.041882,0.054101
0.004049,0.0045362,0,0.016559,0.10936,0.23724,0.38676,0.23,0.011493,0
0.0017741,0,0.0083545,0.017087,0.28081,0.43191,0.14868,0.078052,0.030529,0.0027981
0,0.010741,0.084462,0.086158,0.10771,0.086791,0.32081,0.28271,0.020624,0
0.051396,0.048646,0.013954,0.0092496,0.025835,0.059562,0.19253,0.15065,0.060833,0.38734
0.29245,0.0028344,0.0070694,0.023807,0.44118,0.19613,0.032742,0.0037855,0,0
0.10593,0.013654,0.023966,0.2191,0.32083,0.26431,0.047514,0.0043247,0.00018173,0.0001782
0.00034003,0.033136,0.069421,0.073841,0.27766,0.083822,0.0061773,0.24397,0.034005,0.17763
0.080192,0.018744,0.23364,0.0072916,0.013602,0.20407,0.16133,0.23597,0.042255,0.0029018
0.00040568,0.014378,0.011362,0.011731,0.0041919,0.031101,0.055359,0.70296,0.089,0.079507
0.05315,0.4937,0.29241,0.0080907,0.0015054,0.004266,0,0.11256,0.0093492,0.024959
0,0.0032041,0.16053,0.19842,0.021323,0.025661,0.14906,0.097663,0.071215,0.27292
0.013693,0.036159,0.20263,0.08165,0.090156,0.11148,0.080742,0.056297,0.027936,0.29925
0.15953,0.12328,0.14335,0.083186,0.12806,0.050657,0.063213,0.063708,0.072951,0.11206
0.40235,0.075648,0.2071,0.10462,0.14061,0.025416,0.015344,0.013908,0.015003,0
0,0.0093187,0.012134,0.036376,0.15686,0.15736,0.032704,0.081376,0.18277,0.3311
0.37971,0.19262,0.014665,0.035873,0.069667,0.010829,0.021134,0.13013,0.066311,0.079055
