0.056578,0.063058,0.061212,0.19054,0.22839,0.21642,0.12215,0.047358,0,0.014289
0.11453,0.04185,0.071968,0.15792,0.32658,0.076876,0.073445,0.014853,0.053414,0.06856
0.30142,0.16592,0.069876,0.14871,0.067744,0.11946,0.05186,0.040278,0.0099919,0.024735
0.12491,0.16554,0.094609,0.12716,0.13093,0.13604,0.099918,0.055464,0.044811,0.020619
0.037906,0.064478,0.12147,0.092996,0.2665,0.12457,0.098173,0.094002,0.071299,0.028605
0.021851,0.02345,0.038313,0.28746,0.32185,0.1692,0.068963,0.029816,0.011801,0.027297
0.054248,0.016555,0.060186,0.11183,0.10786,0.17504,0.10387,0.11323,0.1871,0.070094
0.049401,0.022475,0.026945,0.029733,0.035688,0.061621,0.1004,0.31855,0.21805,0.13713
0.081327,0.080109,0.055381,0.057452,0.099953,0.087508,0.066801,0.1299,0.15839,0.18318
0.024856,0.0752,0.046631,0.038124,0.073608,0.024979,0.065007,0.14512,0.24192,0.26455
0.18846,0.10568,0.15307,0.098002,0.084222,0.021606,0.038269,0.043318,0.14943,0.11794
0.19376,0.056706,0.075528,0.016681,0.05732,0.19476,0.25796,0.073872,0.038207,0.035207
0.2979,0.048587,0.028195,0.13515,0.060466,0.018477,0.035159,0.041319,0.036735,0.29801
0.17009,0.36219,0.0115,0.016978,0.074356,0.051817,0.068375,0.05113,0.062153,0.13141
0.40168,0.26799,0.06171,0.10164,0.052293,0.052079,0.030576,0.023024,0.0035009,0.0055073
0.033331,0.19237,0.14638,0.082847,0.15213,0.22802,0.10713,0.029829,0.025071,0.0028905
0.19538,0.15995,0.063212,0.098263,0.065467,0.065774,0.1581,0.13946,0.025558,0.02884
0.73012,0.19343,0.010148,0.011613,0.049034,0.0038005,0,0,0.00095005,0.00090698
0,0.0011095,0.0023623,0.38834,0.57773,0.02901,0.0014438,0,0,0
0.013728,0.34701,0.62306,0.0021891,0.012399,0,0.0016129,0,0,0
0.28607,0.65323,0.04533,0,0,0.0087437,0,0.005995,0.00062896,0
0,0.018563,0.32078,0.46252,0.10386,0.027812,0.0086784,0.017559,0,0.040221
0.0094552,0.025444,0.44808,0.26101,0.24975,0.0062526,0,0,0,0
0.071736,0.031885,0.33397,0.049541,0.049378,0.092187,0.037355,0.097224,0.11329,0.12343
0.43722,0.035781,0.070218,0.11179,0.020243,0.099349,0.058583,0.10434,0,0.062475
0.0049853,0.024808,0.090419,0.077195,0.044883,0.025987,0.033206,0.0649,0.41827,0.21534
0.091231,0.052741,0.030738,0.010517,0.055615,0.055594,0.20779,0.17643,0.11717,0.20218
0.030727,0.041596,0.1389,0.070835,0.10567,0.081635,0.057205,0.026712,0.12209,0.32463
0.1035,0.15015,0.090888,0.093038,0.23634,0.088359,0.060349,0.03898,0.095606,0.04279
0.27959,0.109,0.1005,0.039368,0.029153,0.064321,0.049798,0.034992,0.067566,0.2257
0.0012849,0.20836,0.52535,0.086509,0.052676,0.093912,0.026015,0,0.0059002,0
0.067596,0.040811,0.073154,0.074815,0.083849,0.13864,0.40751,0.052394,0.037762,0.023478
0,0.0025103,0.0013561,0.01868,0.12716,0.22747,0.25334,0.14358,0.072961,0.15294
0.19281,0.23872,0.18096,0.033215,0.11217,0.053394,0.037439,0.046762,0.067438,0.037089
0.00013244,0,0.02126,0.012831,0.23744,0.069534,0.13441,0.1945,0.2848,0.045087
0.12838,0.13596,0.33958,0.12506,0.14773,0.026792,0.025309,0.04386,0.024878,0.0024539
0,0,0,0,0.16403,0.47875,0.27151,0.084566,0.00073959,0.00040479
0.0045286,0.047915,0.001416,0.0019916,0.17392,0.09493,0.13177,0.16201,0.16189,0.21964
0.028816,0.026664,0.14431,0.15649,0.12049,0.089807,0.079965,0.16701,0.094368,0.092089
0.05678,0.18339,0.080736,0.064897,0.071612,0.060738,0.065633,0.12624,0.15433,0.13564
0.042773,0.0063671,0.013686,0.040658,0.15737,0.35782,0.19993,0.087514,0.026712,0.067173
