0.065154,0.042905,0.024709,0.37905,0.22383,0.099384,0.059567,0.032357,0.018593,0.054454
0.19363,0.089841,0.070391,0.15922,0.15465,0.10546,0.065352,0.10958,0.034926,0.016946
0.13376,0.10998,0.041914,0.043611,0.15079,0.27883,0.050001,0.079773,0.081681,0.029663
0.091946,0.052419,0.1446,0.21195,0.13459,0.12911,0.13306,0.035572,0.041317,0.025427
0.018472,0.066165,0.092835,0.47073,0.10968,0.077886,0.023143,0.026287,0.10796,0.006844
0.19741,0.1798,0.060674,0.11838,0.07546,0.13623,0.14869,0.054093,0.009762,0.019494
0.071592,0.12728,0.087835,0.094879,0.13393,0.078995,0.13412,0.15808,0.081037,0.032251
0.12573,0.099821,0.10794,0.1118,0.05213,0.21222,0.12664,0.10822,0.032686,0.022805
0.14448,0.057635,0.11079,0.079114,0.090324,0.18763,0.13863,0.04495,0.068213,0.078236
0.12534,0.050036,0.0379,0.062944,0.21809,0.18726,0.16919,0.049772,0.065263,0.034214
0.045612,0.063547,0.10904,0.2378,0.23686,0.18087,0.068453,0.018153,0.020761,0.018909
0.021487,0.027679,0.043181,0.13953,0.30995,0.19644,0.13298,0.041583,0.054286,0.032892
0.024126,0.016896,0.043197,0.054373,0.078262,0.37218,0.16428,0.092495,0.087731,0.066465
0.19206,0.12139,0.10038,0.094632,0.059005,0.038893,0.042665,0.1425,0.10498,0.1035
0.023136,0.012961,0.049881,0.062864,0.076564,0.10612,0.18796,0.18792,0.094609,0.19798
0.010659,0.055802,0.017493,0.017711,0.043335,0.053541,0.11134,0.38821,0.17389,0.12802
0.002513,0.019958,0.040631,0.035236,0.041411,0.026869,0.054072,0.14864,0.35283,0.27785
0.051755,0.052197,0.053505,0.10426,0.12728,0.048843,0.035749,0.071654,0.23027,0.22449
0.044794,0.058814,0.064304,0.016002,0.024446,0.015856,0.063697,0.15936,0.25365,0.29908
0.43258,0.034679,0.03183,0.062833,0.14185,0.076245,0.086779,0.038463,0.029296,0.065444
0.28921,0.15628,0.31192,0.03037,0.031484,0.028281,0.0039871,0.015742,0.054317,0.078407
0.10378,0.052142,0.076044,0.21697,0.03978,0.10491,0.043323,0.06766,0.1303,0.16508
0.073988,0.13409,0.086325,0.078637,0.050799,0.22638,0.28281,0.020239,0.030801,0.015928
0.0014345,0.070357,0.2382,0.14073,0.18247,0.13447,0.047263,0.067071,0.076895,0.041115
0.1102,0.16354,0.21975,0.25387,0.122,0.020144,0.003661,0.0062733,0.012568,0.08799
0.0032796,0,0.0055939,0.23128,0.24684,0.056078,0.041483,0.09105,0.24105,0.083351
0.0043559,0.074069,0.035351,0.013173,0.1187,0.10495,0.045394,0.18074,0.29555,0.12772
0.30494,0.3466,0.03065,0.092825,0.065681,0.035518,0.0096823,0.012526,0.026868,0.074701
0.37425,0.41848,0.065087,0.057931,0.051954,0.023932,0.0083643,0,0,0
0.0097565,0.48479,0.045721,0.091645,0.14151,0.1316,0.033001,0.026379,0.020192,0.015408
0.15598,0.30503,0.049585,0.045505,0.13587,0.19795,0.06594,0.022767,0.02138,0
0.032884,0.11803,0.0911,0.07309,0.05039,0.24189,0.29847,0.047859,0.007628,0.038665
0.18018,0.089433,0.12734,0.0061002,0.090736,0.050481,0.18337,0.051997,0.093064,0.12729
0.015637,0.0042022,0.65611,0.10636,0.040078,0.016686,0.094054,0.019342,0.02391,0.023629
0.0017033,0.0041585,0.028339,0.048719,0.21906,0.37545,0.20946,0.045322,0.018986,0.048797
0.66152,0.29277,0.029816,0.0094181,0.0024904,0.0033291,0,0,0.00065116,0
0.0002068,0,0.010891,0.06962,0.81809,0.0017924,0.0064223,0,0.08245,0.010532
0.0012732,0.016192,0.2706,0.58405,0.093794,0.013509,0.0087054,0.001599,0.0014709,0.0088131
0,0,0.018466,0.94012,0.03882,0,0,0,0.0025935,0
0.017322,0.30038,0.37617,0.2608,0.036814,0.0085146,0,0,0,0
0.90795,0.071922,0.0079135,0.0040992,0.00045193,0,0.0055035,0,0.0021606,0
0,0.0084279,0.61135,0.32113,0.02461,0.0088508,0.0039805,0.0034778,0.012885,0.0052842
0.0093662,0.12626,0.012775,0.00408,0.0021037,0.090917,0.72561,0.012115,0.016779,0
0,0.54291,0.25799,0.033357,0.027088,0.012351,0.0052586,0.087478,0.027616,0.0059571
0.49018,0.29911,0.12815,0.01727,0.0048047,0.060486,0,0,0,0
0.0031799,0,0.0025679,0.0050945,0.0039456,0.38436,0.59222,0.0086373,0,0
0.013478,0.60417,0.3139,0.014192,0,0.0013848,0.0032521,0.023365,0.026255,0
0.026416,0.037268,0.15601,0.14253,0.043174,0.0060336,0.10517,0.14444,0.2091,0.12986
0.33516,0.063944,0.0689,0.0061319,0.010645,0.011791,0.012097,0.45629,0.031487,0.0035512
0.60079,0.081615,0.046202,0.069918,0.054351,0.018276,0.0097537,0.090447,0,0.028651
0.001516,0,0.013362,0.048809,0.0026399,0.086286,0.01365,0.0021444,0.33701,0.49458
0,0.050533,0.11614,0.081272,0.018292,0.050963,0.054428,0.14242,0.3833,0.10265
0.20505,0.080787,0.034417,0.14281,0.07419,0.18508,0.15552,0.031608,0.060701,0.029838
0.31352,0.10781,0.11495,0.022489,0.047807,0.044881,0.064415,0.10543,0.067086,0.11161
0.099375,0.036609,0.028655,0.0053834,0.022344,0.13935,0.08406,0.15272,0.30071,0.13079
0.038437,0.044589,0.070495,0.094198,0.15586,0.055094,0.037315,0.053211,0.11439,0.33641
0.081372,0.12807,0.17016,0.23331,0.15799,0.11167,0.051085,0.014852,0.031539,0.019967
0.073791,0.053608,0.051315,0.034815,0.11485,0.083742,0.22926,0.078667,0.12787,0.15208
0.13673,0.17068,0.13617,0.048219,0.04955,0.038699,0.02425,0.073704,0.11017,0.21183
0.19591,0.20783,0.04877,0.22292,0.04343,0.056474,0.046651,0.060843,0.10738,0.0097822
0.00076504,0.0073595,0.018422,0.14314,0.38192,0.29889,0.082754,0.037445,0.024302,0.0050028
0.48787,0.071923,0.07042,0.091542,0.0847,0.17463,0.012565,0.0028691,0.0013081,0.002176
0.0067764,0.027192,0.026132,0.014062,0.15875,0.36963,0.28242,0.069821,0.023328,0.021889
0.027284,0.043535,0.12314,0.24445,0.18519,0.15309,0.21795,0,0.0024315,0.0029324
0.01027,0.00093702,0.0085975,0.0021444,0.022172,0.040507,0.06128,0.39522,0.42933,0.02955
0,0.0010105,0.0078096,0.026746,0.12142,0.3011,0.26183,0.13097,0.05674,0.092373
0.55704,0.074628,0.062823,0.04197,0.046215,0.17455,0.035033,0.0065027,0.00064386,0.0005911
0.014019,0.058888,0.085253,0.049623,0.28591,0.1914,0.092886,0.083638,0.10331,0.035076
0.00022455,0.042097,0.039411,0.28609,0.10074,0.074084,0.15694,0.16212,0.10971,0.028578
0,0,0,0.0015963,0.013758,0.0011253,0.034097,0.10732,0.27896,0.56314
0.28021,0.4457,0.045683,0.055631,0.036009,0.017335,0.0043701,0.039422,0.017791,0.057841
0.013965,0.095313,0.34444,0.14781,0.20992,0.11434,0.045884,0.020726,0.0076023,0
0,0,0.0010453,0.019831,0.53551,0.39009,0.046498,0.0024126,0,0.0046132
0,0.00082171,0.0021393,0.0036379,0.085632,0.22512,0.18606,0.2708,0.17361,0.052181
0.0059217,0.0025773,0.0055178,0.011506,0.18655,0.11287,0.1451,0.35628,0.13879,0.034882
0.0073141,0.063451,0,0.014316,0.052833,0.043811,0.07785,0.18305,0.18483,0.37254
0.0062006,0.0034255,0.0071518,0.09151,0.17437,0.24523,0.13441,0.18547,0.031369,0.12087
0.019822,0.025004,0.15787,0.14662,0.14514,0.12897,0.053008,0.13524,0.074568,0.11376
0.042206,0.049687,0.091048,0.10772,0.15738,0.10719,0.077793,0.075002,0.15752,0.13445
0.024075,0.038123,0.074757,0.091805,0.19996,0.24541,0.12397,0.10218,0.046366,0.053363
0.013716,0.019638,0.099989,0.082447,0.16601,0.22445,0.14004,0.12474,0.037107,0.091859
0.058304,0.03036,0.040346,0.24978,0.23233,0.17729,0.077558,0.020781,0.061688,0.051556
0.048225,0.11244,0.11334,0.34752,0.097721,0.13255,0.11499,0.021387,0.00064803,0.011187
