0.038578,0.061479,0.16123,0.21727,0.22167,0.1641,0.030903,0.012265,0.038193,0.054311
0.14765,0.1732,0.22049,0.10846,0.22552,0.074922,0.03311,0.0053016,0.00094605,0.010411
0.040006,0.0472,0.089323,0.20874,0.29727,0.14488,0.13272,0.022923,0.012568,0.0043804
0.006432,0.0079295,0.031204,0.2505,0.48063,0.12379,0.028787,0.027253,0.033841,0.0096335
0.024874,0.012288,0.0095393,0.03915,0.14684,0.42879,0.20187,0.060704,0.045307,0.030639
0.023788,0.05839,0.02943,0.029013,0.053055,0.12265,0.051631,0.073969,0.12656,0.43152
0.021123,0.058116,0.046133,0.080976,0.16285,0.15394,0.29017,0.11669,0.045714,0.024293
0.04388,0.053206,0.14721,0.62468,0.10644,0.019327,0.0032136,0.0015055,0.00054161,0
0.38048,0.58725,0.016009,0.0026448,0.010141,0,0,0,0.0002216,0.0032479
0.30424,0.67648,0.013904,0.0028103,0.0017237,0,0,0,0,0.00083867
0,0.01554,0.91058,0.062529,0.0050283,0.0021018,0.0042205,0,0,0
0,0.00090288,0.0024564,0.0041846,0.013807,0.07268,0.32798,0.091399,0.26075,0.22583
0.01183,0.011834,0.045295,0.022786,0.13476,0.23119,0.26189,0.097882,0.057641,0.12489
0.055479,0.064698,0.22664,0.28269,0.073505,0.057825,0.10104,0.072461,0.013451,0.052209
0.024833,0.037615,0.043682,0.054222,0.14062,0.080947,0.063248,0.16591,0.27231,0.11661
0.042438,0.016805,0.049674,0.066845,0.1129,0.076218,0.1309,0.27971,0.11823,0.10628
0.19455,0.10651,0.15219,0.063836,0.079663,0.053904,0.17845,0.10742,0.04269,0.020805
0.17025,0.15358,0.12798,0.10539,0.053005,0.11157,0.14781,0.07083,0.04639,0.01319
0.031438,0.040422,0.10724,0.13855,0.11981,0.13573,0.085119,0.12946,0.13739,0.074844
0.022175,0.044876,0.076329,0.10961,0.22703,0.25783,0.072722,0.070538,0.062337,0.056557
0.022676,0.025061,0.021423,0.044044,0.23516,0.19457,0.3218,0.091647,0.028751,0.014866
0.028299,0.025097,0.013322,0.13071,0.38234,0.14043,0.12446,0.055032,0.06969,0.03062
0.15078,0.21138,0.25128,0.17188,0.096821,0.039883,0.0067763,0.0056611,0.040656,0.024886
0.092633,0.24916,0.15361,0.12174,0.15415,0.13727,0.028342,0.022781,0.0015917,0.038724
0.055761,0.10766,0.10485,0.1055,0.074635,0.07553,0.21472,0.12356,0.077995,0.059791
0.54739,0.17311,0.12721,0.046417,0.069466,0.010974,0.015234,0.0038045,0.0017989,0.0045969
0.64468,0.079011,0.045838,0.034675,0.019244,0.0073811,0.013048,0.037204,0.072125,0.046792
0.17523,0.047098,0.016346,0.035935,0.012778,0.038346,0.06156,0.16066,0.23878,0.21327
0.45639,0.059368,0.013781,0.077074,0.040619,0.022843,0.067297,0.017231,0.14437,0.10103
0.23064,0.15722,0.078893,0.084876,0.099967,0.071085,0.047393,0.04604,0.099402,0.084487
0.14578,0.071694,0.074749,0.15878,0.20883,0.1313,0.04831,0.045101,0.088303,0.027165
0.23955,0.21632,0.061668,0.075537,0.046789,0.15078,0.074168,0.026592,0.020479,0.08812
0.4367,0.15396,0.14653,0.038491,0.03338,0.025583,0.069454,0.038601,0.0099243,0.047373
0.033145,0.03686,0.054507,0.10294,0.12662,0.093384,0.16091,0.15065,0.083705,0.15728
0.0048694,0.0094685,0.0095804,0.027544,0.052555,0.058483,0.36443,0.28341,0.11213,0.077529
0.0024992,0.005756,0.039008,0.036916,0.1351,0.21458,0.17196,0.040811,0.27327,0.080096
0.74272,0.051126,0.04934,0.019141,0.0082335,0.0097924,0.002767,0.090152,0.024454,0.0022693
0.63893,0.048602,0.023025,0.015027,0.099378,0.067206,0.031197,0.011023,0.022759,0.042851
0.052134,0.16692,0.56897,0.074134,0.08972,0.039634,0.0066795,0,2.1988e-05,0.0017905
0.0034417,0,0.0030476,0.033621,0.15517,0.26904,0.45232,0.083355,0,0
0.85599,0.092203,0.023058,0.0058588,0.015386,0.0028498,0,0.0017782,0.0028808,0
0.2084,0.13035,0.0075085,0.030261,0.059272,0.030517,0.038196,0.080232,0.25699,0.15828
0,0,0.010304,0.014281,0.045403,0.14618,0.58526,0.088209,0.072173,0.038196
0.0058458,0.0070876,0.017111,0.56441,0.20776,0.043236,0.015098,0.016148,0.040475,0.082828
0.0074506,0.0091896,0.0062161,0.038096,0.071523,0.2815,0.26976,0.13242,0.10725,0.076607
0.018905,0.030909,0.037988,0.6432,0.050206,0.043734,0.017385,0.018132,0.1102,0.029335
0,0,0.0027606,0.092665,0.68954,0.11317,0.086421,0.0084996,0.0044216,0.0025175
0.314,0.37694,0.059926,0.036931,0.064535,0.022832,0.013035,0.019636,0.084908,0.0072531
0.18589,0.093368,0.16132,0.12232,0.0024595,0.0098416,0.2525,0.10437,0.018033,0.049891
0.10855,0.074701,0.048747,0.0058733,0.03393,0.11597,0.54807,0.026184,0.02076,0.017213
0.004202,0.0060833,0.11885,0.013545,0.051559,0.13219,0.30304,0.21526,0.10245,0.052823
0.01235,0.0048124,0.022864,0.019636,0.01997,0.064686,0.27019,0.4893,0.05423,0.041956
0.011469,0.022027,0.034216,0.027621,0.11079,0.16087,0.17907,0.1168,0.22849,0.10864
0.078329,0.15018,0.11823,0.14884,0.082242,0.10224,0.064469,0.0604,0.15793,0.037135
0.189,0.046469,0.10701,0.089427,0.03855,0.081855,0.10274,0.078402,0.084182,0.18236
0.18088,0.10638,0.044265,0.11259,0.17049,0.059387,0.081345,0.070884,0.11448,0.059304
0.17424,0.13551,0.12953,0.099981,0.082714,0.10219,0.16563,0.040203,0.043342,0.026665
0.038951,0.077821,0.079408,0.017477,0.065103,0.11087,0.12197,0.25316,0.091488,0.14376
0.077218,0.09246,0.13661,0.12968,0.31718,0.094676,0.090097,0.015649,0.01024,0.036191
0.00078239,0.024399,0.0047422,0.0044887,0.035657,0.077094,0.133,0.32367,0.18472,0.21144
0,0.010833,0.013708,0.0095641,0.10255,0.071552,0.38069,0.12105,0.064693,0.22535
0.45833,0.36829,0.075738,0.034336,0.05005,0.0093028,0.0032436,0.00067465,3.7942e-05,0
0,0.0076838,0.0066445,0.002946,0.019216,0.080265,0.43558,0.20244,0.22437,0.02086
0.081577,0.022246,0.13282,0.13562,0.09032,0.086059,0.15035,0.19562,0.012932,0.092472
0.01121,0.0021478,0.0025097,0.0053477,0.002229,0.009948,0.024026,0.037024,0.37425,0.53131
0.029211,0.048358,0.04117,0.039427,0.058536,0.19218,0.33304,0.08837,0.06905,0.10066
0.095755,0.04518,0.032618,0.014843,0.045676,0.075233,0.094526,0.084324,0.26607,0.24577
0.0040259,0,0,0.00023857,0.00013234,0.0093259,0.020152,0.016847,0.18869,0.76059
0.022897,0.0039524,0.0030179,0.0037514,0.0004625,0.03964,0.030935,0.20364,0.25721,0.4345
0.034578,0.015922,0.048018,0.07883,0.22944,0.17184,0.12515,0.091929,0.17764,0.026649
0.66243,0.021035,0.033239,0.1047,0.052433,0.099616,0.015587,0.0082619,0.0016821,0.001017
0.13721,0.18253,0.085466,0.021336,0.025162,0.02743,0.034611,0.26736,0.17761,0.041282
0.38062,0.30075,0.037454,0.055527,0.020377,0.025693,0.021934,0.046634,0.094995,0.016015
0.30107,0.0892,0.020464,0.0083164,0.068163,0.081344,0.30491,0.04108,0.067184,0.01827
0.021391,0.029267,0.015178,0.045629,0.053691,0.16006,0.19734,0.20361,0.17018,0.10366
0.13253,0.16393,0.47021,0.046159,0.085508,0.060357,0.029784,0.0074842,0.0040394,0
0.047475,0.04409,0.14589,0.442,0.17878,0.10304,0.0085928,0.01786,0.012274,0
0.0016672,0.069088,0.31417,0.43333,0.064769,0.049543,0.0049241,0.0078981,0.0059163,0.0487
0.12572,0.090185,0.2912,0.23331,0.12381,0.05702,0.0047624,0.037204,0.031827,0.0049613
