0.17602,0.4009,0.15895,0.11511,0.11299,0.019701,0.0082997,0,0,0.0080315
0.058376,0.016738,0.032314,0.1463,0.17429,0.32221,0.15833,0.048509,0.037131,0.0058061
0.017421,0.01252,0.022773,0.060526,0.12042,0.17676,0.2151,0.19201,0.083461,0.099019
0.14599,0.18982,0.16411,0.14167,0.11024,0.16135,0.024464,0.017603,0.029187,0.01557
0.33765,0.62483,0.010594,0.01845,0.0018083,0.0030852,0.0031053,0,0,0.00047598
0.0043248,0,0.0057915,0.035763,0.11024,0.34247,0.040128,0.085342,0.10165,0.2743
0.020043,0.052562,0.060051,0.074106,0.11627,0.081409,0.11703,0.15606,0.1409,0.18157
0.034061,0.044846,0.073125,0.073151,0.11337,0.095372,0.057583,0.12152,0.23311,0.15387
0.13169,0.042262,0.067989,0.052732,0.10455,0.11608,0.24952,0.13051,0.063327,0.041346
0.064636,0.13259,0.08382,0.055581,0.09244,0.12993,0.17309,0.096642,0.095426,0.075844
0.033594,0.045142,0.031916,0.053442,0.33475,0.20148,0.23867,0.028881,0.015532,0.016585
0.16618,0.096423,0.16285,0.14729,0.17598,0.093046,0.069508,0.035138,0.024601,0.028976
0.392,0.10304,0.088277,0.04097,0.072921,0.050654,0.11358,0.043695,0.057361,0.037497
0.36237,0.052758,0.044945,0.01204,0.018538,0.033464,0.044952,0.10184,0.096539,0.23255
0.21349,0.15701,0.11952,0.076651,0.10318,0.13192,0.08101,0.0435,0.053408,0.020304
0.22418,0.11524,0.060632,0.093959,0.11764,0.25154,0.046693,0.0076049,0.021446,0.061064
0.10359,0.037297,0.054217,0.086168,0.062717,0.11717,0.18522,0.067387,0.094948,0.19129
0,0.0062414,0.001515,0.043685,0.0604,0.039656,0.18274,0.32727,0.18358,0.1549
0.62028,0.071503,0.039678,0.010193,0.023559,0.011467,0.005587,0.040471,0.01513,0.16213
0.012592,0.0022496,0.036734,0.18088,0.4814,0.22553,0.01037,0.030457,0,0.019783
0.48483,0.26876,0.041657,0.039705,0.065058,0.077752,0.010731,0.00011929,0.0067028,0.0046802
0,0,0.015128,0.0050639,0.27341,0.51942,0.037219,0.032093,0.071785,0.045889
0.012221,0.022416,0.1058,0.50864,0.050332,0.03719,0.055532,0.032266,0.1289,0.046706
0.08947,0.049374,0.10567,0.3696,0.053051,0.062704,0.21793,0.0066699,0.002191,0.043348
0.11214,0.046464,0.1049,0.12792,0.084416,0.037677,0.12762,0.1008,0.21476,0.043314
0.016503,0.011815,0.0062038,0.013877,0.025187,0.20238,0.12147,0.13033,0.25219,0.22004
0.14791,0.16981,0.078914,0.076624,0.11105,0.040057,0.037796,0.097384,0.070824,0.16964
0.1568,0.039168,0.036431,0.08585,0.11417,0.10362,0.049055,0.063007,0.10789,0.24401
0.16573,0.11179,0.061642,0.066418,0.098051,0.077716,0.13442,0.14445,0.083947,0.055835
0.047507,0.016747,0.011122,0.0332,0.09917,0.19351,0.072242,0.04172,0.25136,0.23342
0.0065663,0.036403,0.038953,0.088559,0.082989,0.4557,0.15962,0.069199,0.031964,0.030049
0,0.0059157,0,0.0065062,0.023535,0.18811,0.18901,0.18104,0.15279,0.25308
0.011812,0.0060733,0.014282,0.0035817,0.0021627,0.012462,0.030044,0.039373,0.33957,0.54064
0.019958,0.0052341,0.0015257,0.0038691,0.0020887,0.030306,0.050571,0.08153,0.38067,0.42425
0.003,0.0020076,0.0089495,0.012769,0.05464,0.26492,0.17916,0.095012,0.16513,0.21442
0.57904,0.10021,0.0096976,0.014741,0.013648,0.029941,0.0733,0.048756,0.11777,0.012893
0.49604,0.075778,0.017945,0.0072456,0.029811,0.020291,0.066332,0.20524,0.052987,0.028332
0.11368,0.096976,0.34873,0.13439,0.061534,0.13913,0.090221,0.0080171,0.0059246,0.0014004
0.289,0.18631,0.18517,0.28244,0.027167,0.010229,0.0030216,0.0014816,0.0074932,0.0076894
