0.022249,0.018676,0.01025,0,0.021027,0.052372,0.073915,0.1542,0.16527,0.48204
0.69677,0.1519,0.045429,0.0037161,0.019259,0.011752,0.018843,0.024977,0.019135,0.0082178
0.92508,0.017465,0.011748,0.0067657,0.0016473,0,0.0002778,0,0.030948,0.0060683
0.028236,0.038424,0.087492,0.1817,0.24375,0.076706,0.11177,0.064233,0.087919,0.079764
0.098781,0.15353,0.20725,0.095093,0.065009,0.154,0.11286,0.065648,0.025296,0.022536
0.29412,0.086475,0.096329,0.17056,0.061179,0.067482,0.011824,0.1,0.056342,0.05569
0.076083,0.63186,0.048353,0.034939,0.019222,0.005047,0.0027359,0.020256,0.064041,0.097466
0.018775,0.0082489,0.008871,0.02433,0.15715,0.15238,0.10348,0.13701,0.068586,0.32117
0.05336,0.024853,0.007328,0.016708,0.046435,0.050795,0.096606,0.087517,0.2874,0.329
0.09661,0.036989,0.018985,0.054848,0.089805,0.27167,0.062939,0.05548,0.16851,0.14416
0.02223,0.14478,0.10532,0.052238,0.17735,0.14625,0.055308,0.019962,0.092366,0.18419
0.004756,0.012842,0.0058762,0.089464,0.0090798,0.037894,0.11137,0.3701,0.25285,0.10577
0.72472,0.12983,0.045117,0.02673,0.014272,0.046504,0.001983,0.0088393,0.0020029,0
0.15194,0.076018,0.042238,0.20249,0.089716,0.22342,0.10475,0.022641,0.04034,0.04644
0.043571,0.17019,0.35494,0.14978,0.091514,0.14406,0.0034228,0.00053832,0,0.041986
0.05812,0.061434,0.062996,0.046175,0.10609,0.1583,0.1389,0.12684,0.14386,0.097286
0.10388,0.057908,0.0096893,0.020926,0.16843,0.13227,0.098451,0.12034,0.12096,0.16714
0.031496,0.069219,0.034287,0.078176,0.14737,0.20937,0.15216,0.082589,0.13427,0.061067
0.09837,0.055401,0.062234,0.11473,0.11375,0.067185,0.13734,0.1729,0.087564,0.090516
