0.012071,0.011551,0.0042529,0.0016019,0.0030919,0.022416,0.057177,0.16033,0.23789,0.48962
0.017613,0.023444,0.11367,0.060511,0.022906,0.044851,0.078214,0.12368,0.080013,0.43511
0.33389,0.10594,0.21087,0.024285,0.063746,0.05697,0.0079097,0.093744,0.068555,0.034088
0.31795,0.56166,0.084413,0.023855,0.0041727,0.0012576,0.0041233,0.0017268,0.00083408,0
0.53666,0.36563,0.02861,0.019734,0.0040641,0.00095017,0.00049527,0,0.00060864,0.043249
0.94065,0.033702,0.0028235,0.0064486,0.012966,0,0,0.00093326,0,0.0024773
0.16037,0.18201,0.30085,0.25616,0.061488,0.017501,0.0043109,0.00091106,0.0086219,0.0077748
0.060978,0.052641,0.056042,0.17248,0.20662,0.09112,0.13918,0.018867,0.1159,0.08617
0.064155,0.084153,0.12164,0.21655,0.16152,0.082613,0.14253,0.1148,0.0052316,0.0068066
0.067839,0.34359,0.16016,0.11666,0.092095,0.087828,0.054558,0.033372,0.012375,0.031529
0.3124,0.29802,0.053667,0.084661,0.031632,0.067091,0.02362,0.06379,0.0078748,0.057244
0.000415,0.018028,0.050965,0.24557,0.22742,0.14435,0.059312,0.019405,0.066149,0.16838
0.024011,0.065074,0.51623,0.14221,0.015408,0.0444,0.012902,0.020229,0.0869,0.072633
0.32566,0.4182,0.051852,0.074855,0.030001,0.013475,0.023567,0.01446,0.0036706,0.044267
0.11071,0.2123,0.36712,0.16413,0.082317,0.0045435,0.0024775,0.019871,0.0057898,0.030749
0,0.0018212,0,0.019848,0.032453,0.057248,0.069064,0.076265,0.37341,0.36989
0.012539,0.0096428,0.023693,0.016209,0.25082,0.052282,0.091328,0.063558,0.27998,0.19995
0.092234,0.0052774,0.013697,0.0030106,0.048585,0.1061,0.10294,0.43801,0.16475,0.025407
0.12603,0.14865,0.27737,0.096182,0.084532,0.12624,0.090071,0.025547,0.016866,0.0085085
0.066469,0.040275,0.033533,0.016925,0.047937,0.13099,0.044584,0.30112,0.20288,0.11529
0,0,0,0,0.19125,0.099701,0.057926,0.1332,0.26294,0.25498
0.58732,0.21699,0.059718,0.016142,0.039845,0.026448,0.006664,0,0.022869,0.024001
0.015328,0.04339,0.066657,0.023242,0.093392,0.13194,0.037473,0.07893,0.28,0.22965
0,0,0,0.0052936,0.0044356,0.040705,0.058683,0.65816,0.15049,0.08223
0.56265,0.11554,0.077826,0.043162,0.042782,0.1028,0.021259,0.00086922,0.0089963,0.024115
0.83474,0.10863,0.024559,0.028416,0.0036586,0,0,0,0,0
0.4264,0.13461,0.045777,0.13682,0.056808,0.11733,0.035051,0.0088986,0.020492,0.017809
0.076921,0.0066394,0.0030653,0.021464,0.026512,0.010697,0.19415,0.12492,0.037374,0.49826
0.11097,0.055964,0.018341,0.0097954,0.25031,0.34321,0.039286,0.019065,0.050946,0.10211
0.1254,0.048663,0.23986,0.11563,0.093431,0.18417,0.15842,0.0011177,0.0057317,0.027571
0.073237,0.020148,0.067606,0.36505,0.17891,0.23559,0.013238,0.0043002,0.033394,0.0085314
0.041311,0.04276,0.037917,0.0099761,0.043925,0.13152,0.068806,0.17124,0.3054,0.14715
0.16552,0.073401,0.083623,0.078292,0.12211,0.24209,0.075432,0.028264,0.057085,0.074191
0.070747,0.031982,0.0070103,0.040147,0.21955,0.2352,0.059056,0.07002,0.10478,0.1615
0.033927,0.060466,0.04908,0.103,0.18517,0.22667,0.12715,0.089192,0.062152,0.063202
0.036585,0.0405,0.026513,0.031967,0.050316,0.10334,0.37287,0.27597,0.050109,0.011828
0.015227,0.043613,0.031744,0.012115,0.031766,0.016487,0.013987,0.07498,0.18155,0.57853
0.093941,0.029432,0.12924,0.12649,0.066674,0.16188,0.12641,0.11295,0.11122,0.041763
0.018929,0.039445,0.12029,0.10663,0.19856,0.16549,0.13931,0.087271,0.063574,0.060504
