0.026464,0.26374,0.65517,0.010582,0.025127,0,0,0.0061208,0.011371,0.0014232
0.0068083,0.044438,0.2756,0.33026,0.046593,0.056986,0.096812,0.041567,0.079549,0.021385
0.032074,0.019175,0.029176,0.02982,0.56017,0.044973,0.064032,0.065079,0.10737,0.04814
0.072804,0.053911,0.063351,0.11866,0.086775,0.1177,0.092021,0.093928,0.10576,0.19509
0.36613,0.53889,0.039148,0.018224,0.0072599,0.0046795,0.0072779,0.013096,0.0052925,0
0,0.041186,0.036923,0.58966,0.1704,0.014425,0.017897,0.055399,0.051071,0.023039
0.04815,0.070313,0.70654,0.039454,0.068034,0.02305,0.0045299,0.002109,0.020976,0.016849
0.021943,0.020155,0.20412,0.37489,0.16828,0.056254,0.0097697,0.040812,0.089409,0.014367
0.50238,0.302,0.040529,0.0227,0.075873,0.011188,0.028872,0.016458,0,0
0.22718,0.68538,0.026598,0.021095,0.0049476,0.0071629,0,0,0,0.027636
0.0080607,0.36277,0.28575,0.30959,0.016957,0.0079228,0,0.00071678,0.0082357,0
0.0055027,0,0,0.0015217,0.0077734,0.90037,0.037959,0.043679,0.0031959,0
0.0036401,0.015485,0.59036,0.31885,0.035045,0.011652,0.0023583,0.0019089,0.0016094,0.019091
0.0085651,0.020251,0.045556,0.034425,0.021066,0.023968,0.03216,0.035405,0.29018,0.48842
0.13277,0.27857,0.056284,0.091576,0.040887,0.028109,0.018973,0.11666,0.14895,0.087215
0.0056086,0.022798,0.31659,0.14563,0.057669,0.12438,0.082588,0.053544,0.10198,0.08921
0.10349,0.51652,0.23103,0.087139,0.017322,0.0032312,0.02071,0.0011782,0.013566,0.0058154
0.011132,0.02792,0.1786,0.22434,0.11359,0.091323,0.093839,0.063368,0.10428,0.091611
0.044436,0.019721,0.16226,0.11904,0.16249,0.13287,0.13933,0.057265,0.071167,0.091416
