0.011012,0.011488,0.027301,0.042153,0.25736,0.32228,0.13606,0.10929,0.054331,0.028729
0.0092562,0.045017,0.23663,0.28895,0.11511,0.10229,0.1233,0.05186,0.013772,0.013818
0.039937,0.051521,0.12483,0.15237,0.10075,0.18031,0.1538,0.1218,0.032,0.04268
0.018634,0.020184,0.04509,0.063367,0.13799,0.32995,0.29141,0.068971,0.0085867,0.015814
0.0093161,0.030105,0.13197,0.36472,0.22476,0.13698,0.028234,0.035248,0.011607,0.027058
0.14188,0.1537,0.04885,0.051783,0.32444,0.15499,0.0010436,0.071256,0.033039,0.019018
0.078724,0.08215,0.13241,0.24758,0.035509,0.046971,0.10424,0.068449,0.16975,0.034213
0.041557,0.088622,0.21477,0.30637,0.086019,0.12894,0.025305,0.02021,0.045434,0.042778
0.013116,0.0365,0.081574,0.1151,0.090683,0.051268,0.034627,0.20726,0.19914,0.17073
0.040033,0.047028,0.04892,0.046803,0.038472,0.045504,0.088214,0.20634,0.25416,0.18453
0.21648,0.19892,0.23686,0.044678,0.087699,0.048435,0.05725,0.021692,0.038316,0.049665
0.15338,0.31683,0.2963,0.018037,0.0096091,0.049823,0.042468,0.02858,0.034709,0.050265
0.73731,0.14775,0.014487,0.025883,0.013131,0.0069412,0.00050861,0.0084784,0.020987,0.024526
0,0,0.020522,0.032749,0.17204,0.29808,0.23443,0.036319,0.15015,0.055717
0.096933,0.65395,0.13979,0.013676,0.011694,0.0072293,0.02746,0.042027,0.00080379,0.0064411
0.056935,0.84858,0.030878,0.011978,0.014327,0.0068548,0.001032,0.027566,0,0.0018483
0.0074622,0.013905,0.0049922,0.019844,0.042,0.057573,0.077254,0.078267,0.084187,0.61451
0.051633,0.0049904,0,0.033974,0.29903,0.49008,0.014271,0.035329,0.052984,0.017708
0.016359,0.032818,0.013431,0.018031,0.0050681,0.050759,0.051094,0.11743,0.53061,0.1644
0.0019626,0.017279,0,0.0024742,0.0022481,0.049491,0.36133,0.24239,0.097988,0.22484
0.00094867,0,0.028554,0.023027,0.035898,0.26561,0.2398,0.226,0.17529,0.0048747
0.077108,0.54168,0.23967,0.061043,0.078646,0,0,0.0018541,0,0
0.1401,0.21129,0.06607,0.12402,0.21136,0.11211,0.028596,0.084304,0.022141,0
0.12103,0.043522,0.11577,0.038542,0.24887,0.25517,0.15419,0.022914,0,0
0.004575,0.024331,0.037872,0.050541,0.014736,0.21192,0.10724,0.087257,0.1812,0.28033
0.0026015,0.0047826,0.13492,0.22812,0.14168,0.096428,0.049779,0.086339,0.14779,0.10757
0.00072389,0.0024177,0.0054535,0.02138,0.19319,0.27313,0.41217,0.036367,0.03874,0.01643
0.073669,0.5231,0.25271,0.020349,0.0071306,0.01525,0.049077,0.018295,0.011571,0.028853
0.42687,0.046413,0.032003,0.01164,0.038806,0.15179,0.093016,0.083366,0.024416,0.091687
0.008877,0.00048017,0.00017494,0.0001803,0.22042,0.36549,0.21616,0.072653,0.064108,0.05146
0.2979,0.045419,0.035316,0.14534,0.094323,0.026622,0.20504,0.11565,0.020811,0.01357
0.017677,0.0010487,0.0013082,0.0066251,0.0057988,0.031958,0.1533,0.24724,0.4588,0.076248
0.12,0.26886,0.023402,0.033112,0.031907,0.10669,0.22698,0.042271,0.044775,0.102
0.030897,0.080846,0.50252,0.14744,0.063342,0.097152,0.032335,0.010094,0.01184,0.023534
0.19119,0.54506,0.030914,0.048034,0.048411,0.039909,0.030358,0.021595,0.039134,0.005398
