0.11221,0.094597,0.036631,0.09674,0.18206,0.14651,0.10629,0.085393,0.036276,0.1033
0.10203,0.036884,0.092678,0.075609,0.067391,0.025838,0.0051514,0.081821,0.26695,0.24564
0.10164,0.30402,0.025437,0.0067432,0.00306,0.058768,0.016938,0.028921,0.034816,0.41966
0.0042285,0.016435,0.075559,0.027191,0.049443,0.0088744,0.091954,0.10357,0.42813,0.19461
0.01086,0.016638,0.067883,0.18312,0.25827,0.1385,0.011621,0.039247,0.20369,0.070171
0,0.0044798,0.011596,0.0027523,0.020313,0.17046,0.40584,0.27359,0.095311,0.015654
0,0.0314,0.049922,0.016385,0.33038,0.087395,0.26364,0.19546,0.021168,0.0042542
0,0,0,0,0.0099395,0.055895,0.21029,0.64245,0.031559,0.04986
0.01201,0.22147,0.15161,0.20131,0.3719,0.038053,0.0036485,0,0,0
0,0.0087454,0.002562,0.31609,0.28349,0.1671,0.059451,0.037668,0.047133,0.077757
0.033369,0.039049,0.0044715,0.010742,0.042444,0.35988,0.32713,0.08098,0.040264,0.06167
0.041857,0.081838,0.10261,0.21166,0.11422,0.14667,0.094753,0.041396,0.11241,0.052577
0.031714,0.033173,0.086294,0.1734,0.20531,0.13292,0.15718,0.021424,0.031694,0.12689
0.065205,0.021168,0.038383,0.076362,0.15948,0.13685,0.29869,0.14553,0.011261,0.047073
0.018112,0.0040195,0.01714,0.078661,0.13158,0.29311,0.17694,0.095184,0.097996,0.087249
0.0014782,0.012389,0.0040199,0.082051,0.17938,0.18395,0.29825,0.13667,0.071314,0.030504
0.030294,0.0089808,0.051161,0.2225,0.11941,0.090058,0.11924,0.21583,0.062035,0.080496
0.072483,0.074052,0.16413,0.2919,0.045213,0.063459,0.050687,0.16287,0.058587,0.016621
0.01975,0.10266,0.18827,0.17244,0.16091,0.075965,0.11847,0.074529,0.051747,0.035249
0.0068052,0.085147,0.35726,0.047657,0.03388,0.11419,0.048702,0.0631,0.18463,0.058631
0.034809,0.051348,0.10872,0.2825,0.12409,0.079271,0.068249,0.1147,0.059283,0.077027
0.0057361,0.020914,0.045105,0.018483,0.073072,0.34895,0.33798,0.086638,0.048266,0.014855
0.0079685,0.022308,0.036435,0.049052,0.061954,0.13264,0.33075,0.19087,0.14764,0.020374
0.011967,0.097659,0.11985,0.10837,0.14367,0.25216,0.16835,0.039016,0.025403,0.033548
0.33366,0.2558,0.052333,0.09754,0.12586,0.06155,0.017649,0.0053314,0.045897,0.0043886
0.043801,0.1427,0.13113,0.13173,0.068555,0.056877,0.14534,0.09099,0.091127,0.097756
0.13503,0.28368,0.1147,0.14158,0.063282,0.067205,0.056993,0.071137,0.052255,0.014143
0.31896,0.20863,0.081879,0.10639,0.1851,0.052547,0.011548,0.006357,0.017919,0.010664
0.040933,0.032417,0.59437,0.2034,0.089645,0.021507,0.0055443,0.0005041,0.0033152,0.0083634
0.035823,0.26936,0.030559,0.04586,0.095546,0.15282,0.052702,0.071842,0.054018,0.19147
0.010797,0.096282,0.058929,0.039106,0.0054089,0.0623,0.12942,0.10622,0.21456,0.27698
0.0058494,0.09573,0.070989,0.048568,0.071833,0.058983,0.037857,0.077227,0.3157,0.21726
0.041847,0.11343,0.010111,0.013041,0.071542,0.052163,0.092583,0.11739,0.088283,0.39962
0.049104,0.10569,0.025341,0.073146,0.12872,0.15299,0.082796,0.10252,0.12195,0.15775
0.0096001,0.0059956,0.021224,0.0086573,0.0075395,0.0074331,0.0076451,0.095303,0.13245,0.70415
0.0088323,0.016147,0,0.017244,0,0.0032273,0.015052,0.01011,0.2085,0.72089
0.42073,0.13015,0.030032,0.29045,0.052114,0.068071,0.0054255,0.0015176,0.0010894,0.00041411
0.94941,0.048588,0.0019985,0,0,0,0,0,0,0
0.010113,0.21482,0.29043,0.37579,0.081631,0.0014095,0.019479,0,0,0.0063364
0.34082,0.22468,0.093268,0.14517,0.06851,0.062005,0.033153,0.012015,0.0059374,0.01444
0.71873,0.06885,0.0067658,0.010514,0.070787,0.042977,0.024899,0.016301,0.031177,0.0089967
0.013,0.014138,0.00042924,0.014083,0.017585,0.017094,0.017344,0.027972,0.7076,0.17076
0.41342,0.26256,0.056773,0.092215,0.064875,0.039671,0.019833,0.050661,0,0
0.068826,0.12406,0.35447,0.066116,0.071677,0.18896,0.07531,0,0.0020391,0.048541
0.20714,0.29424,0.022257,0.016974,0.12718,0.012375,0.070601,0.03117,0.131,0.087068
0.30824,0.10084,0.16542,0.31174,0.0094655,0,0,0,0.00058607,0.1037
0.0034455,0,0.007492,0.016453,0.033836,0.088338,0.35198,0.060581,0.31481,0.12306
0.11936,0.1241,0.017975,0.021016,0.061533,0.33211,0.012876,0.015538,0.065835,0.22965
0.070707,0.083083,0.3862,0.25633,0.087947,0.089292,0.01483,0.0068924,0.0015983,0.0031155
0.023401,0.016359,0.14356,0.20435,0.074781,0.28162,0.2048,0.0089586,0,0.042176
0,0,0.0048604,0.014237,0.011616,0.68173,0.24289,0.035113,0.0034247,0.0061321
0.021058,0.070571,0.039905,0.12493,0.19382,0.13883,0.0012913,0.091928,0.027215,0.29045
0.13545,0,0.031204,0.015666,0.31533,0.37531,0.094563,0.023737,0.0077343,0.0010023
0.19846,0.27476,0.13207,0.062312,0.053553,0.064297,0.029557,0.019701,0.12105,0.04424
0,0,0.0034216,0.0076468,0.14686,0.41233,0.31312,0.013016,0.0078631,0.095737
0.20249,0.31008,0.24752,0.12322,0.027207,0.043426,0.021682,0.014364,0.010016,0
0.0069321,0.034435,0.19353,0.26634,0.11519,0.1083,0.0076424,0.0026068,0.16764,0.09739
0.10636,0.11761,0.24981,0.31933,0.10033,0.096579,0.0072704,0.00089609,0,0.0018083
0.0026297,0.025964,0.027491,0,0.054859,0.06063,0.28519,0.17633,0.24635,0.12056
0.083061,0.21681,0.048342,0.065906,0.26894,0.0133,0.25209,0.02904,0.015339,0.0071792
0,0.010024,0.0064835,0,0.02584,0.011559,0.19052,0.14761,0.13689,0.47107
0.084011,0.11864,0.057988,0.02126,0.018061,0.094611,0.30757,0.14843,0.14077,0.0086634
0.0049344,0.0086448,0,0,0,0.01101,0.21494,0.61006,0.058272,0.092147
0.066229,0.065056,0.022705,0.030313,0.032827,0.026511,0.056102,0.11629,0.489,0.094961
0.055426,0.0026139,0.050659,0.12144,0.024976,0.21587,0.23657,0.25547,0.024633,0.012339
0.00069631,0.0038752,0,0.0031028,0.011611,0.016827,0.15035,0.074669,0.10582,0.63305
0,0.0088687,0.00090457,0,0.040464,0.0037916,0.017203,0.0070472,0.077171,0.84455
0.002793,0.011645,0.11147,0.062782,0.081122,0.50708,0.040451,0.052365,0.078951,0.051335
0.03424,0.047318,0.0066603,0.02293,0.0065275,0.038553,0.044785,0.063989,0.23188,0.50312
0.02759,0.44105,0.23605,0.21543,0.028825,0.013622,0.00035443,0.0025279,0.0067705,0.027784
0.0073582,0.07779,0.008976,0.028938,0.0056035,0.22543,0.017076,0.031971,0.18992,0.40694
0.66743,0.18507,0.035637,0.023265,0.055032,0,0,0.0022203,0.021925,0.0094297
0.00022393,0,0.030462,0.0023613,0.0097313,0.11358,0.037644,0.054317,0.62544,0.12624
0.12511,0.088133,0.014714,0.032638,0.14281,0.06067,0.025558,0.022784,0.11411,0.37347
0.038353,0.1397,0.091282,0.058611,0.054524,0.074626,0.071398,0.17004,0.23232,0.069147
4.587e-05,0.025752,0.0042834,0.013004,0.025975,0.073909,0.053042,0.081256,0.51642,0.20632
0.38968,0.24935,0.087617,0.04447,0.14976,0.014985,0.0005566,0.024665,0.0013187,0.037608
0,0.0097298,0.10126,0.0097231,0.0074901,0.40024,0.038108,0.016066,0.086494,0.33089
0.0093885,0.0016197,0,0.017974,0.12701,0.14804,0.24296,0.092624,0.25773,0.10265
0.012449,0.16929,0.045817,0.031475,0.24982,0.12451,0.10931,0.16021,0.09152,0.0055988
0.0084981,0.1573,0.17098,0.032788,0.059133,0.2052,0.089907,0.10044,0.02542,0.15033
0.048441,0.028907,0.062836,0.036128,0.36788,0.15775,0.050607,0.2258,0.021644,0
0.013716,0.18264,0.16779,0.059658,0.32728,0.13415,0.012044,0.02342,0.043033,0.036274
0.026752,0.011128,0,0,0,0,0.014973,0.12012,0.42682,0.40021
0,0.022051,0.0019502,0,0.025645,0.0024318,0.023126,0.048602,0.20577,0.67043
0.032561,0.055182,0.082494,0.011225,0.029396,0.21919,0.0085463,0.12832,0.30006,0.13303
0.028106,0.1506,0.014884,0,0.0067189,0.2989,0.049314,0.01894,0.046187,0.38635
