0.0032951,0.022676,0.14618,0.030604,0.042475,0.21202,0.19762,0.15552,0.17144,0.018163
0.014371,0.025153,0.052274,0.062387,0.050736,0.13824,0.090149,0.095077,0.14244,0.32918
0.082872,0.049551,0.025298,0.037,0.556,0.088294,0.032048,0.018116,0.046829,0.06399
0,0.024962,0.0060241,0.012654,0.1712,0.18697,0.083654,0.27114,0.15204,0.091359
0.001925,0,0.0068242,0,0,0.016599,0.35835,0.36776,0.22055,0.027998
0,0.0080067,0.048869,0.0023231,0.012909,0.088108,0.16001,0.19611,0.069989,0.41367
0,0.012957,0,0.0058181,0.0037539,0.039802,0.20931,0.087995,0.47062,0.16974
0.3536,0.19847,0.25891,0.078937,0.012705,0.021756,0.0021243,0.067444,0.0060525,0
0.40171,0.078002,0.14798,0.0099246,0.25206,0.0050732,0.0052946,0.01178,0.085245,0.0029352
0,0.076667,0.078449,0.01044,0.048855,0.052908,0.19093,0.0025457,0.21735,0.32186
0.10953,0.052464,0.0091123,0.034224,0.21349,0.020766,0.022862,0.064214,0.18722,0.28611
0.13488,0.050458,0.050483,0.11442,0.35368,0.10712,0.077158,0.045121,0.038808,0.027883
0.0051076,0.16779,0.25305,0.15492,0.085111,0.14027,0.045334,0.060263,0.053382,0.034762
0.0031243,0.0020335,0.025323,0.27869,0.3779,0.14752,0.14003,0.019595,0.005779,0
0.30545,0.069815,0.15839,0.043449,0.30365,0.029723,0.020452,0.011373,0.053818,0.0038784
0.050118,0.11523,0.16473,0.15161,0.34777,0.11729,0.016015,0,0.037243,0
0.4949,0.2295,0.019284,0.10489,0.11225,0,0.022545,0.012405,0.0042247,0
0.50737,0.26682,0.077204,0.043243,0.020244,0.0036714,0.0091876,0.031929,0.035636,0.0046966
0.030856,0,0.035066,0.0036325,0.17902,0.10186,0.23796,0.29395,0.099804,0.017852
0.34823,0.049348,0.055991,0.026738,0.35526,0,0.086267,0.040679,0.00010652,0.037383
0.0087967,0.30755,0.1617,0.10965,0.019004,0.15066,0.031897,0.12945,0.057532,0.023765
0.38827,0.31005,0.024306,0.088352,0.12809,0.024892,0.011764,0.018844,0,0.0054324
0.026209,0.057289,0.0028528,0.031425,0.070969,0.10469,0.32624,0.22395,0.11385,0.042515
0.16544,0.14478,0.040442,0.17536,0.014497,0.24723,0.009771,0.092576,0.04872,0.06118
0.89028,0.074043,0.032651,0.00085101,0,0.0016898,0.00048046,0,0,0
0.072309,0.033195,0.20399,0.21176,0.28121,0.10576,0.086254,0.0055302,0,0
0.028461,0.28243,0.088437,0.1065,0.036205,0.20328,0.030039,0.080016,0.064526,0.080108
0.0678,0.030853,0.080181,0.068808,0.51474,0.10751,0.10522,0,0.0023512,0.022542
0.0026513,0,0.0051198,0.0081422,0.0035153,0.056398,0.13079,0.33266,0.15362,0.30709
0.050261,0.024342,0.5216,0.16744,0.010208,0.056528,0.00084822,0.047775,0.099441,0.021547
0.0055796,0.011508,0.02286,0.017789,0.096621,0.22518,0.082913,0.086929,0.034708,0.41591
