0.10796,0.50099,0.22046,0.021763,0.13558,0,0,0.013251,0,0
0.01835,0.04191,0.0089192,0.0012886,0.011394,0.0097564,0.024266,0.011047,0.12518,0.74789
0.16565,0.25536,0.10838,0.058455,0.23738,0.053941,0.036077,0.022949,0.03566,0.026148
0.072071,0.55084,0.32269,0.017778,0.013307,0.0062249,0.0019746,0.0011098,0,0.01401
0.067333,0.071443,0.12742,0.09052,0.27738,0.29313,0.032018,0.011373,0.015592,0.013788
0.22144,0.10424,0.10713,0.10041,0.1906,0.049289,0.034636,0.123,0.063291,0.0059621
0.070122,0.092898,0.11279,0.056882,0.083827,0.28484,0.045717,0.040425,0.15457,0.057925
0.12555,0.084084,0.015433,0.084945,0.14962,0.074833,0.079196,0.1451,0.11255,0.12869
0.0020591,0.025844,0.02341,0.016688,0.044258,0.079103,0.10275,0.20892,0.31496,0.18201
0.0062403,0.14686,0.083087,0.017191,0.14661,0.13901,0.29192,0.1421,0.0087487,0.018221
0.07181,0.058166,0.084776,0.06255,0.14087,0.10339,0.13669,0.05927,0.175,0.10748
0.23586,0.095395,0.022777,0.079171,0.071066,0.15402,0.21579,0.031914,0.045416,0.04859
0.14075,0.027101,0.098872,0.048447,0.13548,0.18261,0.086928,0.084602,0.048289,0.14692
0.13942,0.13206,0.077205,0.073386,0.051814,0.16774,0.20115,0.065559,0.043855,0.047805
0.039652,0.022608,0.085174,0.10927,0.097674,0.14534,0.15122,0.10308,0.16898,0.077015
0.021041,0.032681,0.068507,0.13253,0.26733,0.17663,0.048949,0.085756,0.10122,0.065363
0.0045499,0.0032195,0.029674,0.23982,0.12839,0.094688,0.11199,0.12949,0.086166,0.17201
0.034538,0.029782,0.030318,0.24377,0.065906,0.11739,0.1516,0.14691,0.14631,0.033486
0.14284,0.12951,0.2276,0.079751,0.098837,0.14312,0.060636,0.081511,0.031181,0.0050085
0.0082624,0.011841,0.11143,0.18816,0.11486,0.039444,0.29587,0.13626,0.043224,0.050653
0.021155,0.027804,0.059323,0.080006,0.031738,0.20932,0.38827,0.11796,0.032214,0.032213
0.046351,0.025382,0.021267,0.15013,0.14875,0.28382,0.18752,0.018332,0.048013,0.070425
0.021819,0.045079,0.086946,0.077667,0.2191,0.18387,0.13314,0.19489,0.017808,0.019678
0.22885,0.1028,0.36397,0.081899,0.040282,0.04179,0.022147,0.042456,0.053137,0.02267
0.10401,0.17197,0.0377,0.037089,0.41922,0.21833,0.011683,0,0,0
0.057086,0.046592,0.076245,0.12859,0.23283,0.088941,0.2425,0.085053,0.0093169,0.032852
0.047662,0.061527,0.051746,0.18846,0.2873,0.27052,0.058847,0.0099212,0.017331,0.0066842
0.021388,0.0091041,0.075234,0.14026,0.28641,0.20986,0.1005,0.095639,0.02549,0.036127
0.02399,0.029568,0.07218,0.048547,0.24848,0.2855,0.16156,0.092164,0.026636,0.011383
0.18048,0.3235,0.15598,0.23796,0.038464,0.026276,0.030441,0.0065617,0.00033435,0
0.017662,0.0082093,0.043815,0.5112,0.28041,0.089556,0.014314,0.01254,0.00024388,0.022051
0.05762,0.11241,0.16195,0.19367,0.16,0.067009,0.045171,0.057237,0.10252,0.042405
0.084091,0.1202,0.23422,0.15464,0.11361,0.056346,0.081993,0.075466,0.030993,0.048445
0.034604,0.059805,0.19541,0.2418,0.14663,0.044207,0.018219,0.1183,0.090632,0.050393
0.025418,0.044919,0.11947,0.082041,0.093065,0.13352,0.15718,0.15836,0.10675,0.079268
0.0010388,0.12892,0.1514,0.03773,0.19317,0.28262,0.084443,0.088188,0.01923,0.013258
0.066495,0.11087,0.077104,0.12692,0.08368,0.10389,0.085242,0.1191,0.09947,0.12723
0.050528,0.06006,0.12672,0.14833,0.14843,0.13873,0.16123,0.094087,0.03621,0.035671
0.051795,0.047981,0.1044,0.15068,0.19384,0.19583,0.095416,0.082263,0.062222,0.015572
0.074497,0.11439,0.032276,0.085293,0.24675,0.23412,0.098255,0.052581,0.038466,0.023374
0.017585,0.071277,0.085015,0.26867,0.18843,0.14956,0.134,0.049092,0.023741,0.012621
0.098425,0.031169,0.013674,0.065614,0.090177,0.075684,0.064698,0.064023,0.15208,0.34446
0.043047,0.039865,0.065777,0.13283,0.11595,0.074598,0.049536,0.079545,0.13946,0.2594
0.021063,0.03275,0.12699,0.14614,0.015198,0.077342,0.048281,0.086459,0.234,0.21178
0.021889,0.0015552,0.20036,0.15904,0.055337,0.27753,0.24023,0.032796,0.0087995,0.0024672
0.048444,0.10703,0.09283,0.035429,0.062184,0.061358,0.035684,0.083335,0.27912,0.19459
0.18893,0.1281,0.052522,0.064577,0.22103,0.15848,0.066951,0.056845,0.033491,0.029082
0.044907,0.037151,0.049471,0.095177,0.25837,0.25214,0.12961,0.057319,0.032058,0.043794
0.30373,0.11542,0.095059,0.061929,0.147,0.095997,0.10465,0.024602,0.017898,0.033711
0.026841,0.26338,0.018465,0.11121,0.05717,0.025399,0.0099714,0.002859,0.20045,0.28424
0.14305,0.1006,0.1132,0.061096,0.075594,0.044909,0.089383,0.14836,0.075666,0.14814
0.152,0.061523,0.05412,0.04118,0.034575,0.027728,0.15145,0.1712,0.20835,0.097883
0.090982,0.12662,0.089014,0.073975,0.074021,0.14845,0.0044669,0.0062294,0.17578,0.21046
0.037531,0.25415,0.11981,0.28056,0.10482,0.037515,0.10103,0.005566,0.058369,0.00065448
0,0.0025006,0,0.14937,0.33147,0.27229,0.11179,0.072492,0.051598,0.0084795
0.0023741,0.0022707,0.00060194,0.0071034,0.14101,0.11802,0.61632,0.099708,0.008377,0.0042096
0,0.025145,0.0066761,0.0044795,0.057039,0.10907,0.36016,0.17209,0.12669,0.13865
0.1591,0.033201,0.029094,0.028583,0.038031,0.018158,0.098945,0.3099,0.15514,0.12985
0.012844,0.0069924,0.0072762,0.013597,0.00064745,0.0074144,0.022815,0.065426,0.64603,0.21695
0.53599,0.063625,0.066886,0.30275,0.012735,0.018008,0,0,0,0
0.039299,0.044533,0.13858,0.097712,0.11462,0.18253,0.047995,0.22563,0.071534,0.037569
0.41477,0.17289,0.14973,0.085191,0.11442,0.039858,0.014401,0.0050095,0.0016999,0.0020405
0.13475,0.076077,0.42158,0.10731,0.031091,0.096484,0.033007,0.028966,0.055318,0.015418
0.011561,0.057036,0.0025118,0.0061318,0.009437,0.066511,0.034313,0.060528,0.23127,0.5207
0.044521,0.056636,0.020857,0.04615,0.044581,0.092783,0.1391,0.18632,0.13321,0.23584
0.023797,0.025286,0.017773,0.037638,0.14344,0.38249,0.12385,0.10481,0.067489,0.07343
0.074922,0.039817,0.12023,0.080755,0.12254,0.17053,0.050765,0.14496,0.11575,0.079725
0.048511,0.11838,0.086415,0.14577,0.21599,0.046462,0.057004,0.093854,0.15987,0.027746
0.0028657,0.03088,0.17188,0.096736,0.17017,0.10183,0.11583,0.082491,0.048923,0.1784
0.10089,0.2425,0.13908,0.058884,0.11471,0.081018,0.095359,0.0074249,0.080095,0.080037
0.016706,0.13433,0.21831,0.28438,0.12258,0.10034,0.063158,0.060197,0,0
0.45108,0.14047,0.15581,0.070053,0.094828,0.043759,0.009388,0.0073233,0.014811,0.012483
0.29147,0.039923,0.098411,0.076655,0.12462,0.064643,0.046939,0.17273,0.034013,0.050595
0.36403,0.21599,0.098441,0.082357,0.076099,0.11542,0.020265,0.017277,0.00037292,0.0097471
0.34701,0.2495,0.17207,0.1238,0.091008,0.011064,0.0014837,0,0,0.0040664
0.029427,0.11134,0.12821,0.091658,0.18138,0.064091,0.15329,0.035103,0.064418,0.14108
0,0,0.014467,0.090145,0.16934,0.068656,0.058871,0.1104,0.32206,0.16606
0.0042698,0,0.0058826,0.13751,0.66642,0.14014,0.025319,0.0091166,0.004602,0.006736
0.0091745,0.54399,0.36955,0.034176,0.032253,0.009769,0,0,0,0.0010873
0.6528,0.19573,0.080062,0.019788,0.034681,0.00054764,0.00091158,0.0045349,0.0043389,0.0066124
0.87864,0.11449,0.0045349,0.0015176,0.00062591,0,0,0,0,0.00019256
0.58296,0.16072,0.073388,0.025361,0.02055,0.018343,0.0089502,0.023347,0.06066,0.025728
0.53222,0.46065,0.0010726,0.0059308,0,0,0.00013442,0,0,0
0.36093,0.43608,0.19144,0.0094605,0,0,0,0,0,0.0020891
0.80774,0.16504,0.022342,0.002183,0.0027,0,0,0,0,0
0.6332,0.23033,0.089119,0.026789,0.020571,0,0,0,0,0
0.017172,0.87917,0.099361,0.004301,0,0,0,0,0,0
