0.19512,0.71304,0.083936,0.00076135,0.0013862,0.0014972,0.004257,0,0,0
0.11736,0.10554,0.1612,0.078731,0.20524,0.23047,0.020241,0.0626,0.0038391,0.014774
0,0.022215,0.0056772,0.075075,0.038843,0.22544,0.11025,0.44973,0.049992,0.022782
0.00047032,0.0080604,0.0046467,0.0027727,0.0010489,0.0036496,0,0.006466,0.17281,0.80007
0.03838,0.080173,0.3898,0.25106,0.15074,0.02455,0.058486,0.0065716,0.00024135,0
0.34645,0.35945,0.22098,0.017529,0.0081946,0.023326,0.020478,0.0035839,0,0
0.14195,0.69224,0.058133,0.047987,0.050157,0.0052135,0,0.0016173,0.0010694,0.0016337
0.00032048,0,0.048769,0.10994,0.28599,0.44858,0.08316,0.019056,0.0011013,0.0030753
0.032209,0.067811,0.10621,0.11433,0.15598,0.13068,0.13965,0.13255,0.045682,0.07491
0.088586,0.21396,0.28288,0.085906,0.13563,0.17484,0.011379,0.0013431,0.0054739,0
0.099,0.54732,0.2295,0.10757,0.012738,0,0,0,0,0.0038728
0.27623,0.182,0.23434,0.14434,0.087061,0.033817,0,0.0014631,0.023949,0.016793
0.027575,0.013129,0.013999,0.012551,0.060277,0.084636,0.09638,0.097,0.10764,0.48682
0.0088736,0.0027427,0.0073062,0.0068435,0.0033737,0.0067724,0.010111,0.02446,0.06696,0.86256
0,0.024277,0.016605,0.064693,0.042064,0.013947,0.12021,0.19208,0.15838,0.36775
0.17063,0.31939,0.34504,0.052041,0.07033,0.0052819,0.014707,0.011842,0.010741,0
0.54196,0.21593,0.146,0.024849,0.013595,0.023412,0.015235,0.0053044,0.0049839,0.0087277
0.017354,0.010432,0.014024,0.18812,0.24402,0.11402,0.038253,0.074928,0.1762,0.12265
0.10551,0.045953,0.010415,0.051907,0.11552,0.06777,0.050937,0.10123,0.22112,0.22963
0.21632,0.11201,0.045231,0.091153,0.065194,0.06779,0.11765,0,0.24099,0.043654
0.33032,0.14079,0.072326,0.079491,0.16792,0.13982,0.053929,0.0028732,0.0022249,0.010308
0,0.0071158,0.00081884,0.026172,0.1588,0.021048,0.021925,0.10988,0.36656,0.28768
0.038395,0.099468,0.14003,0.13648,0.056496,0.014172,0.11002,0.064034,0.035676,0.30523
0.28179,0.28048,0.12878,0.124,0.10512,0.017556,0.011593,0.032898,0.0022738,0.015513
0.25668,0.20206,0.06359,0.06506,0.089926,0.10256,0.066722,0.088396,0.031126,0.033887
0,0.0068979,0.017714,0.010209,0.051436,0.03292,0.011412,0.10747,0.38185,0.38009
0.92626,0.0084934,0.0030774,0.0099101,0.029768,0,0.00093643,0.011582,0.007064,0.0029109
0,0.0046782,0.02832,0.026626,0.0046122,0.029796,0.13986,0.1698,0.30958,0.28673
0.0016187,0.0015143,0,0,0.020611,0.012348,0.011943,0.030229,0.08318,0.83856
0.0035038,0.015951,0.014915,0.18241,0.39927,0.22214,0.13369,0.020121,0.0079926,0
0,0,0.006402,0.0095761,0.19845,0.56624,0.027907,0.13596,0.039845,0.015618
0.77521,0.054302,0.029959,0.045195,0.019045,0.021655,0.04293,0,0.011701,0
0,0,0.0033901,0,0,0,0,0.006559,0.11044,0.87961
0.085111,0.022038,0.11763,0.46864,0.15324,0.073349,0.062768,0.017222,0,0
0.13376,0.79361,0.053523,0.011505,0.0031443,0,0,0.0044607,0,0
0.00096553,0.009415,0,0.00091869,0,0,0,0.024446,0.55967,0.40458
0,0,0,0,0.00021392,0.01312,0,0.026352,0.34977,0.61054
0,0.79342,0.16238,0.001977,0.038812,0.00072879,0.0014923,0.00070313,0,0.00048568
0,0,0.01546,0.001301,0.01902,0.13665,0.5657,0.18399,0.068061,0.0098102
0.229,0.42151,0.14059,0.05163,0.021338,0.018932,0.0046867,0.00081136,0.05176,0.059745
0.081891,0.68976,0.20345,0.011799,0.0078112,0.0026008,0.0016919,0.00099314,0,0
0,0,0,0.024858,0.74642,0.17584,0.034851,0.014755,0.0032796,0
0,0,0,0.00080108,0.0016394,0.012067,0.27484,0.67458,0.036077,0
0.79903,0.15366,0.030929,0.00096698,0.0059764,0.0043425,0.0041821,0,0.00090927,0
0,0.0047051,0.048943,0.056013,0.59407,0.1887,0.051885,0.041801,0.010182,0.003701
0.94165,0.0094731,0.0020087,0.025542,0.01404,0.0022587,0.00054856,0.0019696,0.0016534,0.00085147
0.06874,0.098457,0.12816,0.17215,0.32435,0.043568,0.027165,0.020348,0.053365,0.0637
0.0046844,0.071934,0.10241,0.61273,0.15737,0.036608,0.0083005,0.0051064,0.00084999,0
0.89006,0.060517,0.00045594,0.00096041,0.0038159,0,0,0.0038567,0.032448,0.0078905
0,0.011035,0,0,0,0,0,0,0.047535,0.94143
0.13295,0.63422,0.17778,0.030569,0.0046488,0.0015096,0.001235,0.0028334,0.010294,0.0039564
0.021564,0.058762,0.028778,0.041824,0.064337,0.22099,0.10106,0.074765,0.10704,0.28088
0.1046,0.060828,0.045072,0.12242,0.25197,0.11379,0.21293,0.059448,0.016296,0.012651
0.010752,0.022084,0.014973,0.079589,0.18391,0.47271,0.046458,0.028923,0.043594,0.097008
0.010898,0.025999,0.041381,0.256,0.35747,0.060531,0.13693,0.021869,0.033683,0.055229
0.079442,0.090878,0.35415,0.19308,0.1102,0.063201,0.016899,0.045561,0.027136,0.019454
0.15845,0.25841,0.20509,0.082968,0.066728,0.046023,0.031611,0.049355,0.057581,0.043776
0.019986,0.23228,0.23081,0.37757,0.078392,0.0095555,0.00092781,0.031755,0.010214,0.0085089
0.034391,0.28873,0.43115,0.11294,0.042107,0.01521,0.0097676,0.038155,0.017556,0.01
0.021455,0.01366,0.045181,0.089154,0.18716,0.24947,0.25847,0.062738,0.050344,0.022367
0.010192,0.026432,0.02986,0.059531,0.098452,0.28751,0.35921,0.073582,0.020437,0.03479
0.020292,0.024726,0.061759,0.050075,0.19224,0.43838,0.1265,0.049532,0.010163,0.026326
0.017694,0.018756,0.0044518,0.15848,0.42164,0.21449,0.10823,0.032511,0.01127,0.012474
0,0.038017,0.042262,0.15661,0.2428,0.27892,0.15812,0.038592,0.014904,0.029774
0.017408,0.019398,0.0086012,0.0061754,0.051497,0.061101,0.52473,0.16224,0.10363,0.045225
0.039364,0.071574,0.018684,0.028498,0.014355,0.10253,0.28239,0.20954,0.1607,0.07237
0.053273,0.14376,0.0012174,0.011423,0.071935,0.021713,0.1175,0.11813,0.2459,0.21515
0.17984,0.070927,0.065636,0.094689,0.19356,0.17949,0.15809,0.0054424,0.0057918,0.046529
0.22617,0.10261,0.047671,0.022404,0.097444,0.14669,0.12669,0.0868,0.051946,0.091571
0.01372,0.034193,0.025974,0.041298,0.03881,0.11098,0.066945,0.3111,0.18591,0.17108
0.10572,0.40142,0.18227,0.16988,0.016473,0.0048108,0.004342,0.0093398,0.026228,0.079514
0.023209,0.024545,0.10446,0.11222,0.098917,0.07951,0.13504,0.30177,0.084979,0.035349
0.03379,0.070541,0.097933,0.12695,0.12657,0.098236,0.088232,0.086382,0.096549,0.17481
0.24085,0.067135,0.08923,0.10321,0.0438,0.067224,0.078183,0.089366,0.097377,0.12363
0.21624,0.083912,0.17201,0.16101,0.047551,0.12915,0.11843,0.04525,0.013267,0.013177
0.079537,0.12732,0.088402,0.18266,0.14227,0.071879,0.086138,0.13635,0.055597,0.029843
0.13989,0.20279,0.21066,0.17109,0.15898,0.032341,0.054823,0.0099592,0.012907,0.0065595
0.0080696,0.035669,0.28812,0.1543,0.21276,0.10901,0.083424,0.01159,0.064947,0.032106
0.013279,0.047063,0.25581,0.24075,0.12926,0.066779,0.085527,0.093292,0.043638,0.024596
0.0073109,0.019191,0.028759,0.057712,0.10939,0.22045,0.27949,0.15402,0.091964,0.031719
0.034297,0.026591,0.020972,0.036524,0.11241,0.245,0.093903,0.15528,0.16646,0.10856
0.0064517,0.015814,0.04972,0.10759,0.10866,0.18804,0.32393,0.14821,0.020451,0.03112
0.0335,0.028851,0.021144,0.10543,0.20575,0.2724,0.17235,0.11319,0.034055,0.013317
0.11854,0.092775,0.14289,0.12413,0.040145,0.12953,0.034534,0.039625,0.11242,0.16541
0.30914,0.32248,0.076852,0.057081,0.14038,0.032414,0.012697,0.011127,0.0058067,0.032026
0.019764,0.010174,0.17437,0.44064,0.28895,0.011882,0.012298,0.021893,0.014473,0.0055548
0.042636,0.031198,0.085731,0.1901,0.28741,0.048172,0.064372,0.12996,0.030509,0.0899
0.045138,0.15104,0.096264,0.090366,0.072725,0.1393,0.15981,0.07612,0.095903,0.073339
0.079592,0.42041,0.27459,0.12805,0.038474,0.031283,0,0.00099294,0,0.026607
0.020672,0.030777,0.0058746,0.013111,0.01374,0.056745,0.14513,0.22006,0.18872,0.30518
0.020322,0.12421,0.04842,0.025303,0.10965,0.088297,0.080277,0.20307,0.14812,0.15233
0.10435,0.53886,0.19244,0.065965,0.056409,0.036718,0,0.0024284,0,0.0028314
0.87174,0.069155,0.010865,0.01252,0.016102,0.012278,0.0073381,0,0,0
0.037013,0.15732,0.11696,0.067189,0.15593,0.20597,0.080374,0.070184,0.099244,0.0098134
0,0,0,0,0.041911,0.0029186,0.0011698,0.018602,0.28422,0.65118
