0.005071,0.00017524,0,0,0.012496,0.050416,0.44766,0.42655,0.045817,0.011809
0.33346,0.20458,0.069837,0.040384,0.12065,0.10115,0.055041,0.042754,0.017535,0.014609
0,0.002413,0.015229,0.14988,0.073706,0.27838,0.27837,0.13733,0.060777,0.0039154
0,0,0.002807,0.007267,0.011782,0.031736,0.02707,0.029938,0.19648,0.69292
0.14079,0.45897,0.13898,0.085216,0.12899,0.044854,0,0,0,0.0021986
0.49432,0.28131,0.081665,0.015513,0.02108,0.0077527,0.0010881,0.032933,0.056425,0.007916
0.42952,0.35201,0.041206,0.052764,0.03179,0.046076,0.013278,0.026346,0.00011294,0.0068943
0.27769,0.34603,0.13195,0.046233,0.067518,0.030018,0.0043328,0.012247,0.027767,0.05622
0.0029998,0.016442,0.014568,0.015808,0.044414,0.023996,0.026538,0.086384,0.36025,0.4086
0.31095,0.12282,0.17176,0.022659,0.033033,0.051903,0.086955,0.11125,0.074038,0.014632
0.093669,0.12686,0.10806,0.17062,0.050626,0.075649,0.090347,0.11704,0.0856,0.081519
0.042514,0.024903,0.047557,0.093602,0.068593,0.07264,0.16613,0.19605,0.16129,0.12673
0.013143,0.056636,0.042614,0.10622,0.089967,0.059775,0.10174,0.17287,0.21428,0.14275
0.0054006,0.01587,0.11388,0.22978,0.27303,0.092208,0.023964,0.10606,0.076985,0.062818
0.057509,0.088334,0.21864,0.096036,0.11265,0.17117,0.047886,0.027695,0.16348,0.016599
0.19687,0.33872,0.19437,0.068413,0.055431,0.046081,0.017463,0.044239,0.025327,0.013086
0.13018,0.073866,0.29471,0.25704,0.12624,0.023572,0.0088655,0.005429,0.032343,0.047758
0.031842,0.082301,0.18499,0.11143,0.079332,0.027047,0.0057904,0.0046917,0.16957,0.30301
0,0.0022013,0,0.013589,0.3089,0.3887,0.078637,0.15209,0.044156,0.011728
0.00082066,0.015877,0.017572,0.0070773,0.018705,0.030994,0.11757,0.15802,0.24597,0.38739
0.0037429,0.0034112,0.011706,0.014758,0.017114,0.015532,0.058025,0.19192,0.44801,0.23578
0.59926,0.27797,0.060673,0.02409,0.035922,0.00016518,0.00052787,6.3338e-05,0.0011141,0.0002156
0.082773,0.17387,0.19062,0.16755,0.094285,0.079418,0.012477,0.045499,0.15351,0
0.49562,0.441,0.02201,0.014106,0.012313,0.0097959,0,0,0.0038522,0.0012997
0.65763,0.23103,0.058018,0.024584,0.013006,0,0.0026438,0.010116,0.001923,0.0010547
0.75798,0.051209,0.013399,0.019647,0.029879,0.038729,0.033367,0.03864,0.012931,0.0042243
0.00073139,0,0.0031832,0.0010542,0.0096081,0.032371,0.068845,0.16546,0.35664,0.36211
0.0044677,0.00087653,0.38969,0.0016639,0.026098,0.17057,0.19186,0.13049,0.081392,0.0028907
0.21313,0.37524,0.076375,0.16176,0.089489,0.029959,0.0013917,0.038977,0.010878,0.0027974
