0.0010984,0.0022543,0,0.00093313,0.0096233,0.036784,0.050542,0.50744,0.37912,0.012207
0.030449,0.24433,0.41331,0.14771,0.12097,0.013491,0.026487,0.0032604,0,0
0.22384,0.3282,0.22233,0.14975,0.041229,0.021767,0.00083044,0,0.012044,0
0.0097845,0.02217,0.073495,0.064197,0.13627,0.18046,0.3171,0.14005,0.052373,0.0040966
0,9.6248e-05,0,0.027922,0.051002,0.090112,0.14089,0.36078,0.29905,0.030147
0.0087692,0.028356,0.10502,0.23141,0.3359,0.19672,0.067078,0.019304,0.004644,0.0028036
0.00067699,0.0021912,0.00077503,0.00047582,0.0039582,0.022821,0.021927,0.14114,0.46096,0.34507
0.0037369,0.01002,0.02856,0.061432,0.10279,0.098928,0.18124,0.23827,0.17009,0.10494
0.30028,0.15562,0.23906,0.10088,0.11918,0.050863,0.016117,0.0093304,0.0059075,0.0027727
0.10476,0.06155,0.31561,0.33285,0.14393,0.03976,0.0010069,0,0.00053935,0
0.14714,0.38968,0.20173,0.072939,0.03352,0.057559,0.056812,0.034671,0.0059546,0
0.19429,0.10413,0.31346,0.12171,0.093179,0.07415,0.013909,0.027598,0.049975,0.0076005
0.7245,0.12185,0.019394,0.055963,0.057333,0.013921,0.0025075,0.0020618,0.00043549,0.0020378
0.12456,0.11977,0.076358,0.15373,0.11248,0.099712,0.053426,0.13108,0.10713,0.021749
0.015599,0.072335,0.077224,0.020463,0.077514,0.11209,0.033639,0.090791,0.19405,0.30629
0.34734,0.35973,0.1122,0.021173,0.11209,0.044854,0.00076903,0.00055883,0,0.0012829
0,0,0.0096621,0.0037429,0.037023,0.097765,0.14137,0.32192,0.23465,0.15386
0.088375,0.089814,0.058785,0.058578,0.076093,0.13056,0.08718,0.069269,0.20442,0.13692
0.025589,0.17127,0.096919,0.21989,0.30639,0.16371,0.010482,0.0057531,0,0
0.13888,0.21214,0.17328,0.11258,0.024892,0.04767,0.15083,0.093229,0.026908,0.0196
0.017618,0.056814,0.041731,0.027793,0.060622,0.1146,0.20362,0.22166,0.17523,0.080313
0.081519,0.16454,0.044761,0.073936,0.078325,0.1383,0.27502,0.054182,0.034457,0.054964
0.032797,0.061935,0.042326,0.032187,0.088066,0.20711,0.23127,0.18118,0.050494,0.072639
0.017862,0.0064136,0.051794,0.040433,0.068178,0.055686,0.038596,0.18852,0.41366,0.11886
0.018646,0.031427,0.018994,0.068688,0.030022,0.090409,0.06451,0.12824,0.21051,0.33855
0.043422,0.082778,0.13167,0.062893,0.070077,0.11375,0.11851,0.31233,0.05163,0.01295
0.011361,0.20321,0.19989,0.13999,0.062912,0.056763,0.0047169,0.15921,0.093142,0.068808
0.017114,0.031041,0.13251,0.076706,0.27902,0.19154,0.099507,0.12461,0.011878,0.036069
0.01958,0.029428,0.01712,0.0078716,0.093442,0.072953,0.21366,0.22618,0.28675,0.033013
0.019169,0.25039,0.22108,0.055763,0.31425,0.050888,0.027673,0.038153,0.018328,0.0043169
0.043256,0.16155,0.15142,0.10098,0.19623,0.15343,0.091517,0.025692,0.044321,0.031608
0.3541,0.33173,0.12969,0.054514,0.044567,0.048831,0.011741,0.0093891,0.011895,0.0035456
0.090895,0.34798,0.21766,0.058139,0.07702,0.017487,0.011543,0.011072,0.13739,0.030819
0.10601,0.11912,0.18723,0.13246,0.12072,0.22395,0.09204,0.013575,0,0.0049026
0.049263,0.11258,0.20027,0.054872,0.15886,0.01272,0.076563,0.070679,0.14588,0.11832
0.076687,0.050278,0.0478,0.039154,0.021413,0.012041,0.021178,0.021691,0.38395,0.3258
0,0,0,0.005567,0.0090077,0.023825,0.37135,0.24664,0.28182,0.061793
0.11133,0.42191,0.22427,0.049028,0.10293,0.070712,0.014544,0.0052759,0,0
0,0.0083579,0.00322,0.0066016,0.041011,0.052898,0.31739,0.54178,0.019359,0.009383
0.016194,0.0085594,0.14914,0.099423,0.14229,0.25624,0.21812,0.086587,0.013941,0.0095102
0,0,0.11222,0.0014354,0,0.0076281,0.0018852,0.026598,0.30284,0.5474
0.61593,0.18861,0.032287,0.026108,0.090589,0.039185,0,0.00038992,0.0031484,0.0037511
0.0018635,0.0013807,0.025208,0.035619,0.084112,0.11591,0.12613,0.20367,0.22733,0.17878
0.87241,0.052595,0.018623,0.020316,0.022323,0.00075556,0.011571,0,0,0.0014065
0.0049136,0.0059697,0.00061638,0.0070422,0.07193,0.11091,0.10451,0.22342,0.26478,0.20591
0.58868,0.1341,0.023319,0.0090528,0.12559,0.06229,0.0012409,0.029887,0.01075,0.015092
0.1558,0.32775,0.29996,0.06413,0.07927,0.065636,0.0045622,0,0,0.0028904
0.72904,0.1335,0.063473,0.022908,0.027353,0.023726,0,0,0,0
0.40474,0.35431,0.15633,0.061457,0.019654,0,0,0,0.0035189,0
0.29848,0.29061,0.11864,0.056914,0.094544,0.041227,0.050337,0.02278,0.019584,0.0068762
0.41878,0.39092,0.061361,0.034363,0.048991,0.036685,0,0.0089014,0,0
0.01219,0.028118,0.053536,0.013568,0.045215,0.21356,0.19246,0.06001,0.27298,0.10837
0.0027911,0,5.636e-05,0,0.00078556,0.028563,0.010466,0.037877,0.70883,0.21063
0.46399,0.19142,0.021533,0.017716,0.01649,0.065404,0.045177,0.031902,0.071872,0.074497
0.018139,0.0033134,0,0.0072434,0.12324,0.47951,0.14366,0.19806,0.023465,0.0033648
0.0063853,0.013454,0.68108,0.01251,0.0065712,0.032832,0.024376,0.029865,0.055812,0.13712
0.24208,0.3091,0.074048,0.057641,0.10861,0.13625,0.016143,0.049223,0.0036355,0.0032707
0.24577,0.40469,0.087829,0.069959,0.15021,0.016052,0.0031965,0.001434,0.019384,0.0014695
0.24867,0.30828,0.083842,0.016943,0.057638,0.059844,0.069855,0.072,0.076994,0.0059349
