0.019063,0.0077934,0.021411,0.058717,0.15748,0.17973,0.16253,0.068882,0.14343,0.18096
0.015558,0.0071252,0.069491,0.11315,0.055443,0.084437,0.13715,0.068894,0.21954,0.22922
0.11204,0.13241,0.12919,0.033114,0.054269,0.16191,0.16529,0.13071,0.057556,0.023515
0.11779,0.11301,0.10282,0.16429,0.19758,0.15649,0.075433,0.037507,0.033456,0.0016245
0.014445,0.038939,0.051831,0.13261,0.3414,0.22474,0.088021,0.043582,0.036428,0.027998
0.0064344,0.016289,0.080478,0.11114,0.10739,0.23325,0.10746,0.13207,0.062843,0.14265
0.039275,0.063952,0.08419,0.19858,0.20219,0.19818,0.04388,0.090569,0.051937,0.027242
0.063471,0.097564,0.11651,0.35732,0.12382,0.10782,0.024795,0.035841,0.051669,0.02119
0.0086211,0.015801,0.074611,0.25517,0.24496,0.18205,0.11787,0.057953,0.0061628,0.036793
0.059016,0.3726,0.24851,0.020794,0.079117,0.029586,0.017982,0.14168,0.020988,0.0097214
0.046436,0.025622,0.062173,0.50281,0.051815,0.045197,0.26141,0.0036216,0,0.00091862
0.0018345,0.0030596,0.0073553,0.19171,0.2616,0.16166,0.23466,0.078044,0.046592,0.01349
0.034176,0.027163,0.11456,0.1619,0.12113,0.11119,0.16152,0.1497,0.070007,0.048657
0.023776,0.031709,0.054762,0.11097,0.096024,0.2835,0.29206,0.060647,0.037637,0.0089087
0.01711,0.018898,0.014893,0.032057,0.17905,0.39347,0.22185,0.05156,0.041693,0.02942
0,0.0092676,0.028855,0.025134,0.20022,0.14896,0.24946,0.23818,0.087361,0.012566
0.014007,0,0.044622,0.077356,0.062075,0.21044,0.39409,0.11618,0.017794,0.063437
0.013539,0.0090975,0.023958,0.064003,0.37159,0.21282,0.1233,0.12872,0.036744,0.016231
0.041712,0.062004,0.10994,0.10177,0.15287,0.073504,0.0725,0.20351,0.13936,0.04283
0.061514,0.15221,0.33978,0.13446,0.0362,0.079298,0.022456,0.030244,0.092783,0.051061
0.27116,0.086386,0.10783,0.067963,0.059886,0.069355,0.042495,0.037084,0.14467,0.11316
0.12333,0.056974,0.14762,0.050002,0.081466,0.20638,0.13125,0.12769,0.043576,0.031704
0.068406,0.045633,0.22735,0.18545,0.16782,0.053936,0.11926,0.073335,0.041888,0.01692
0.14763,0.055811,0.095081,0.28945,0.10884,0.11433,0.068717,0.10168,0.0071203,0.011337
0.014739,0.03865,0.025258,0.2034,0.31574,0.20095,0.10068,0.047763,0.022512,0.030306
0,0.0053602,0,0.013764,0.054604,0.050503,0.15201,0.21737,0.31005,0.19633
0.053702,0.023883,0.047858,0.15423,0.20055,0.085682,0.09916,0.13305,0.1111,0.090789
0.022003,0.030479,0.056689,0.15572,0.10542,0.20459,0.30855,0.089466,0.013661,0.013411
0.051953,0.03398,0.031195,0.052687,0.080617,0.23125,0.18608,0.14441,0.13457,0.053265
0.069453,0.037451,0.049007,0.065793,0.10354,0.11997,0.37185,0.11358,0.043598,0.025757
0.025867,0.032909,0.035042,0.030554,0.074038,0.29424,0.32124,0.052514,0.057035,0.076565
0.0063609,0.025188,0.028188,0.074463,0.11327,0.20515,0.20421,0.1942,0.1142,0.034771
0.029147,0.08374,0.080794,0.27571,0.084396,0.14648,0.074862,0.042355,0.12514,0.057371
0.15175,0.094821,0.080743,0.13787,0.12237,0.090865,0.080145,0.07297,0.10198,0.066503
0.2023,0.11955,0.074821,0.081852,0.11746,0.054298,0.12164,0.089233,0.04723,0.091616
0.07511,0.072059,0.16594,0.18216,0.20475,0.03656,0.075988,0.074225,0.043574,0.069636
0.016448,0.18985,0.20468,0.19617,0.11655,0.14537,0.044952,0.021459,0.02859,0.035934
0.0041519,0.0047984,0.049756,0.21484,0.25211,0.277,0.12506,0.042017,0.0054741,0.024786
0.27302,0.072247,0.010625,0.011156,0.089194,0.068773,0.2142,0.13052,0.073952,0.056321
