0.006026,0.0044967,0.052235,0.12023,0.06367,0.065058,0.16964,0.1406,0.11324,0.26481
0.036836,0.13051,0.078182,0.11406,0.27193,0.2486,0.078352,0.022778,0.018014,0.0007423
0.028313,0.015042,0.060792,0.16527,0.179,0.28848,0.081671,0.063344,0.067939,0.050147
0.038393,0.068364,0.12959,0.3011,0.13145,0.12752,0.078503,0.084812,0.027087,0.013178
0.010286,0.042375,0.20374,0.31632,0.16558,0.052236,0.04615,0.069913,0.039273,0.054134
0.016607,0.0058195,0.030796,0.22369,0.19985,0.30682,0.13745,0.048074,0.013164,0.017722
0.08466,0.037324,0.10151,0.13318,0.10378,0.11425,0.26972,0.038886,0.041623,0.075068
0.012136,0.013402,0.087508,0.16438,0.3197,0.15685,0.1086,0.042662,0.040356,0.054422
0.0097469,0.021536,0.060289,0.036824,0.063435,0.23209,0.32678,0.13384,0.050984,0.064476
0.036243,0.062181,0.10654,0.10295,0.068358,0.17131,0.1466,0.09773,0.10504,0.10305
0.080131,0.053934,0.12383,0.034576,0.17411,0.17211,0.12512,0.1402,0.061775,0.034227
0.080678,0.033683,0.17454,0.29179,0.12064,0.12653,0.056794,0.053359,0.02229,0.039698
0.0085433,0.016095,0.036806,0.045364,0.20537,0.21633,0.19977,0.098536,0.078941,0.094242
0.025933,0.040355,0.038534,0.13655,0.14723,0.15872,0.17587,0.13648,0.072496,0.067827
0.033628,0.026915,0.013694,0.081419,0.16056,0.20514,0.10944,0.15149,0.1168,0.10091
0.030423,0.011557,0.038162,0.036206,0.10371,0.28171,0.29065,0.11226,0.056926,0.038405
0.04047,0.032375,0.044774,0.23379,0.09848,0.14389,0.087525,0.078127,0.13469,0.10587
0.11165,0.14505,0.14049,0.15108,0.16477,0.10455,0.069142,0.021937,0.05716,0.034158
0.058954,0.049327,0.23931,0.16585,0.18617,0.16176,0.072302,0.028914,0.027019,0.01039
