0.0065666,0.023178,0.082385,0.11456,0.082204,0.20292,0.12239,0.13191,0.14081,0.093071
0.042408,0.10261,0.065759,0.11183,0.14064,0.11635,0.17537,0.082011,0.1036,0.059424
0.067146,0.081679,0.062381,0.11186,0.13222,0.17218,0.18904,0.14529,0.027182,0.011013
0.05967,0.041016,0.051695,0.048856,0.1157,0.22138,0.25371,0.11747,0.063233,0.027258
0.094353,0.064198,0.033534,0.040919,0.1786,0.15762,0.074946,0.098354,0.15519,0.10228
0.031214,0.33611,0.23392,0.21359,0.032923,0.042504,0.0027077,0.052852,0.043738,0.010439
0.086883,0.019821,0.0086105,0.026524,0.072189,0.10227,0.056175,0.11635,0.21714,0.29404
0.09512,0.09822,0.048414,0.089699,0.068006,0.098802,0.053417,0.10518,0.12428,0.21886
0.087937,0.11444,0.10289,0.13052,0.060425,0.094434,0.070078,0.097646,0.16013,0.081496
0.043415,0.13209,0.20549,0.14013,0.087988,0.044315,0.11521,0.11601,0.078543,0.036811
0.18597,0.054293,0.038451,0.016108,0.066543,0.0090274,0.030693,0.048104,0.13612,0.41469
0.23866,0.26765,0.040082,0.064575,0.08098,0.074619,0.015603,0.12393,0.060546,0.033353
0.4356,0.14524,0.030283,0.12042,0.027167,0.0072751,0.035851,0.041686,0.11802,0.03846
0.047771,0.024832,0.0094643,0.079382,0.042361,0.1059,0.018801,0.015323,0.25265,0.40351
0.39069,0.23447,0.060145,0.13253,0.068463,0.023263,0.0057104,0.015451,0.046313,0.022965
0.17667,0.02118,0.028186,0.012197,0.032584,0.026893,0.041613,0.044001,0.16106,0.45562
0.24961,0.017745,0.04619,0.002009,0.013317,0.0061563,0.010441,0.023792,0.070239,0.56051
0,0.13976,0.022307,0.0064985,0.0026601,0.017229,0.017876,0.050113,0.43773,0.30583
0.015176,0,0.1447,0.012243,0.0015824,0.05386,0.032984,0.45258,0.21882,0.06805
0.02463,0.039546,0.094143,0.23044,0.21127,0.10421,0.07244,0.10686,0.10295,0.013511
0.032376,0.032471,0.046841,0.14496,0.090853,0.11738,0.21228,0.097059,0.026594,0.19918
