0.26975,0.30452,0.12938,0.1366,0.10348,0.041609,0.004776,0.0098878,0,0
0.096504,0.77428,0.031632,0.013214,0.015625,0.0024205,0.024902,0.035533,0.0026361,0.0032522
0.11251,0.093797,0.1271,0.11436,0.12569,0.049594,0.071362,0.036515,0.26229,0.0067963
0.10875,0.28582,0.096952,0.067045,0.044933,0.034234,0.00020702,0.17244,0.11182,0.077812
0.19946,0.14346,0.0072066,0.026117,0.054009,0.1102,0.018219,0.0079279,0.070039,0.36336
0.1903,0.085665,0.11188,0.18897,0.14489,0.092426,0.094809,0.056441,0.0028824,0.031737
0.16782,0.048644,0.040025,0.056052,0.35109,0.236,0.062663,0.024231,0.0067332,0.0067398
0.066424,0.11767,0.10461,0.12101,0.16002,0.22161,0.10384,0.037195,0.039126,0.028493
0.0911,0.053438,0.13912,0.14261,0.22732,0.096377,0.089042,0.045113,0.05411,0.061769
0.0077574,0.041421,0.079805,0.11523,0.19839,0.21679,0.19351,0.059484,0.046251,0.041353
0.01206,0.013438,0.014292,0.10297,0.1908,0.17264,0.23341,0.084722,0.083833,0.09184
0.078403,0.21765,0.095293,0.07748,0.041812,0.091789,0.098179,0.074763,0.057778,0.16685
0.036979,0.030928,0.097359,0.08113,0.082904,0.067526,0.14607,0.11726,0.22549,0.11435
0.024203,0.035967,0.15787,0.15582,0.081657,0.077401,0.12706,0.19949,0.08134,0.059189
0.024282,0.033176,0.048122,0.11677,0.2575,0.10011,0.11716,0.17824,0.0284,0.096242
0.11492,0.10783,0.16563,0.11839,0.2114,0.048917,0.063237,0.094367,0.066388,0.0089165
0.057771,0.070571,0.19758,0.1316,0.42184,0.052062,0.020668,0.033915,0.0054177,0.0085787
0.019839,0.28159,0.32685,0.19733,0.12627,0.017448,0.023601,0.0017909,0.005282,0
0.25435,0.61385,0.10007,0.0071071,0.0039781,0.0095346,0.0033532,0,0.0077616,0
0.073112,0.0058686,0.0020178,0.018691,0.19669,0.16379,0.16334,0.28357,0.059142,0.033775
0.0080714,0.032397,0.033078,0.43783,0.44226,0.021134,0.0070235,0.008295,0.0099117,0
0.036919,0.059229,0.027674,0.04423,0.30201,0.27909,0.18367,0.035773,0.011032,0.02037
0.080949,0.056534,0.096826,0.4243,0.092695,0.12141,0.062902,0.014472,0.027826,0.022082
