0.10074,0.048618,0.076983,0.094356,0.15197,0.42595,0.053949,0.031203,0.016232,0
0.14188,0.1084,0.11857,0.35577,0.10275,0.040327,0.045468,0.035636,0.015221,0.035978
0.063111,0.028632,0.053101,0.47647,0.13965,0.1088,0.024836,0.020864,0.024623,0.059909
0.050446,0.079294,0.099205,0.14181,0.082065,0.21324,0.086376,0.063917,0.08931,0.094339
0.039937,0.05036,0.32281,0.107,0.20164,0.10396,0.052165,0.043918,0.062354,0.015856
0.075874,0.13736,0.33973,0.10096,0.25264,0.03555,0.026446,0.025282,0.0032055,0.0029546
0.0017778,0.024135,0.0802,0.25864,0.13692,0.30894,0.14373,0.022208,0.015856,0.0075848
0.027182,0.03769,0.027392,0.069546,0.1217,0.17365,0.3352,0.087726,0.04658,0.073345
0.046643,0.054254,0.042414,0.067202,0.17223,0.20162,0.19911,0.095832,0.072076,0.048616
0.042284,0.044932,0.069815,0.024509,0.063261,0.22077,0.13661,0.22071,0.10755,0.069565
0.046971,0.076727,0.096027,0.054569,0.074975,0.23808,0.12939,0.089367,0.12868,0.065211
0.027198,0.082964,0.23729,0.16242,0.17552,0.12401,0.051996,0.037662,0.079029,0.0219
0.053516,0.30652,0.27132,0.06329,0.1073,0.07274,0.042602,0.036776,0.033374,0.012556
0.08301,0.064547,0.21446,0.11552,0.14549,0.1323,0.077178,0.049432,0.045159,0.072906
0.012868,0.053204,0.040216,0.042901,0.25071,0.036272,0.043708,0.06783,0.20424,0.24805
0.34087,0.43214,0.086046,0.0301,0.043668,0.020271,0.0023203,0.0033493,0.029564,0.011669
0.49917,0.25112,0.054276,0.017215,0.0062128,0.00032986,0.00039184,0.030334,0.032095,0.10885
0.11901,0.12632,0.1254,0.11614,0.16177,0.17261,0.1452,0.02161,0.011935,0
0.08656,0.094575,0.071075,0.060166,0.12652,0.086013,0.12509,0.08378,0.10702,0.15921
0,0.00069738,0.0074457,0.019516,0.018673,0.044441,0.39633,0.31445,0.14902,0.049429
0.0097723,0.14422,0.044681,0.0014295,0.024792,0.03382,0.028668,0.15001,0.23147,0.33115
0,0.011804,0.0088235,0.0087148,0.031402,0.37756,0.22946,0.24909,0.061443,0.021695
0.16941,0.090091,0.28189,0.1201,0.11203,0.18015,0.0048341,0.0069214,0.003168,0.031412
0.20413,0.14392,0.0063646,0.026471,0.24768,0.18266,0.099167,0.014658,0.047552,0.027398
0.13088,0.10593,0.28945,0.14265,0.051842,0.21137,0.041014,0.0042802,0,0.022587
0.00305,0.025677,0.015564,0.041819,0.20906,0.21189,0.39316,0.083174,0.012502,0.0040999
0.047126,0.0053305,0,0.0016895,0.0051931,0.0067714,0.0076999,0.059936,0.31513,0.55113
0.26033,0.071938,0.010522,0.0013668,0.0066189,0.021328,0.086108,0.35926,0.12297,0.059561
0,0,0.00069329,0.00066313,0,0.177,0.76762,0.032933,0.015873,0.0052192
0.035408,0.0010951,0.032846,0.048444,0.023527,0.058035,0.093899,0.12932,0.24789,0.32954
0.11655,0.082936,0.062343,0.077212,0.073663,0.037406,0.092798,0.11797,0.14687,0.19226
0.025769,0.0175,0.10253,0.20728,0.039879,0.030002,0.048356,0.054051,0.12266,0.35198
0.34775,0.16772,0.094836,0.06515,0.047432,0.077621,0.072838,0.072468,0.017197,0.036987
0.1739,0.21072,0.29292,0.035213,0.028011,0.0066554,0.086166,0.011039,0.035935,0.11944
0.14322,0.22168,0.27224,0.09881,0.034617,0.046787,0.085282,0.021475,0.036204,0.039673
0.054957,0.12732,0.10233,0.065673,0.097014,0.14547,0.08438,0.057294,0.057093,0.20847
0.0066223,0.00097745,0.056831,0.065024,0.020806,0.017357,0.045325,0.12071,0.4114,0.25495
0.29025,0.047521,0.024947,0.026546,0.0034638,0.044283,0.028779,0.24789,0.10537,0.18096
0.047501,0.080034,0.12006,0.12847,0.23348,0.024403,0.071304,0.0083208,0.24602,0.040404
0.030111,0.52224,0.14747,0.0632,0.13977,0.046046,0.017657,0.0047693,0.00092093,0.027813
0.24072,0.079371,0.033053,0.5741,0.062503,0.009603,0.00065087,0,0,0
0,0.017675,0.031526,0.16457,0.19404,0.20278,0.24506,0.11757,0.015541,0.01124
0,0.0043729,0.31435,0,0,0.024335,0.014137,0.033719,0.013162,0.59592
0.0020281,0.18326,0.35754,0.18054,0.21864,0.050907,0.0057472,0,0,0.0013393
0.56967,0.25648,0.088317,0.021576,0.024018,0.00264,0.025855,0.0030126,0.0017668,0.0066615
0,0,0,0.0044532,0.5557,0.15311,0.062579,0.17993,0.026084,0.018147
0.011739,0.010012,0.014441,0.020818,0.046928,0.048062,0.30411,0.061559,0.16572,0.31662
0,0,0,0.018291,0.029638,0.25581,0.36709,0.027921,0.25229,0.048963
0.032938,0.37165,0.35015,0.16082,0.026035,0.051729,0.0015861,0,0.0016982,0.0034022
0.0032093,0.030745,0.31701,0.38141,0.054806,0.014286,0.0077005,0.18696,0,0.0038764
0.052899,0.0072787,0.6101,0.2713,0.025855,0.014985,0.0037239,0.013858,0,0
0.007807,0,0.14737,0.014148,0,0.091798,0.050951,0.063868,0.38092,0.24314
0.0081535,0.81537,0.16543,0.0017184,0.0060197,0.0024901,0,0,0.00081849,0
0.04139,0.46247,0.28972,0.13142,0,0.023926,0.024033,0.02473,0.0018828,0.00042578
0.0046629,0.0013919,0.014452,0.0049637,0.30117,0.20065,0.44321,0.01148,0.0049082,0.013106
0,0.0010347,0,0.0032687,0.0033494,0.00365,0.0057181,0.5904,0.39258,0
0,0,0,0,0,0.0052631,0,0.013171,0.0079719,0.97359
0.023949,0.03192,0.012549,0.012771,0.040362,0.039391,0.079556,0.12769,0.16119,0.47063
0.46875,0.085547,0.18972,0.047628,0.0081278,0.07179,0.0042811,0.011917,0.071978,0.040268
0.20413,0.012925,0.058326,0.057983,0.076514,0.10663,0.068572,0.098957,0.16805,0.14792
0.049225,0.0087346,0.045307,0.034058,0.020667,0.071464,0.039339,0.044102,0.28192,0.40518
0.13255,0.27059,0.23339,0.041445,0.0457,0.027854,0.066214,0.032274,0.044863,0.10511
0.032466,0.031737,0.033819,0.11557,0.12325,0.30578,0.13798,0.030247,0.069412,0.11974
0.089178,0.09422,0.040701,0.02807,0.07562,0.073073,0.1391,0.17888,0.15834,0.12281
0.07809,0.015594,0.010706,0.010559,0.046067,0.069157,0.077538,0.11025,0.22727,0.35477
0.19817,0.22327,0.10327,0.11251,0.057622,0.031785,0.096321,0.12373,0.039994,0.013328
0.82706,0.062092,0.030258,0.019833,0.029133,0.025535,0.0060856,0,0,0
0.1453,0.080054,0.09311,0.11322,0.10535,0.22478,0.057956,0.14882,0.013863,0.017556
0.0029808,0,0.041332,0.038184,0.031721,0.32901,0.18526,0.24274,0.11868,0.010101
0.00010655,0.010246,0.028491,0.059097,0.15531,0.1508,0.085884,0.13478,0.25742,0.11787
0.014292,0.0013253,0.20549,0.16878,0.29441,0.12003,0.10203,0.0511,0.023815,0.018731
0.47015,0.27822,0.14717,0.057744,0.010316,0.019218,0.0016125,0.0051593,0.003815,0.0066022
0.067068,0.17209,0.38319,0.10934,0.14445,0.10396,0.0088993,0.0030837,0.0051935,0.0027197
0.0020661,0,0.002532,0.47068,0.42626,0.088389,0.010077,0,0,0
0.0030856,0,0,0,0.0036407,0.046692,0.17531,0.45808,0.24736,0.065831
