0.15635,0.074246,0.099401,0.2166,0.20506,0.082098,0.045309,0.044778,0.040359,0.035801
0.068479,0.026305,0.078678,0.49786,0.083563,0.12069,0.015373,0.03231,0.020461,0.056285
0.070474,0.076082,0.15013,0.09768,0.35495,0.14327,0.073496,0.020421,0.0088593,0.0046448
0.028226,0.03729,0.042286,0.066097,0.2269,0.22052,0.19063,0.052006,0.051467,0.084583
0.025798,0.030641,0.038908,0.049995,0.091521,0.29492,0.24241,0.09896,0.074158,0.052689
0.0083954,0.051891,0.1122,0.13719,0.12615,0.19762,0.068536,0.09439,0.093396,0.11024
0.14916,0.27962,0.11318,0.067318,0.1166,0.10663,0.055854,0.039657,0.067116,0.004867
0.1561,0.055529,0.11745,0.26822,0.28263,0.027012,0.018731,0.017442,0.030544,0.02634
0.24007,0.20557,0.17039,0.18604,0.11083,0.038038,0.014397,0.016949,0.01465,0.0030668
0.0096406,0.018217,0.0063903,0.018712,0.041616,0.043576,0.26404,0.46898,0.078731,0.050104
7.1493e-05,0.018401,0.040455,0.12523,0.065422,0.041672,0.088171,0.16489,0.22264,0.23305
0.093363,0.1141,0.045558,0.087917,0.35299,0.11272,0.018237,0.093863,0.019477,0.061787
0.13266,0.16269,0.096422,0.16751,0.079016,0.16099,0.13522,0.048183,0.00066619,0.016655
0.12234,0.030834,0.0052718,0.0097353,0.0043701,0.0043177,0.032115,0.067218,0.34869,0.3751
0.010598,0.017025,0.035573,0.035816,0.042447,0.039841,0.098343,0.093439,0.19808,0.42883
0.06797,0.054511,0.034624,0.018416,0.074031,0.060458,0.095274,0.082204,0.27181,0.2407
0.25054,0.17562,0.11205,0.053044,0.074706,0.045791,0.018192,0.031733,0.18247,0.055852
0.036082,0.082454,0.10569,0.099581,0.099118,0.20202,0.13417,0.048273,0.06671,0.1259
0.13568,0.0434,0.03181,0.015013,0.092774,0.012335,0.033161,0.16747,0.27428,0.19407
0.087683,0.022973,0.18356,0.27144,0.13228,0.08497,0.035133,0.13132,0.03144,0.019189
0.012532,0.039678,0.45956,0.34889,0.12436,0.013493,0,0,0,0.0014926
0,0,0.095258,0.0029948,0.0038189,0.012754,0.018196,0.23605,0.47327,0.15765
0,0,0.17888,0.71962,0.034635,0.022978,0.0064521,0.0021162,0.031985,0.003329
0,0,0,0,0.039287,0.15808,0.18051,0.092343,0.47972,0.050055
0.86832,0.087223,0.01267,0.0081956,0.0028335,0.0043269,0,0.0090464,0.0073823,0
0,0.0059315,0.096774,0.5107,0.31558,0.03223,0.027582,0.0075295,0.0036738,0
0.61976,0.27398,0.013278,0.010284,0.0083958,0.0042842,0.070015,0,0,0
0.0016531,0.00086985,0,0.023105,0.0045577,0.0084953,0.015305,0.9319,0.014118,0
0.011646,0.020478,0.020851,0.0088338,0.0097483,0.017087,0.11268,0.13083,0.19836,0.46949
0.06488,0.069319,0.023065,0.025219,0.034538,0.1435,0.12662,0.098799,0.21461,0.19945
0.096051,0.11194,0.16663,0.03589,0.024496,0.18063,0.15265,0.01616,0.11969,0.095868
0.071244,0.027145,0.030577,0.033494,0.12774,0.082009,0.086184,0.088764,0.25711,0.19574
0.0085575,0.01741,0.060425,0.035914,0.071236,0.093116,0.20714,0.068722,0.16733,0.27015
0.68585,0.091099,0.088852,0.030666,0.048084,0.04084,0,0.014609,0,0
0,0.0023625,0.010922,0.03672,0.12604,0.21372,0.12204,0.31778,0.16234,0.0080732
0.015047,0.24331,0.19656,0.11566,0.12015,0.10983,0.13884,0.029083,0.017755,0.013769
0,0.0035218,0.10591,0.55182,0.12752,0.13065,0.070124,0.002665,0,0.0077994
