0,0,0,0,0.004739,0.0023223,0.0051645,0.0074682,0.11956,0.86074
0.14389,0.097872,0.093098,0.03094,0.049803,0.062384,0.061403,0.13077,0.2103,0.11954
0.22019,0.40116,0.17038,0.084735,0.034516,0.044006,0.031289,0.0063624,0.0073654,0
0.11716,0.58941,0.18758,0.046267,0.047702,0.010597,0,0.0012863,0,0
0.091904,0.35677,0.36316,0.11464,0.026221,0.030695,0.015264,0.00086542,0.00047767,0
0.03239,0.48189,0.44267,0.015184,0.013042,0.0074277,0,0.0011086,0.0018115,0.0044795
0.46235,0.19076,0.048061,0.091132,0.092298,0.044341,0.019128,0.018987,0.018543,0.014401
0,0,0.036668,0.19839,0.21537,0.52992,0.017479,0,0.0021762,0
0.020297,0.0050255,0.0028848,0.076293,0.14901,0.53123,0.09065,0.07887,0.028392,0.017351
0.0021239,0.027255,0.03035,0.077814,0.58677,0.16095,0.040828,0.025219,0.027446,0.021244
0.081436,0.053054,0.051095,0.07065,0.161,0.16445,0.093837,0.14022,0.084203,0.10005
0.094975,0.040257,0.061638,0.11718,0.11833,0.22334,0.18553,0.053047,0.072964,0.032728
0.044926,0.052158,0.042894,0.053678,0.22991,0.24659,0.11378,0.11068,0.065621,0.039763
0.001705,0.016641,0.05696,0.13698,0.2599,0.27946,0.10674,0.046585,0.063669,0.031353
0.083204,0.11209,0.13925,0.22038,0.17864,0.092918,0.13907,0.019496,0.010398,0.0045491
0.039329,0.023528,0.046528,0.13548,0.13168,0.19193,0.080858,0.29453,0.038678,0.017455
0,0.003919,0.029371,0.28588,0.058454,0.027522,0.10154,0.17493,0.14222,0.17618
0.076021,0.20287,0.21685,0.15402,0.12417,0.039478,0.079483,0.061851,0.036583,0.0086745
0.057623,0.11754,0.1884,0.18286,0.16406,0.18237,0.061379,0.032061,0.0086447,0.0050611
0.028368,0.06778,0.10824,0.37508,0.20523,0.17955,0.014958,0.013389,0.0065444,0.00086322
0.018042,0.0006417,0.046738,0.2754,0.45416,0.13834,0.026375,0.011159,0.020423,0.0087159
0.0041967,0.012661,0.059013,0.027266,0.16801,0.33016,0.19073,0.04844,0.079846,0.079678
0.18193,0.014805,0.035184,0.010104,0.044929,0.087335,0.43662,0.10577,0.068858,0.014461
0.03353,0.18531,0.065784,0.087369,0.02023,0.074335,0.16284,0.11607,0.18289,0.071642
0.25801,0.071103,0.012834,0.0043402,0.007342,0,0.21134,0.23857,0.11999,0.076467
0.13414,0.085315,0.016213,0.042174,0.011322,0.023556,0.069139,0.088058,0.10005,0.43003
0.0567,0.023336,0.063731,0.11083,0.2286,0.31307,0.089676,0.070427,0.030424,0.013212
0.16414,0.10302,0.11878,0.25894,0.10774,0.080454,0.087299,0.017082,0.053231,0.0093173
0.14586,0.20556,0.22822,0.077774,0.067436,0.086334,0.030061,0.080067,0.071125,0.0075555
0.024325,0.0014978,0.055762,0.65206,0.23412,0.029956,0.0022799,0,0,0
0.010015,0.016618,0.72405,0.18022,0.0050863,0.027172,0.028062,0.0087749,0,0
0.0056127,0.0036308,0.024463,0.11363,0.26649,0.4916,0.039795,0.031766,0.008094,0.014919
0,0.015943,0.057323,0.18853,0.33932,0.15165,0.11932,0.032738,0.072608,0.022566
0.013101,0.015667,0.041049,0.18396,0.31433,0.22396,0.14344,0.023482,0.027726,0.013287
0.0081255,0.034919,0.030955,0.051679,0.19473,0.086509,0.12929,0.20813,0.13196,0.1237
0.032582,0.1309,0.082008,0.058004,0.20336,0.023904,0.14802,0.13882,0.12317,0.059225
0.038211,0.030879,0.018217,0.043648,0.038124,0.076146,0.17381,0.11827,0.16809,0.29461
0.030609,0.018227,0.078462,0.0905,0.13619,0.047445,0.10622,0.23243,0.16261,0.097301
0.053379,0.049413,0.0095874,0.10812,0.10095,0.24881,0.16033,0.22308,0.028737,0.017598
0.053008,0.05725,0.047848,0.19774,0.13304,0.1961,0.13973,0.091979,0.043936,0.039366
0.04862,0.092811,0.29022,0.2734,0.10975,0.094537,0.044371,0.011759,0.012476,0.022051
0.13281,0.28694,0.20072,0.15153,0.08012,0.091023,0.018696,0.010699,0.012004,0.015464
0.52467,0.20859,0.068625,0.035609,0.03526,0.042229,0.0087868,0.0038991,0.05789,0.014443
0.15974,0.1717,0.1742,0.0646,0.062138,0.055378,0.02389,0.084197,0.095665,0.10848
0.049531,0.075299,0.02898,0.0029551,0.024929,0.14632,0.105,0.41354,0.13313,0.020317
0.33577,0.10173,0.22494,0.093089,0.06752,0.03574,0.0059218,0.0042084,0.07347,0.057613
0.52762,0.051031,0.02803,0.047111,0.024564,0.022973,0.029886,0.085032,0.096675,0.087075
0.10493,0.098695,0.12229,0.049049,0.029473,0.015045,0.099364,0.038689,0.22977,0.21269
0.056133,0.16274,0.22203,0.21499,0.10805,0.018387,0.042767,0.073527,0.045314,0.056062
0.19852,0.13523,0.068679,0.074156,0.11476,0.16661,0.088704,0.077186,0.034174,0.041982
0.17013,0.032083,0.061713,0.081791,0.15921,0.18851,0.13079,0.08072,0.056536,0.03853
0.0045702,0.030147,0.10698,0.038004,0.059648,0.349,0.14189,0.15173,0.034921,0.083107
0.025134,0.025073,0.023074,0.033184,0.048439,0.13155,0.14466,0.12807,0.073851,0.36697
0.13419,0.10497,0.14216,0.074403,0.08612,0.10233,0.024148,0.1019,0.10038,0.1294
0.0094499,0.032164,0.070504,0.050532,0.11417,0.23512,0.10046,0.10797,0.10958,0.17005
0.089811,0.052698,0.086591,0.11783,0.051775,0.25726,0.051008,0.10446,0.10377,0.084791
0.10402,0.17942,0.18336,0.12067,0.041468,0.05603,0.0052529,0.18205,0.062389,0.065343
0.053923,0.019985,0.029196,0.082691,0.11461,0.4106,0.094979,0.053024,0.12895,0.012041
0,0,0,0.022606,0.24368,0.66177,0.058454,0.0097383,0,0.0037432
0.19688,0.65539,0.061948,0.08282,0.0029585,0,0,0,0,0
0,0.0063242,0.0062269,0.019892,0.03407,0.14901,0.47528,0.29385,0.0080989,0.0072446
0.019228,0.029551,0.047302,0.68938,0.12517,0.087384,0,0,0,0.0019848
0.0013742,0.00028767,0.0078674,0.001943,0.00083395,0.011052,0.050248,0.64604,0.2567,0.023661
0.12894,0.6814,0.14096,0.044893,0.002988,0.00081605,0,0,0,0
0.01542,0.15794,0.080429,0.37256,0.1635,0.1222,0.033965,0.0058658,0.019869,0.028257
0.81684,0.13217,0.018516,0.0067331,0.010477,0.0017526,0.0021575,0.0095927,0,0.0017658
0,0,0,0.44952,0.26403,0.11523,0.088965,0.003115,0.0267,0.052439
0.068533,0.81366,0.083919,0.026114,0.0052447,0.00067658,0,0.0018489,0,0
0.36912,0.15315,0.11157,0.022847,0.031989,0.13209,0.023929,0.022563,0.048536,0.084208
0.15414,0.066816,0.24747,0.23652,0.15983,0.066742,0.031098,0.034262,0.0027077,0.00040856
0.042071,0.0083003,0.20444,0.094121,0.097881,0.10914,0.074028,0.10812,0.09068,0.17121
0.04321,0.087211,0.14712,0.11273,0.12921,0.21246,0.10043,0.077654,0.035863,0.054113
0.13689,0.45988,0.074709,0.067233,0.10701,0.094054,0.0057322,0.034782,0.0065686,0.013143
0.016915,0.010109,0.01248,0.046503,0.070229,0.098179,0.33602,0.12119,0.094043,0.19433
0.045953,0.24814,0.52871,0.12964,0.024927,0.010039,0.0057353,0.0025913,0,0.004267
0.0075469,0.039921,0.001299,0.010495,0.08424,0.38566,0.16992,0.1967,0.07633,0.027881
0,0.0028643,0,0.029701,0.023312,0.026736,0.013367,0.033164,0.19825,0.6726
0.10821,0.061791,0.073994,0.055897,0.092794,0.038814,0.077171,0.076738,0.22137,0.19322
0.24783,0.17464,0.046492,0.051311,0.048467,0.10107,0.12501,0.093625,0.07605,0.035519
0.30971,0.10095,0.039571,0.042813,0.023576,0.12776,0.035802,0.074162,0.17273,0.072918
0.083458,0.076458,0.06597,0.023984,0.0423,0.077287,0.078219,0.097233,0.13921,0.31588
0.20003,0.0931,0.063414,0.051585,0.13839,0.066575,0.12559,0.065236,0.058344,0.13774
0.022771,0.014041,0.027134,0.032849,0.04294,0.083102,0.18302,0.064604,0.15522,0.37432
