0,0,0,0,0.0038217,0.0032572,0,0.03407,0.1108,0.84806
0.16603,0.50599,0.19477,0.04983,0.061883,0.016715,0.00023712,0.0021407,0.0019846,0.00042109
0.067618,0.35962,0.47153,0.04234,0.0078222,0.045282,0,0.0026397,0.003156,0
0.012859,0.025721,0.16091,0.11669,0.28218,0.35624,0.045398,0,0,0
0.0065179,0.0076794,0.021931,0.092853,0.52035,0.24577,0.042927,0.038506,0.016696,0.0067728
0.02711,0.053497,0.08313,0.084242,0.12875,0.25935,0.14497,0.10322,0.077375,0.038366
0.024844,0.097909,0.14559,0.10251,0.14929,0.15148,0.11356,0.098877,0.051801,0.064137
0.04804,0.054267,0.086042,0.092976,0.27514,0.173,0.11047,0.12583,0.012782,0.02145
0.057126,0.1929,0.25103,0.079483,0.15163,0.10763,0.066028,0.040046,0.037625,0.0165
0.030321,0.10566,0.25092,0.099076,0.084077,0.23087,0.15194,0.030827,0.011801,0.0045019
0,0.018739,0.021508,0.18846,0.39021,0.2507,0.055855,0.032263,0.0094868,0.032777
0.14509,0.10922,0.034123,0.012139,0.039791,0.13213,0.05441,0.12744,0.078193,0.26747
0.26822,0.0737,0.016137,0.0014698,0.0064752,0.065985,0.041205,0.055287,0.25468,0.21684
0.17627,0.012006,0.011333,0.058667,0.23228,0.2256,0.10968,0.11302,0.050491,0.010656
0.041761,0.062338,0.21299,0.3697,0.14032,0.05736,0.024261,0.048646,0.029351,0.013272
0.012826,0.012234,0.063908,0.17894,0.48535,0.082286,0.057514,0.044212,0.030117,0.032621
0.020208,0.007272,0.045943,0.1729,0.31112,0.17568,0.11234,0.049681,0.070356,0.034504
0.025639,0.041691,0.065083,0.025447,0.21727,0.2451,0.18424,0.082569,0.070111,0.042856
0.042795,0.028975,0.07384,0.058837,0.12052,0.083653,0.14926,0.28493,0.092153,0.065039
0.028967,0.065764,0.051938,0.099115,0.18039,0.21903,0.16854,0.14717,0.024348,0.014735
0.12442,0.1999,0.24002,0.08177,0.056385,0.12084,0.06005,0.023019,0.051861,0.041735
0.40403,0.15633,0.073329,0.061073,0.03677,0.087329,0.027372,0.033709,0.04261,0.077446
0.16289,0.071973,0.10428,0.080611,0.054112,0.16679,0.18455,0.050545,0.065107,0.059139
0.33377,0.089149,0.028789,0.025653,0.016707,0.046619,0.075943,0.11006,0.13216,0.14115
0.18052,0.15656,0.12923,0.12323,0.058858,0.12044,0.037,0.075923,0.039873,0.078369
0.15531,0.080714,0.059542,0.0668,0.17259,0.11572,0.11679,0.10533,0.07003,0.057165
0.057092,0.043937,0.05514,0.070999,0.085294,0.14889,0.10241,0.046792,0.14405,0.2454
0.0068081,0.039079,0.052825,0.046241,0.087098,0.23847,0.14293,0.16537,0.11328,0.1079
0.12215,0.1228,0.1323,0.074653,0.045925,0.13122,0.18213,0.14623,0.0041007,0.038473
0.21842,0.67932,0.072869,0.025076,0.0016673,0,0,0.0026432,0,0
0.026258,0.031617,0.032208,0.64635,0.12235,0.12116,0.020053,0,0,0
0.56025,0.14956,0.012871,0.045553,0.047726,0.06181,0.026302,0.014385,0.047822,0.033714
0.099319,0.31107,0.35777,0.11443,0.06716,0.0061673,0.0082323,0.0012216,0.014496,0.020134
0.00099929,0,0.61563,0.16357,0.14558,0.034014,0.0031701,0.011005,0.011402,0.014622
0.10327,0.16179,0.30416,0.2075,0.12815,0.034985,0.041493,0.013876,0.0024366,0.0023279
0.044985,0.028812,0.044738,0.22472,0.20542,0.098001,0.064091,0.079076,0.029861,0.18029
0.37027,0.13172,0.11072,0.026109,0.086858,0.12706,0.050495,0.033753,0.028392,0.03463
0.052341,0.16935,0.01572,0.014262,0.096319,0.36316,0.088349,0.029732,0.13886,0.03191
0.050227,0.057359,0.053919,0.040693,0.15951,0.047385,0.086415,0.03826,0.10703,0.35921
0.18682,0.0861,0.050942,0.028657,0.050719,0.093061,0.15494,0.10186,0.06272,0.18418
0.13669,0.12147,0.017218,0.062828,0.12132,0.13039,0.088774,0.077262,0.1211,0.12295
