0.12612,0.021294,0.0035398,0.071995,0.11729,0.10395,0.096933,0.16336,0.22449,0.071037
0.26712,0.5377,0.081324,0.060368,0.013869,0.02164,0.005812,0.0049977,0.0071744,0
0.0030738,0,0.0017988,0.081321,0.064156,0.058264,0.073216,0.32768,0.27904,0.11144
0.17919,0.21095,0.19394,0.093908,0.14213,0.097851,0.023142,0.039346,0.0041811,0.015369
0.064816,0.43678,0.1411,0.03761,0.09752,0.032672,0.074031,0.021112,0.028583,0.065773
0.75933,0.1243,0.024741,0.023492,0.043471,0.014369,0.0075442,0.002757,0,0
0.1733,0.041886,0.022918,0.028683,0.06673,0.10441,0.11597,0.14015,0.14855,0.1574
0,0,0.0011382,0.055369,0.021956,0.06282,0.27213,0.34379,0.15503,0.087769
0.025582,0.015886,0.040099,0.024845,0.11855,0.18594,0.16528,0.37872,0.030371,0.014728
0.83961,0.10002,0.014132,0.0077319,0.034634,0.0038719,0,0,0,0
0.0074455,0.0093965,0.013358,0.0018369,0.026921,0.1051,0.012826,0.084816,0.29476,0.44354
0.019173,0,0,0.0020972,0.016517,0.014294,0.42094,0.5174,0.0095774,0
0,0.0052457,0.00087549,0,0.038304,0.015586,0.015204,0.087262,0.509,0.32852
0.018999,0.038436,0.065011,0.024172,0.11109,0.319,0.1319,0.21548,0.070434,0.0054789
0,0,0.03412,0.0082323,0.11589,0.48593,0.31295,0.027778,0.012597,0.002503
0.38353,0.5756,0.035277,0.0010658,0.0041772,0,0,0,0,0.00034823
0.80576,0.13703,0.043187,0.0016971,0.0037513,0.0048094,0.00082745,0.001448,0.001481,0
0.3666,0.26743,0.079823,0.036537,0.0513,0.042719,0.020052,0.012441,0.039759,0.083339
0.20808,0.59508,0.057946,0.065219,0.034212,0.012616,0,0.026851,0,0
0.17754,0.359,0.25786,0.11986,0.044211,0.034193,0.0073324,0,0,0
0.013659,0.026028,0.072542,0.2887,0.092731,0.082034,0.083475,0.069072,0.073954,0.1978
0.13597,0.054462,0.02762,0.083366,0.12702,0.081544,0.078952,0.08407,0.11719,0.20981
0.063157,0.065601,0.063777,0.12107,0.16793,0.07406,0.10073,0.097549,0.18146,0.06467
0.091392,0.045915,0.033762,0.35923,0.14114,0.067256,0.086939,0.050002,0.10033,0.024033
0.1471,0.11845,0.1691,0.13505,0.21863,0.17543,0.030316,0.0023204,0.0018275,0.0017864
0.20983,0.068465,0.078724,0.18819,0.1403,0.10339,0.010796,0.17413,0.019059,0.0071178
0.061348,0.038859,0.033991,0.054451,0.18267,0.27779,0.0406,0.13196,0.12999,0.048346
