0.064962,0.057618,0.02769,0.056751,0.23513,0.2137,0.18674,0.086359,0.046177,0.02487
0.15114,0.12804,0.15529,0.090636,0.084962,0.082842,0.16819,0.056801,0.037226,0.044866
0.013846,0.023554,0.06164,0.19606,0.27424,0.23549,0.16522,0.013854,0.014521,0.0015731
0.034537,0.1972,0.13935,0.17727,0.25752,0.10379,0.051994,0.0026319,0.023796,0.011916
0.043328,0.0090188,0.079478,0.10563,0.29994,0.23115,0.14427,0.03764,0.019704,0.029833
0.040179,0.018282,0.015664,0.0095556,0.026157,0.037888,0.052905,0.080522,0.34761,0.37124
0.018879,0.028804,0.045442,0.2236,0.43706,0.052744,0.13865,0.047846,0.0063979,0.00058072
0.095534,0.63369,0.048315,0.030214,0.0080569,0.0035305,0.00771,0.017081,0.11627,0.039595
0.12519,0.081368,0.053589,0.1521,0.12368,0.098972,0.13935,0.081991,0.10942,0.034339
0.0069728,0.010065,0.033855,0.075597,0.14895,0.25992,0.11999,0.097121,0.10178,0.14575
0.14788,0.057141,0.070767,0.16907,0.12718,0.092448,0.072218,0.092941,0.080092,0.090263
0.046731,0.069223,0.057491,0.07078,0.072294,0.13409,0.15778,0.23419,0.084706,0.072727
0.087473,0.073473,0.085645,0.078143,0.16612,0.21289,0.11642,0.07154,0.059959,0.048339
0.026398,0.074042,0.035857,0.056144,0.14663,0.35063,0.11923,0.12805,0.057939,0.0050744
0.60224,0.14527,0.051553,0.023509,0.047531,0.004376,0.012059,0.056321,0.013872,0.043268
0.042807,0.14432,0.14093,0.25547,0.1198,0.030069,0.082902,0.12475,0.023207,0.035736
0.072681,0.12129,0.15224,0.098727,0.12084,0.099816,0.073135,0.052265,0.12874,0.080259
0.025263,0.0088039,0.022826,0.11459,0.23477,0.30554,0.17447,0.023498,0.019501,0.070735
0.00080578,0.00077066,0.040961,0.27518,0.25316,0.1004,0.058096,0.02366,0.094143,0.15283
