0.20444,0.061021,0.16048,0.073466,0.11919,0.062059,0.12614,0.074682,0.081373,0.037155
0.033212,0.14831,0.15215,0.20906,0.14848,0.045113,0.11135,0.13859,0.0094062,0.0043303
0.022619,0.08364,0.048649,0.21889,0.24861,0.17064,0.147,0.036074,0.021208,0.0026729
0.00065255,0.00059022,0.0055657,0.01363,0.068369,0.26448,0.51222,0.071939,0.033291,0.029259
0.031954,0.021823,0.03682,0.08254,0.16532,0.14592,0.38123,0.10725,0.0076179,0.019519
0.02812,0.010306,0.036992,0.093043,0.12188,0.16861,0.052271,0.23647,0.20062,0.051693
0.011374,0.010959,0.20955,0.35056,0.039146,0.18959,0.13945,0.028002,0.013806,0.0075617
0.54441,0.42231,0.0030689,0.01719,0,0,0.013027,0,0,0
0.25427,0.47197,0.23126,0.028061,0.0071399,0.0067256,0.00057133,0,0,0
0.047968,0.019538,0.16354,0.12949,0.096268,0.067556,0.047688,0.076245,0.091024,0.26068
0.071388,0.096495,0.37646,0.052158,0.10279,0.051756,0.019065,0.029315,0.10719,0.093371
0.076615,0.14942,0.32867,0.081387,0.074849,0.1399,0.078245,0.026504,0.034391,0.010008
0.064411,0.046517,0.26775,0.036937,0.13396,0.16307,0.1522,0.042636,0.037274,0.055231
0.022998,0.26993,0.13523,0.15127,0.096787,0.098145,0.048501,0.082159,0.039635,0.055345
0.10413,0.089296,0.36338,0.10345,0.031029,0.044784,0.04593,0.03418,0.072738,0.11108
0,0.080084,0.046017,0.0013565,0.0037392,0.0093133,0.078592,0.12706,0.34989,0.30394
0.02756,0.068912,0.048707,0.014772,0.13766,0.1664,0.11219,0.32044,0.044855,0.058499
0.016669,0.042295,0.12693,0.068532,0.026686,0.017468,0.16925,0.080911,0.37374,0.077525
0.015606,0.017681,0.11561,0.024879,0.20194,0.27018,0.22884,0.029625,0.066588,0.029048
0.035377,0.16187,0.021892,0.14521,0.17615,0.18624,0.21179,0.058253,0.0014472,0.00178
0.2046,0.48562,0.081948,0.14326,0.069692,0.0091396,0.00067808,0.0015506,0.00066732,0.0028381
0.58749,0.35479,0.012969,0.021887,0.0090314,0.0076691,0.00030648,0.00057622,0,0.0052795
0.12616,0.047107,0.037844,0.093508,0.52045,0.069506,0.026137,0.027671,0.023301,0.028323
0.21086,0.4232,0.059834,0.039932,0.2614,0.0046232,0,0,0.00014227,0
0.049567,0.38981,0.3707,0.071719,0.043071,0.013592,0.027396,0.015823,0.0085229,0.0097999
0.044689,0.046294,0.040205,0.62121,0.16959,0.0040049,0.0084637,0.021072,0.016273,0.0282
0.091178,0.28309,0.10722,0.11755,0.2841,0.056156,0.010287,0.041342,0.0070607,0.0020113
0.13918,0.038726,0.055395,0.048337,0.34005,0.1004,0.016887,0.060987,0.14192,0.058116
0.016044,0.013034,0.24367,0.30222,0.26696,0.11639,0.025642,0.011497,0.0029935,0.0015386
0.0083855,0.004065,0.086176,0.13317,0.13,0.10023,0.1827,0.19546,0.064444,0.095358
0.007764,0.016208,0.015275,0.048204,0.051565,0.12869,0.11085,0.13783,0.29237,0.19124
0.015324,0.068939,0.35324,0.14228,0.16172,0.026298,0.030174,0.10679,0.031537,0.0637
0.060598,0.11549,0.34101,0.21273,0.17209,0.052157,0.0022003,0.0012812,0.0064427,0.035993
0.84205,0.052769,0.032142,0.028275,0.02571,0.012142,0.00049349,0,0,0.0064158
0.053069,0.090963,0.025793,0.090306,0.27504,0.25327,0.086927,0.066768,0.026469,0.031392
0.24122,0.015971,0.015425,0.071919,0.051385,0.0527,0.043058,0.064695,0.3072,0.13642
0.40142,0.049996,0.16423,0.046109,0.061177,0.019414,0.1319,0.019614,0.050929,0.055209
0.33316,0.074687,0.034507,0.032803,0.037091,0.064866,0.02746,0.17797,0.1388,0.078662
0.088813,0.3551,0.03804,0.10805,0.026309,0.016172,0.046483,0.10089,0.11858,0.10157
0.095107,0.024099,0.0063383,0.020398,0.042397,0.0091569,0.059808,0.084794,0.46415,0.19376
0.20272,0.40402,0.1925,0.047162,0.0795,0.021586,0.039841,0.0085588,0.0010464,0.0030694
0.050721,0.23294,0.057081,0.014086,0.059311,0.11141,0.083439,0.050468,0.071888,0.26865
0.27189,0.166,0.032483,0.10038,0.037468,0.045003,0.020252,0.066791,0.08272,0.17701
0.1865,0.044308,0.089933,0.12018,0.053656,0.28144,0.058994,0.013755,0.080884,0.070355
0.052737,0.0092244,0.20434,0.35251,0.11053,0.025478,0.083328,0.07153,0.084115,0.0062086
0.18618,0.13921,0.05392,0.02518,0.10312,0.12133,0.14444,0.15454,0.051251,0.020844
0.065358,0.10306,0.10209,0.11424,0.20603,0.1261,0.028792,0.17521,0.054934,0.024177
0.061445,0.79098,0.063363,0.04466,0.015786,0.0082131,0.0020863,0.00067366,0.002438,0.010354
0.0038652,0,0,0.012309,0.024877,0.097257,0.19183,0.09153,0.22397,0.35437
0.24845,0.41573,0.055294,0.023317,0.17619,0.02809,0.036536,0.015601,0.00079099,0
0.00077736,0,0,0.008868,0.047324,0.21543,0.060122,0.047109,0.083832,0.53654
0.010148,0.20997,0.13711,0.12667,0.15041,0.25711,0.060559,0.013908,0.022022,0.012097
0.41816,0.39616,0.020767,0.066478,0.074582,0.004092,0.016426,0,0,0.0033349
0.022126,0.0042503,0.0065372,0.0201,0.31157,0.22254,0.17834,0.097718,0.071774,0.065045
0.06221,0.10439,0.24485,0.17686,0.24286,0.11235,0.004121,0.01362,0.00020989,0.038531
0.524,0.08515,0.060307,0.038899,0.21099,0.069811,0.0025867,0,0.0018003,0.0064473
0.25989,0.043937,0.098989,0.22574,0.080366,0.071445,0.01555,0.10466,0.044591,0.054826
0.17739,0.19969,0.08439,0.02154,0.070893,0.2134,0.10947,0.044909,0.047366,0.030941
0.02144,0.12059,0.047772,0.038589,0.0082765,0.01482,0.22166,0.067663,0.084492,0.3747
0.0265,0.05721,0.3523,0.32865,0.075515,0.057889,0.0065707,0.030114,0.017437,0.04781
0.26984,0.10263,0.06675,0.024121,0.12797,0.16137,0.053051,0.16192,0.021014,0.011333
0.031052,0.15317,0.067438,0.08448,0.090682,0.14207,0.20748,0.13384,0.063413,0.026377
0.016155,0.0016329,0.025024,0.037535,0.092121,0.49824,0.053563,0.048701,0.08386,0.14317
0.0047619,0.024801,0.015874,0.0090075,0.03517,0.077643,0.17591,0.25666,0.33718,0.062993
0.0031972,0.0046864,0.0035423,0.0253,0.054259,0.035612,0.13723,0.19874,0.29638,0.24107
0.00089503,0.011562,0,0.0015235,0.0553,0.078331,0.15239,0.138,0.25383,0.30816
0.73522,0.062861,0.05248,0.038758,0.00040941,0.0017731,0.054854,0.034032,0.012426,0.0071837
