0.14131,0.10062,0.16647,0.06553,0.10474,0.092638,0.24797,0.020435,0.041813,0.018471
0.069587,0.056465,0.026226,0.065761,0.17566,0.18281,0.13304,0.13584,0.06995,0.084661
0.0098069,0.018596,0.032944,0.064213,0.17634,0.16616,0.37184,0.13652,0.011338,0.012251
0.027824,0.20888,0.40677,0.13498,0.17599,0.024393,0.0039065,0.0096004,0.0029859,0.0046655
0.018665,0.019806,0.17131,0.12455,0.075504,0.063676,0.047255,0.062286,0.19917,0.21778
0.062583,0.14098,0.35152,0.085699,0.10423,0.087848,0.043426,0.058971,0.034196,0.030557
0.064046,0.12737,0.25665,0.089167,0.24097,0.10105,0.0072199,0.022981,0.045822,0.044731
0.0051456,0.020826,0.075197,0.18603,0.090205,0.066882,0.07135,0.056819,0.18748,0.24006
0.017745,0.029434,0.01891,0.022797,0.16326,0.10808,0.19585,0.20677,0.18691,0.050237
0.04377,0.09496,0.069013,0.052849,0.26184,0.20792,0.19346,0.037448,0.020224,0.018507
0.35332,0.4674,0.075318,0.089686,0.0067337,0.0067369,0.00080376,0,0,0
0.66354,0.27166,0.035221,0.018015,0.0082523,5.0838e-05,0,0.0015748,0.0016873,0
0.30854,0.18068,0.04887,0.20921,0.034576,0.045325,0.0079694,0.088728,0.030955,0.045149
0.078603,0.56608,0.097803,0.074515,0.12237,0.042577,0,0,0.018057,0
0.016752,0.031124,0.059327,0.15322,0.14519,0.12455,0.20788,0.16013,0.089265,0.012568
0.06528,0.032632,0.050152,0.083479,0.092362,0.11348,0.15157,0.072792,0.10709,0.23116
0.18231,0.4138,0.18745,0.022744,0.052337,0.037147,0.046977,0.044641,0.0030993,0.009494
0.24813,0.019611,0.011552,0.051369,0.092445,0.10946,0.068267,0.059687,0.13668,0.2028
0.18891,0.067793,0.074198,0.012469,0.066811,0.087594,0.13247,0.10415,0.12226,0.14336
0.21027,0.099282,0.046556,0.018064,0.03895,0.016729,0.031859,0.056291,0.1198,0.3622
0.12091,0.43988,0.072062,0.073938,0.067936,0.040434,0.029576,0.042271,0.071604,0.041388
0.16196,0.08996,0.11383,0.089729,0.050629,0.28351,0.0062815,0.024482,0.078695,0.10093
0.038545,0.094916,0.25536,0.25782,0.0033798,0.066927,0.095942,0.097682,0.086051,0.0033735
0.42501,0.086841,0.10507,0.1831,0.05568,0.014827,0.078878,0.03452,0.014149,0.0019134
0.14644,0.3551,0.12176,0.20398,0.10631,0.039818,0.022586,0,0.0035656,0.00043963
0.0094412,0.011997,0.027613,0.056427,0.049981,0.14339,0.098152,0.42255,0.092111,0.088331
0.16042,0.31146,0.098908,0.02277,0.18566,0.00879,0.012992,0.16251,0.024885,0.01161
0.19062,0.35391,0.086115,0.050156,0.18639,0.052946,0.012249,0.028676,0.004999,0.033942
0.21818,0.12957,0.051295,0.13351,0.096038,0.12331,0.083146,0.097674,0.032863,0.034418
0.002083,0.095898,0.047593,0.055621,0.023012,0.037347,0.24533,0.38989,0.078476,0.024748
0.050969,0.066558,0.12541,0.06647,0.19736,0.34387,0.058787,0.077003,0.0031536,0.010423
0.0047958,0.00098948,0.019292,0.033426,0.011332,0.13848,0.087737,0.13599,0.23912,0.32884
0.0011944,0.0057914,0.001071,0.012324,0.04837,0.040105,0.14555,0.17669,0.33499,0.23392
