0.074054,0.035224,0.069366,0.075589,0.22083,0.37419,0.14089,0.0034456,0.00014673,0.0062763
0.00023823,0.004619,0.021201,0.029007,0.36213,0.14528,0.14388,0.0079246,0.16594,0.11977
0.09222,0.051996,0.18715,0.21154,0.12404,0.21247,0.014189,0.076388,0.0019609,0.028048
0,0.0019205,0.011747,0.017374,0.018162,0.11704,0.69281,0.056798,0.040136,0.044008
0.51896,0.25703,0.066668,0.014163,0.08371,0.044867,0.0023956,0.0036254,0.0030798,0.0054982
0.0126,0.026173,0.026067,0.082399,0.27585,0.17665,0.12482,0.084341,0.07625,0.11485
0.0004124,0,0.0012293,0.01221,0.076141,0.046187,0.2599,0.40797,0.12836,0.067588
0.0025645,0.0060086,0.0093252,0.016284,0.10066,0.30517,0.028672,0.26558,0.0685,0.19723
0.0026822,0.013512,0.013364,0.046028,0.20716,0.093895,0.24553,0.088904,0.12481,0.16412
0.75609,0.15327,0.046343,0.032625,0.0018572,0.0007535,0.00076311,0.0080246,0,0.00027136
0.25906,0.053624,0.10859,0.069433,0.12643,0.13585,0.036165,0.013399,0.14249,0.054953
0.011926,0.08897,0.28555,0.15634,0.036937,0.045051,0.046077,0.26617,0.051044,0.011941
0.021992,0.029783,0.030723,0.19709,0.082625,0.15978,0.22568,0.097015,0.072818,0.082496
0.22845,0.037582,0.050802,0.047524,0.049574,0.2164,0.15817,0.04351,0.08907,0.078914
0.064523,0.020142,0.045804,0.10477,0.1082,0.17285,0.11322,0.14614,0.090859,0.13349
0.033053,0.013493,0.034075,0.083732,0.35002,0.17972,0.16117,0.070005,0.044645,0.03008
0.015286,0.013591,0.033854,0.13519,0.2084,0.19075,0.092387,0.071985,0.088111,0.15045
0.12115,0.033555,0.098303,0.069715,0.058019,0.096585,0.13527,0.15717,0.16135,0.068892
0.13264,0.10727,0.05979,0.07539,0.12962,0.079933,0.12738,0.16452,0.082662,0.040797
0.19434,0.25277,0.1153,0.067229,0.041049,0.020599,0.0806,0.048565,0.12001,0.059536
0.045546,0.015609,0.091812,0.1662,0.085517,0.13482,0.18373,0.12623,0.12257,0.027969
0.086988,0.012422,0.053752,0.12648,0.095717,0.067857,0.18751,0.3034,0.052667,0.013199
0.017638,0.0058081,0.039062,0.11081,0.090075,0.12555,0.17596,0.21561,0.11462,0.10487
0.01113,0.024014,0.083834,0.31525,0.14153,0.075704,0.076976,0.14379,0.082243,0.045532
0.10762,0.084373,0.0255,0.12193,0.17527,0.15816,0.12191,0.076913,0.086567,0.041766
0.065163,0.053735,0.080036,0.083205,0.15867,0.27844,0.089865,0.054195,0.10861,0.028086
0.03973,0.082258,0.12899,0.19614,0.20237,0.10428,0.083807,0.056422,0.074462,0.031533
0.0045437,0.021299,0.012203,0.018135,0.19534,0.30943,0.22666,0.15459,0.042153,0.015639
0.011465,0.10671,0.068611,0.2078,0.20044,0.16664,0.057483,0.040538,0.064942,0.075365
0.03809,0.071825,0.01876,0.052484,0.15924,0.4288,0.18392,0.029557,0.0033531,0.013961
0.011014,0.029191,0.034188,0.077095,0.072186,0.22183,0.29742,0.15939,0.053061,0.044623
0.025688,0.014114,0.044272,0.046191,0.27513,0.15647,0.15804,0.21148,0.022053,0.046563
0.082137,0.22492,0.25123,0.076917,0.16136,0.048204,0.021446,0.048453,0.031487,0.053848
0.505,0.22047,0.025118,0.05423,0.086305,0.058851,0.02075,0.0046657,0.02065,0.0039552
0.45508,0.19591,0.061424,0.023418,0.088899,0.079695,0.028961,0.030561,0.011165,0.024887
0.094628,0.069598,0.1144,0.23586,0.12308,0.020875,0.073791,0.025328,0.095904,0.14653
0.027793,0.23593,0.12758,0.098307,0.053818,0.038337,0.21342,0.063599,0.059951,0.081275
0.050606,0.04024,0.07064,0.046026,0.086194,0.1412,0.20457,0.16711,0.12602,0.067383
0.033064,0.021704,0.044304,0.16014,0.11048,0.046465,0.027358,0.08719,0.21974,0.24956
0.26152,0.19332,0.11204,0.10699,0.086037,0.10495,0.011625,0.048482,0.0246,0.050439
0.072056,0.09056,0.027027,0.040876,0.020074,0.016103,0.027733,0.042886,0.37648,0.2862
0.0038774,0.0085124,0.07256,0.029089,0.0074804,0.082823,0.10549,0.060187,0.20618,0.4238
0.062745,0.072406,0.025434,0.09211,0.082166,0.063251,0.10001,0.14541,0.08037,0.2761
0.072604,0.058732,0.072288,0.076813,0.10992,0.014589,0.056623,0.16766,0.35442,0.016349
0.054382,0.16833,0.27151,0.21701,0.17588,0.012629,0.020476,0.016777,0.024058,0.038933
0.055862,0.25921,0.32405,0.26383,0.044631,0.0043717,0.027816,0.020238,0,0
0,0,0.0047574,0.0070245,0.012409,0.027446,0.12779,0.22931,0.28191,0.30935
0.0010351,0.0084736,0.00072048,0.036236,0.049669,0.082223,0.062145,0.10064,0.1977,0.46116
0.015555,0.010065,0.051242,0.038525,0.044244,0.10281,0.17816,0.11345,0.2856,0.16034
0.06428,0.015277,0.020531,0.076637,0.12126,0.14876,0.076323,0.045328,0.14933,0.28227
0.10105,0.058328,0.11389,0.070406,0.040946,0.14274,0.36932,0.052647,0.023613,0.027051
0.0063896,0.0049828,0.14236,0.02866,0.085474,0.33904,0.16133,0.064409,0.13386,0.033488
0.0018691,0.0095544,0.011587,0.0078722,0.10205,0.25949,0.20324,0.37048,0.028245,0.0056061
0.22297,0.079335,0.05865,0.066554,0.072597,0.19841,0.15265,0.1161,0.031352,0.0013859
0.0048912,0.062939,0.29267,0.14419,0.19721,0.035279,0.016249,0.0041964,0.09992,0.14245
0.31191,0.40607,0.12705,0.081073,0.028698,0.014444,0,0.0024488,0.013674,0.014634
0.05271,0.06646,0.16264,0.0031747,0.019643,0.10112,0.07219,0.10115,0.37721,0.043704
0.030851,0.17145,0.053305,0.052584,0.10735,0.10912,0.053032,0.032863,0.11475,0.27469
0.081675,0.39537,0.14978,0.077557,0.044964,0.10367,0.041796,0.047601,0.022876,0.034709
0.47029,0.29337,0.094281,0.094427,0.017592,0.0090633,0,0.016233,0.0047425,0
0.0011053,0,0.015243,0.00973,0,0.01658,0.10923,0.13193,0.4545,0.26168
0.28048,0.25085,0.14491,0.24454,0.0062043,0.0025919,0.017958,0.052467,0,0
0,0.12145,0.0096035,0.0098088,0.1444,0.51025,0.043023,0.032111,0.024945,0.1044
0,0.0042649,0.0051144,0.028523,0.036326,0.0046788,0.0020785,0.045142,0.093502,0.78037
0.24818,0.30029,0.049937,0.033585,0.26187,0.009958,0.0069365,0.089039,0,0.00020872
0.0081103,0.072621,0.024938,0.033732,0.093475,0.36484,0.23291,0.060541,0.058656,0.050174
0,0,0.0029122,0.021876,0.026183,0.094341,0.56018,0.23831,0.046663,0.0095385
0.22413,0.20163,0.19892,0.084621,0.20829,0.04716,0.018278,0.016969,0,0
0.82439,0.085501,0.028554,0.018676,0.013447,0.0099732,0.01612,0.0025266,0.00065139,0.00015931
0.010931,0.00036042,0.026747,0.076531,0.13097,0.25237,0.085073,0.0355,0.1209,0.26062
0.02554,0.032372,0.042481,0.0065248,0.033613,0.023414,0.018124,0.15597,0.37658,0.28538
