0.034876,0.79947,0.13904,0.0058349,0.0026788,0.010764,0.0073388,0,0,0
0,0.0003135,0,0.059823,0.088898,0.39212,0.37312,0.041435,0.017782,0.026506
0.013287,0.056642,0.04711,0.18147,0.42274,0.17078,0.071924,0.030154,0.0049009,0.00099133
6.8061e-05,0.011634,0.033628,0.042692,0.058486,0.37461,0.063901,0.084143,0.10807,0.22276
0.54191,0.3048,0.017228,0.10083,0.016361,0.0047266,0.013228,0,0,0.00091493
0.55386,0.1137,0.032062,0.0024362,0.18464,0.01714,0.049778,0.0018973,0.020284,0.024199
0.32056,0.14878,0.11195,0.079563,0.26052,0.061225,0.0048708,0.004378,0.001335,0.0068123
0.0049918,0.0022339,0.0069633,0.020624,0.013536,0.10433,0.040762,0.077897,0.10735,0.62131
0.019424,0.051815,0.056986,0.12777,0.061613,0.16869,0.16307,0.18581,0.15667,0.0081502
0.062178,0.1854,0.32852,0.22069,0.069181,0.017285,0.045448,0.03248,0.01753,0.021297
0.0014978,0.013593,0.025708,0.031766,0.015424,0.020118,0.078831,0.1398,0.45071,0.22255
0.00044903,0.0020064,0.062047,0.025074,0.011921,0.24273,0.044003,0.10752,0.25197,0.25227
0.30311,0.53815,0.08204,0.024865,0.0043368,0.011862,0.035636,0,0,0
0.14514,0.1989,0.13741,0.095871,0.065447,0.057082,0.080391,0.093358,0.078124,0.048282
0,0,0,0.00073503,0.0071086,0.01383,0.02904,0.11726,0.33181,0.50021
0.038877,0.067927,0.069265,0.074357,0.085004,0.12624,0.19542,0.11025,0.064034,0.16862
0.00257,0.0066831,0.02259,0.33989,0.32395,0.055865,0.070325,0.11912,0.027103,0.031896
