0.064637,0.31141,0.2733,0.16832,0.072561,0.029219,0.038105,0.021092,0.0033257,0.018036
0.044844,0.037055,0.052247,0.084118,0.16016,0.13886,0.29231,0.076628,0.049697,0.06409
0.03404,0.038002,0.017488,0.014292,0.023853,0.055176,0.056333,0.2506,0.42847,0.081748
0.050847,0.07221,0.079353,0.1582,0.15564,0.19483,0.12421,0.036689,0.053783,0.074236
0.068253,0.069437,0.089934,0.070634,0.14581,0.16307,0.1213,0.088638,0.09586,0.087062
0.0038649,0.038703,0.093788,0.30754,0.1186,0.047466,0.058865,0.11794,0.11008,0.10316
0.047387,0.12853,0.20218,0.030254,0.088564,0.090004,0.046426,0.18906,0.078691,0.098901
0.01748,0.035222,0.055477,0.050078,0.069397,0.13545,0.28973,0.27631,0.044979,0.025881
0.0091877,0.038109,0.031345,0.090998,0.079343,0.24793,0.36232,0.049439,0.042848,0.048479
0.12203,0.24898,0.066582,0.013168,0.18768,0.27515,0.012399,0.018298,0.043533,0.012182
0.25138,0.27167,0.059886,0.003958,0.016801,0.08967,0.077319,0.1005,0.10319,0.025614
0.087935,0.12336,0.14983,0.18187,0.21885,0.12805,0.058057,0.012099,0.017968,0.021991
0.028422,0.09608,0.096202,0.2783,0.15444,0.074516,0.17088,0.060712,0.024046,0.016398
0.22591,0.11393,0.089361,0.1934,0.078469,0.16415,0.046746,0.019432,0.03899,0.029611
0.051814,0.13526,0.16687,0.11673,0.079106,0.09807,0.12733,0.10928,0.067059,0.04848
0.01336,0.017058,0.024314,0.032983,0.092509,0.12619,0.13126,0.40195,0.091894,0.068481
0.0023236,0.031264,0.043891,0.093305,0.12734,0.1774,0.16784,0.15063,0.15016,0.05584
0.036363,0.045704,0.11567,0.24898,0.10631,0.10633,0.1304,0.099333,0.06678,0.044136
0.0098725,0.024493,0.077689,0.28698,0.23068,0.10456,0.086242,0.080203,0.055471,0.043815
0.020225,0.013582,0.010708,0.10525,0.32863,0.34072,0.066004,0.051238,0.045841,0.017799
0.0060721,0.067734,0.096931,0.088405,0.080228,0.051261,0.090076,0.036854,0.281,0.20144
0.23628,0.16651,0.098814,0.030605,0.033497,0.073803,0.085869,0.028408,0.093197,0.15302
0.092891,0.066963,0.067708,0.065435,0.13064,0.092011,0.020381,0.035547,0.16867,0.25975
0.047074,0.11173,0.095248,0.057208,0.089681,0.13636,0.021133,0.03365,0.064931,0.34299
0.1329,0.11567,0.020545,0.055774,0.08888,0.19741,0.074531,0.12432,0.044901,0.14507
0.0031599,0.033112,0.037582,0.056284,0.14809,0.23674,0.22815,0.053225,0.099394,0.10426
0.053494,0.040285,0.029243,0.058757,0.21088,0.27925,0.1916,0.071697,0.057177,0.0076124
0.18395,0.073537,0.020251,0.031969,0.060856,0.10393,0.11395,0.032551,0.036066,0.34294
0.025475,0.055078,0.046208,0.015373,0.085014,0.027015,0.0060048,0.062839,0.67605,0.00094062
0.010664,0.004154,0.0046054,0.016099,0.084606,0.14174,0.21832,0.24064,0.16732,0.11184
0.031997,0.10107,0.083838,0.10374,0.16389,0.17304,0.15856,0.098235,0.033474,0.052147
0.038607,0.045679,0.16742,0.22939,0.097271,0.1058,0.12027,0.13612,0.044486,0.014967
0.017692,0.003284,0.011888,0.0913,0.31101,0.12896,0.21984,0.12513,0.048184,0.04271
0.063113,0.1362,0.080637,0.11815,0.22512,0.13913,0.17023,0.043476,0.018436,0.0055026
0.066049,0.060443,0.071824,0.1645,0.19558,0.19153,0.14767,0.036202,0.029036,0.037164
0.080465,0.015935,0.075282,0.070217,0.19024,0.37989,0.10958,0.04291,0.025763,0.0097216
0.025388,0.29982,0.31579,0.060253,0.0074806,0.066726,0.14079,0.056302,0.015275,0.01218
0.021381,0.0032968,0.0050624,0.0060475,0.12453,0.058473,0.078024,0.15097,0.22702,0.32519
0.035301,0.059075,0.04509,0.17578,0.16248,0.28833,0.076183,0.057447,0.032553,0.067762
0.071827,0.18726,0.082742,0.17657,0.1608,0.15402,0.063054,0.055509,0.028167,0.020051
0.28745,0.12623,0.027406,0.16088,0.14852,0.063911,0.051795,0.073829,0.051462,0.0085232
0.73146,0.083987,0.041551,0.048619,0.012404,0.067398,0.014583,0,0,0
0.46642,0.21852,0.11685,0.065331,0.071468,0.048579,0.012834,0,0,0
0.32006,0.1044,0.10031,0.070981,0.13536,0.090517,0.032263,0.058363,0.031466,0.056275
0.086508,0.37271,0.15222,0.08396,0.10915,0.068035,0.087562,0.020396,0.0020881,0.017377
0.088613,0.088451,0.06154,0.083176,0.17085,0.1485,0.19254,0.13475,0.014958,0.016626
0.60576,0.19052,0.069737,0.10054,0.025052,0,0.0006667,0,0.0077157,0
