0.30354,0.28473,0.027198,0.10665,0.063264,0.093478,0.059353,0.023089,0.011111,0.027589
0.040844,0.24136,0.18786,0.19491,0.18797,0.074296,0.012693,0.016084,0.018058,0.025922
0.15735,0.16768,0.15958,0.23718,0.13255,0.096218,0.020225,0.0010372,0.024195,0.0039846
0.045771,0.053435,0.051998,0.050191,0.018317,0.19688,0.21289,0.24067,0.089104,0.040742
0.031172,0.036988,0.014143,0.031111,0.011245,0.025458,0.05579,0.23851,0.4508,0.10479
0.091262,0.095154,0.0084481,0.0071833,0.031154,0.077847,0.14732,0.24744,0.25973,0.034459
0.050857,0.055392,0.066088,0.14244,0.23868,0.21876,0.11674,0.039026,0.045079,0.026934
0.053975,0.068148,0.074743,0.25296,0.091388,0.19574,0.15076,0.024249,0.036624,0.051413
0.083573,0.080536,0.11228,0.052537,0.12609,0.1544,0.15347,0.081921,0.10616,0.049024
0.033418,0.074146,0.10564,0.15878,0.19926,0.15895,0.11356,0.050102,0.088818,0.017328
0.0031061,0.011279,0.22644,0.20756,0.042982,0.011986,0.11719,0.19713,0.068117,0.11422
0.040535,0.0705,0.13396,0.14892,0.08182,0.064723,0.14921,0.18952,0.10128,0.019533
0.1948,0.079953,0.11139,0.13456,0.17599,0.090629,0.039179,0.039522,0.054005,0.079973
0.0084217,0.017969,0.14034,0.12537,0.1862,0.075942,0.055272,0.24782,0.10134,0.04133
0.0092039,0.029711,0.11157,0.070175,0.19913,0.041018,0.055887,0.40618,0.038432,0.038703
0.028476,0.041392,0.082855,0.035373,0.14394,0.22379,0.19487,0.18975,0.04413,0.015416
0.0081013,0.03599,0.060482,0.061428,0.19543,0.33991,0.2243,0.044842,0.016604,0.012917
0.043472,0.0062618,0.014022,0.032116,0.23588,0.1518,0.10668,0.27063,0.12132,0.017828
0.063417,0.24007,0.11609,0.031142,0.065043,0.058224,0.31787,0.049689,0.032865,0.025589
0.054251,0.34749,0.38315,0.11823,0.063319,0.019406,0.011877,0.0022742,0,0
0.86802,0.059282,0.011988,0,0.050263,0.0020011,0.0024591,0,0,0.005983
0.023749,0.23765,0.22825,0.022709,0.015801,0.016107,0.051859,0.1427,0.21778,0.043391
0.075862,0.065953,0.28297,0.12078,0.1185,0.19144,0.061862,0.024936,0.014434,0.043255
0.058146,0.07319,0.1936,0.16101,0.14623,0.24323,0.055051,0.030239,0.029156,0.010149
0.021203,0.064194,0.090674,0.16761,0.21078,0.22439,0.14352,0.018375,0.043253,0.015994
0.18607,0.23605,0.42357,0.037317,0.022383,0.036305,0.043075,0.0040141,0.010808,0.00041287
0.13659,0.36144,0.2285,0.080187,0.041586,0.042029,0.067435,0.033716,0.0044394,0.0040822
0.44703,0.1179,0.08133,0.078993,0.071095,0.053861,0.057703,0.035899,0.0033866,0.052801
0.14274,0.083238,0.073943,0.052968,0.12216,0.073714,0.2382,0.075801,0.055589,0.08164
0.023424,0.030759,0.090563,0.28808,0.15771,0.0469,0.087165,0.064106,0.12072,0.090573
0.0063973,0.022476,0.044975,0.019271,0.075527,0.11055,0.11634,0.41895,0.12721,0.058314
0.0052808,0,0.028765,0.022331,0.024564,0.066356,0.26455,0.54662,0.025944,0.015584
0,0.0066313,0.0056165,0.039517,0.039475,0.062957,0.14946,0.12391,0.16815,0.40428
0.019167,0.014253,0.10935,0.1558,0.22611,0.12508,0.15538,0.055892,0.060772,0.078201
0.02733,0.020466,0.09842,0.23786,0.12773,0.12755,0.14197,0.068721,0.092362,0.057588
0.022996,0.041407,0.096092,0.31903,0.1231,0.10945,0.082308,0.087687,0.10106,0.016873
0.021908,0.054321,0.15225,0.3901,0.17345,0.045486,0.035376,0.020809,0.078679,0.027625
0.018114,0.091931,0.096582,0.11954,0.32346,0.16004,0.063784,0.030502,0.057128,0.038919
0.022697,0.083975,0.07934,0.12551,0.30328,0.23025,0.084104,0.025838,0.0083732,0.036638
0.014677,0.026326,0.028611,0.027047,0.1627,0.093904,0.059525,0.13527,0.29298,0.15896
0.011184,0.00042765,0.11412,0.12613,0.23647,0.095639,0.029364,0.10158,0.094527,0.19055
0.01374,0.14983,0.026272,0.099225,0.051235,0.12224,0.0403,0.059654,0.41026,0.027253
0.30511,0.31898,0.10669,0.021094,0.019263,0.067197,0.061293,0.059786,0.032059,0.0085234
0.11051,0.023107,0.0061767,0.055515,0.066901,0.070541,0.21325,0.14581,0.0198,0.28839
0.10214,0.087536,0.055947,0.077716,0.051355,0.14516,0.11025,0.082253,0.066106,0.22153
0.15509,0.094785,0.04427,0.095871,0.12251,0.079401,0.103,0.07844,0.078392,0.14824
0.22862,0.29462,0.11345,0.071615,0.011879,0.062875,0.051595,0.075343,0.064277,0.025724
0.11737,0.071628,0.10344,0.15909,0.073129,0.093636,0.052181,0.022009,0.1706,0.13692
0.018039,0.037971,0.013562,0.012728,0.119,0.17083,0.13759,0.23232,0.077686,0.18027
0.029679,0.18543,0.068128,0.056728,0.080989,0.17813,0.10304,0.12992,0.12762,0.040327
0.17295,0.045484,0.046864,0.0761,0.13731,0.15481,0.19451,0.10406,0.0254,0.042514
0.031526,0.012268,0.010653,0.0081104,0.085904,0.26907,0.34264,0.15382,0.028535,0.05747
0.029776,0.028098,0.04659,0.14719,0.17206,0.14421,0.11555,0.13522,0.15522,0.026076
0.10567,0.046287,0.018271,0.071384,0.12744,0.06016,0.16744,0.058871,0.10684,0.23764
0.18644,0.065276,0.0066332,0.01579,0.064181,0.14565,0.16273,0.038529,0.049176,0.2656
0.02023,0.031232,0.10087,0.036412,0.059772,0.18277,0.067862,0.47435,0.023672,0.0028312
0.02587,0.05828,0.033247,0.013068,0.060633,0.029765,0.006614,0.017459,0.46695,0.28812
0.00066081,0.0077056,0.0062098,0.014391,0.28624,0.42918,0.029979,0.15393,0.051282,0.020418
0.040551,0.050265,0,0.011736,0,0.011861,0.14351,0.21082,0.47715,0.054109
0.010527,0.0083868,0.0050379,0.0046302,0.055996,0.16783,0.22081,0.29984,0.12876,0.098183
0.026511,0.03407,0.063293,0.11711,0.11871,0.07687,0.18959,0.21259,0.082464,0.078791
0.60822,0.22973,0.0075244,0.039232,0.020945,0.0036969,0.0064644,0.03701,0.021519,0.025649
0.016011,0.022244,0.10181,0.46497,0.094352,0.10387,0.059766,0.055555,0.071357,0.01007
0.009191,0.0013209,0.14714,0.29873,0.090756,0.24561,0.085329,0.058781,0.046218,0.016934
0.0020074,0.0020033,0.019223,0.13716,0.28216,0.12922,0.26173,0.13242,0.015597,0.018471
0.081293,0.029006,0.036545,0.11259,0.11445,0.10681,0.34285,0.16548,0.0075201,0.0034545
0.0042129,0.0058146,0.015343,0.22325,0.39585,0.28693,0.039485,0.0035293,0.015088,0.010503
0.1713,0.090925,0.098325,0.10001,0.19802,0.11451,0.17101,0.035808,0.014078,0.0060129
0.092823,0.11399,0.098803,0.13531,0.22983,0.15545,0.080034,0.030265,0.022566,0.040931
0.0066138,0.015341,0.014198,0.078789,0.1608,0.16228,0.20521,0.25275,0.099494,0.0045144
0.0012457,0.021892,0.16527,0.37116,0.1801,0.0070155,0.070644,0.15231,0.030363,0
0.059728,0.067246,0.053194,0.054785,0.31443,0.052946,0.12514,0.25879,0.010942,0.0028001
0,0.0077615,0.14479,0.33301,0.064011,0.035116,0.010971,0.1156,0.18155,0.10719
0.44364,0.39552,0.091632,0.064062,0.0042921,0,0,0,0.00085827,0
0.010747,0.018191,0.39141,0.19173,0.022973,0.027798,0.065352,0.011635,0.050884,0.20927
0.03322,0.0064408,0.032995,0.013985,0.082711,0.026926,0.11239,0.17698,0.10815,0.4062
0.090947,0.081754,0.13106,0.030119,0.12623,0.26929,0.082457,0.07733,0.0037405,0.10708
0.013421,0.0063187,0.021275,0.097556,0.14657,0.17378,0.10731,0.091626,0.15405,0.18808
0.047535,0.12741,0.060362,0.18028,0.29846,0.15609,0.036197,0.065015,0.027704,0.00093876
0.37144,0.21905,0.13897,0.19922,0.027638,0.028826,0.0099952,0.004851,0,0
0.58375,0.19435,0.14782,0.04881,0.01204,0.0046226,0.006985,0.0016257,0,0
0.0018432,0.083183,0.044678,0.0067698,0.045246,0.053101,0.053957,0.31253,0.21682,0.18187
0.71248,0.21478,0.018555,0.002106,0.012539,0.036349,0.002523,0,0.0006671,0
0.34626,0.034583,0.11875,0.084661,0.11939,0.20775,0.049109,0.020812,0,0.018696
0.42739,0.23992,0.10789,0.1137,0.0081746,0.0057528,0.051027,0.032226,0.013915,0
0.39735,0.029577,0.14561,0.018312,0.045637,0.15172,0.053565,0.10285,0.018715,0.036669
0.70369,0.058606,0.070129,0.11403,0.0095095,0.0062681,0.023568,0.0052574,0.0046258,0.0043113
0.33372,0.084456,0.011481,0.068018,0.045441,0.074183,0.10766,0.13105,0.021145,0.12284
0.012847,0.076746,0.052529,0.21702,0.05838,0.3283,0.12983,0.02033,0.046633,0.057382
0.16613,0.24142,0.15028,0.043945,0.17344,0.10629,0.091677,0.0041388,0.0096551,0.013016
0.068275,0.092037,0.12314,0.14862,0.12194,0.22167,0.14924,0.058445,0.0063467,0.010288
0.026338,0.0029792,0.16965,0.069707,0.14905,0.12408,0.23665,0.15538,0.039181,0.02698
0.0014505,0,0.0025007,0,0.0031514,0.0076163,0.010534,0.0092031,0.030255,0.93529
0.8773,0.038449,0.046227,0.029341,0.0039646,0,0,0.0047182,0,0
0.30406,0.48065,0.04351,0.076554,0.049506,0.043214,0.0014307,0.0010717,0,0
