0,0,0,0,0.00072638,0,0.0019011,0.013003,0.11417,0.8702
0.098316,0.28905,0.15317,0.035417,0.051086,0.031981,0.02827,0.037994,0.075196,0.19953
0.54221,0.25892,0.081064,0.10817,0.0094517,0,0,0,0,0.00018653
0.44139,0.51495,0.0018414,0,0,0.0031329,0.00061781,0.0039691,0.0041087,0.02999
0.77876,0.12932,0.03136,0.012262,0.00080078,0.0008108,0,0.0070429,0.0248,0.014837
0,0.0010784,0,0,0.00038129,0.015346,0.26666,0.22333,0.38958,0.10362
0.81005,0.187,0.0029438,0,0,0,0,0,0,0
0.99082,0.0086382,0,0.00054504,0,0,0,0,0,0
0.54504,0.37853,0.064828,0.0030115,0.0053103,0,0,0,0.0032876,0
0.15577,0.0022482,0.058841,0.19148,0.072081,0.070461,0.042384,0.13492,0.18617,0.085648
0.0031301,0.0018292,0.00040488,0.00051449,0,0.020449,0.033237,0.076016,0.70044,0.16398
0,0.0095864,0.0079148,0.0039977,0.046274,0.0033035,0.022136,0.067461,0.25774,0.58158
0.010444,0.030389,0.024323,0.032849,0.088857,0.080643,0.066562,0.21609,0.31624,0.1336
0.024082,0.0055424,0.053129,0.19839,0.14244,0.19721,0.087983,0.14466,0.1012,0.045368
0.04232,0.086772,0.076088,0.052226,0.18286,0.48999,0.041292,0.011899,0.010909,0.0056409
0.49654,0.19365,0.10817,0.028177,0.071876,0.011521,0.045105,0.019904,0.02037,0.0046846
0.050184,0.081234,0.12895,0.2055,0.31017,0.13995,0.014904,0.021002,0.013309,0.034787
0.0097578,0.026333,0.067541,0.090949,0.14168,0.20098,0.29276,0.082388,0.019271,0.06834
0.020263,0.074997,0.049323,0.19765,0.32837,0.26132,0.025527,0.03341,0,0.0091411
0.0010063,0.035267,0.088816,0.087636,0.076826,0.022986,0.05967,0.058065,0.12001,0.44972
0.32229,0.32079,0.18083,0.044897,0.12517,0.00054645,0.0050189,0.00045097,0,0
0.016093,0.02576,0.038319,0.052855,0.078521,0.12973,0.16214,0.14157,0.18233,0.17267
0.28312,0.27568,0.13271,0.13935,0.062591,0.020734,0.026087,0.024437,0.014841,0.020454
0.14645,0.32594,0.31903,0.17457,0.024893,0,0.004353,0.00086377,0.0018025,0.002091
0.7211,0.16409,0.072907,0.020908,0.003232,0.004594,0,0.0049894,0.0063993,0.0017828
0.0019014,0.033566,0.058812,0.163,0.22434,0.09035,0.1405,0.15397,0.09886,0.034702
0.025799,0.070604,0.65492,0.16635,0.016101,0.0060169,0.051801,0.0084044,0,0
0.62708,0.22093,0.08313,0.01898,0.020269,0.0087114,0.0026741,0.0051948,0.0034223,0.0096137
0.29961,0.17721,0.11279,0.06136,0.02336,0.020663,0.034811,0.049231,0.088461,0.13251
0.01007,0.086599,0.11165,0.39605,0.16109,0.11906,0.054681,0.047641,0.004843,0.0083087
0.051439,0.040243,0.063219,0.055742,0.061337,0.078369,0.06651,0.091861,0.37543,0.11585
0.013673,0.046247,0.2375,0.46747,0.17389,0.049618,0.0084065,0.0031938,0,0
0.006742,0.021841,0.043748,0.02234,0.019111,0.018351,0.082003,0.099281,0.40498,0.2816
0.085145,0.070413,0.18425,0.15205,0.13266,0.10658,0.12905,0.099089,0.028633,0.012126
0.052278,0.1331,0.20185,0.1653,0.14769,0.13603,0.030182,0.061227,0.051406,0.020925
0.23621,0.42384,0.10715,0.052486,0.010797,0.030016,0.022938,0.046366,0.048432,0.021758
0.18653,0.2296,0.026343,0.058736,0.034674,0.024731,0.082152,0.22991,0.059528,0.067795
0.033182,0.046074,0.064033,0.071073,0.1169,0.14748,0.15496,0.25619,0.06643,0.043682
0.044801,0.079244,0.039688,0.064917,0.26377,0.41971,0.036459,0.014938,0.026863,0.0096116
0.14172,0.11229,0.28897,0.097396,0.087751,0.05598,0.035938,0.05006,0.10172,0.028172
0.0014011,0.05386,0.19476,0.38279,0.15973,0.076298,0.025704,0.020356,0.029577,0.055527
0.0033015,0.13095,0.058969,0.071439,0.17589,0.29719,0.14108,0.0245,0.022905,0.073778
0.01348,0.0019738,0.005273,0.31238,0.15135,0.28906,0.19342,0.0068313,0.018359,0.0078697
0.10205,0.059482,0.043493,0.085892,0.21904,0.25253,0.12329,0.036059,0.050107,0.028054
0.071517,0.068467,0.019595,0.020966,0.086511,0.21655,0.12003,0.052694,0.069367,0.27431
0.063031,0.011948,0.12481,0.09025,0.015905,0.025015,0.13167,0.1704,0.20605,0.16092
0.046347,0.027643,0.061505,0.088511,0.1533,0.12222,0.14226,0.12808,0.12636,0.10378
0.032318,0.068216,0.080168,0.10397,0.16698,0.077292,0.098036,0.091618,0.20565,0.075741
0.036055,0.12627,0.19074,0.079813,0.16733,0.097931,0.066966,0.12233,0.079048,0.033528
0.010645,0.0063702,0.071789,0.083423,0.27767,0.084626,0.065951,0.18991,0.16532,0.044295
0.018224,0.028075,0.040095,0.057639,0.10243,0.22661,0.20038,0.1004,0.15151,0.074643
0.013546,0.011776,0.010098,0.021392,0.16539,0.2897,0.1762,0.24918,0.034346,0.02838
0.025522,0.072647,0.0073747,0.035347,0.03147,0.12782,0.37656,0.083588,0.14435,0.095321
