0.37361,0.33555,0.059958,0.032498,0.054405,0.029381,0.015063,0.056255,0.03493,0.0083447
0.0026133,0.058522,0.10239,0.061718,0.066535,0.063972,0.10475,0.15045,0.19984,0.18921
0.012664,0.034385,0.20903,0.35112,0.10869,0.11802,0.041516,0.030293,0.058396,0.035892
0.48995,0.24018,0.079953,0.061482,0.097247,0.0081551,0.0039303,0.0021989,0.011666,0.0052405
0.00099823,0.017302,0.042937,0.068146,0.053124,0.043843,0.025187,0.094766,0.37127,0.28243
0.01725,0.0035224,0.028891,0,0.0053702,0.020011,0.037383,0.059275,0.097921,0.73038
0.042929,0.078861,0.18284,0.25098,0.18251,0.037759,0.02621,0.06899,0.072122,0.056797
0.0023496,0.0016399,0.016146,0.037974,0.053263,0.095737,0.31204,0.33629,0.14403,0.00052677
0.094525,0.31334,0.29538,0.048691,0.095766,0.05314,0.014636,0.012146,0.019133,0.053252
0.22263,0.12173,0.02764,0.0077648,0.033453,0.0021466,0.023029,0.078926,0.32459,0.15809
0.15238,0.076035,0.073776,0.067718,0.062883,0.099576,0.042205,0.011287,0.034956,0.37919
0.031964,0.17048,0.078133,0.064265,0.12631,0.09497,0.090896,0.090022,0.13071,0.12225
0.0031317,0.0066851,0.027138,0.056413,0.10541,0.40162,0.17001,0.17416,0.047214,0.0082055
0.23513,0.073055,0.026605,0.020218,0.091507,0.13445,0.10245,0.1089,0.1432,0.064481
0.19527,0.08008,0.034152,0.039032,0.026574,0.10738,0.11155,0.091349,0.10627,0.20834
0.052564,0.007305,0.025244,0.038008,0.095183,0.050018,0.13458,0.19123,0.29928,0.10659
0.017128,0.015585,0.14242,0.091917,0.078644,0.085681,0.11029,0.20981,0.13107,0.11746
0.023218,0.033922,0.021094,0.18675,0.33946,0.098691,0.11041,0.063404,0.093473,0.029585
0.05178,0.023747,0.095297,0.10575,0.35726,0.16711,0.060215,0.049821,0.077513,0.01151
0.053027,0.042193,0.077167,0.14774,0.37865,0.19613,0.048784,0.0066339,0.046082,0.0035906
0.43043,0.26047,0.10601,0.074377,0.068824,0.019569,0.018365,0.018927,0.0030319,0
0.011751,0.01101,0.010437,0.17381,0.11096,0.15326,0.12878,0.23606,0.075287,0.088648
0.01799,0.007445,0.032645,0.10398,0.16996,0.1053,0.24012,0.14208,0.075189,0.1053
