0.052126,0.041537,0.24218,0.021657,0.054761,0.13611,0.26511,0.17066,0.010323,0.0055384
0.064922,0.2319,0.23287,0.11393,0.19721,0.096162,0.011296,0.021109,0.018393,0.012219
0,0,0,0,0.11981,0.75959,0.0036299,0.012716,0.10425,0
0.0056933,0,0,0,0.00097345,0.0032634,0.010686,0.094111,0.25595,0.62932
0,0,0,0.014283,0.75857,0.043084,0.030313,0.097625,0.036991,0.019131
0.72427,0.017777,0,0,0.00060249,0.0064606,0.0011459,0.066107,0.014864,0.16877
0.0013887,0.013178,0,0.0014266,0.0043003,0.11484,0.19867,0.37328,0.12627,0.16663
0,0,0,0.00077751,0.0014266,0.04927,0.2107,0.01719,0.16321,0.55742
0.29967,0.1457,0.027757,0.008069,0.27509,0.0017845,0.031787,0.11296,0.031226,0.065954
0.018992,0.028253,0.062235,0.13286,0.076881,0.17313,0.029828,0.037769,0.36849,0.071564
0.041162,0.062351,0.29972,0.12112,0.21503,0.20849,0.018914,0.015307,0.015892,0.0020114
0.0040284,0.054014,0.15582,0.21283,0.14896,0.035776,0.012548,0.053504,0.08264,0.23989
0.050657,0.12662,0.026614,0.087644,0.024216,0.081393,0.023559,0.12286,0.17246,0.28398
0.093034,0.099049,0.10156,0.095942,0.071177,0.05971,0.057786,0.10945,0.21071,0.10157
0.086989,0.14425,0.034381,0.20358,0.20256,0.13506,0.085393,0.044744,0.028833,0.034206
0.068653,0.13487,0.23014,0.18378,0.11851,0.061696,0.06453,0.028662,0.059084,0.050073
0.14095,0.13405,0.069269,0.027182,0.077503,0.044291,0.19317,0.21287,0.066559,0.034145
0.03746,0.14923,0.14534,0.053356,0.29837,0.17667,0.028463,0.041336,0.039537,0.030229
0.27305,0.19475,0.13608,0.045384,0.07109,0.072976,0.065651,0.044692,0.06231,0.034022
