0.0062151,0.044193,0.060805,0.25489,0.17285,0.034091,0.031237,0.027903,0.22767,0.14014
0.020193,0.14639,0.054415,0.34799,0.050133,0.030687,0.030952,0.052293,0.19475,0.072198
0.12159,0.10849,0.11452,0.12213,0.089846,0.025296,0.098918,0.096277,0.15241,0.070515
0.03004,0.046096,0.008476,0.02186,0.067642,0.081099,0.086019,0.071076,0.25612,0.33157
0.0017567,0,0.0068831,0.43164,0.076852,0.12275,0.016515,0.13119,0.029092,0.18332
0.037554,0.013006,0.16997,0.07587,0.056112,0.22057,0.097852,0.079085,0.064903,0.18508
0.1305,0.038469,0.069828,0.22216,0.22321,0.15017,0.088988,0.030517,0.011993,0.034166
0.00012948,0.13683,0.059538,0.034222,0.5876,0.035841,0.096799,0.021204,0.02275,0.0050858
0.044775,0.061219,0.21173,0.075085,0.11067,0.081137,0.14978,0.085328,0.13295,0.047328
0.052424,0.060452,0.10942,0.08966,0.065969,0.12697,0.10259,0.096228,0.18838,0.1079
0.06364,0.09104,0.15906,0.11009,0.14197,0.16418,0.029513,0.056396,0.061644,0.12247
0.02808,0.049597,0.11171,0.20431,0.13034,0.21444,0.056745,0.030964,0.13956,0.034249
0.16186,0.070315,0.053647,0.15764,0.065995,0.10796,0.26683,0.055452,0.03818,0.022124
0.10862,0.02735,0.056917,0.20063,0.13026,0.07385,0.13871,0.10266,0.059727,0.10128
0.044618,0.10453,0.11312,0.091209,0.11422,0.086486,0.14502,0.19128,0.061829,0.047681
0.031629,0.073465,0.17447,0.12956,0.074951,0.18615,0.15412,0.14111,0.029035,0.005505
0.083078,0.025032,0.079618,0.13906,0.16543,0.11652,0.15879,0.16579,0.043044,0.023648
0.046586,0.036862,0.018137,0.1253,0.1192,0.10463,0.096637,0.045529,0.12656,0.28057
0.0086414,0.10421,0.47591,0.32614,0.075553,0.0093378,0,0,0,0.00021046
0.76733,0.1786,0.023064,0.016262,0.0045094,0.0075634,0.0010604,0.0016044,0,0
0.77846,0.20704,0.013796,0.000461,0,0,0.00024475,0,0,0
0,0.7809,0.21393,0.0013751,0.0017776,0.0020184,0,0,0,0
0.14943,0.19649,0.16724,0.18549,0.21782,0.067386,0.0089174,0.00074127,0.0064826,0
0.26688,0.082666,0.054865,0.03336,0.014335,0.0711,0.017405,0.13797,0.27899,0.042436
0.0091557,0.0092058,0.018551,0.051581,0.035708,0.072911,0.12955,0.18364,0.26173,0.22796
0.33975,0.096645,0.052301,0.061474,0.073402,0.019406,0.023494,0.093145,0.11964,0.12074
0.03957,0.05846,0.066244,0.12647,0.16214,0.082545,0.013809,0.22195,0.1971,0.031715
0.04223,0.060402,0.065038,0.1565,0.17388,0.11734,0.049709,0.16528,0.084642,0.084993
0.16071,0.19623,0.058393,0.18946,0.079341,0.091995,0.1042,0.085555,0.032495,0.0016265
0.0974,0.069282,0.033005,0.044781,0.072144,0.15128,0.10945,0.15132,0.19415,0.077195
0.19164,0.027178,0.04892,0.047321,0.11506,0.055734,0.069437,0.068262,0.049604,0.32683
0.029263,0.00096222,0.019393,0.14054,0.28235,0.061455,0.016403,0.10081,0.15153,0.19729
0.0080554,0.080176,0.61321,0.065906,0.030976,0.071322,0.045489,0.03876,0.028085,0.018017
0.0093241,0.0086521,0.16863,0.25692,0.1719,0.12531,0.073875,0.10904,0.033393,0.042967
0.019241,0.0046602,0.077982,0.044954,0.048078,0.3231,0.32499,0.14195,0.012169,0.0028794
0.16618,0.15107,0.054057,0.12316,0.076474,0.052281,0.034527,0.042099,0.1951,0.10505
0.22285,0.17129,0.051654,0.13689,0.021619,0.061,0.021491,0.042832,0.060187,0.21019
0.0079323,0.010396,0.28188,0.14406,0.029061,0.028998,0.027663,0.01856,0.10459,0.34685
0.10265,0.16621,0.023299,0.013272,0.068026,0.045428,0.015895,0.013261,0.20057,0.35139
0.014254,0.013032,0.052228,0.03151,0.023413,0.21645,0.40668,0.0084105,0.016428,0.21759
0.050931,0.29735,0.22158,0.143,0.19713,0.040995,0.015253,0.031973,0,0.0017817
0.36711,0.13375,0.17696,0.10095,0.047191,0.02541,0.026952,0.030921,0.01884,0.071909
0.12274,0.20045,0.047332,0.02204,0.0815,0.18252,0.073454,0.13811,0.063382,0.068465
0.1058,0.15028,0.041543,0.0099394,0.029413,0.032769,0.061445,0.071034,0.0080656,0.48971
0.14426,0.40309,0.063256,0.067934,0.026538,0.10387,0.013531,0.064826,0.071665,0.041032
0.033952,0.19682,0.027072,0.086766,0.032275,0.032652,0.032421,0.0052074,0.07165,0.48119
0.03218,0.041877,0.014561,0.0072811,0.079859,0.071069,0.13216,0.13692,0.15578,0.32832
0.23137,0.38179,0.097694,0.080207,0.06551,0.071869,0.017883,0,0.002213,0.051459
0.35797,0.045854,0.12278,0.0029388,0.012151,0.17373,0.071078,0.072193,0.066136,0.075165
0.31319,0.16187,0.088166,0.089514,0.11095,0.069337,0.053412,0.076922,0.013712,0.022921
0.0081337,0.045381,0.010216,0.017957,0,0,0.0034626,0.012682,0.17546,0.72671
