0.075047,0.1399,0.31191,0.041481,0.06857,0.037749,0.057167,0.020023,0.13535,0.1128
0.058658,0.15767,0.091182,0.05159,0.055306,0.067766,0.065837,0.034727,0.07774,0.33952
0.063578,0.15439,0.054454,0.043628,0.053485,0.0115,0.010348,0.05421,0.056435,0.49797
0.21362,0.039617,0.1166,0.15382,0.084092,0.11237,0.077321,0.065996,0.088221,0.048348
0.018888,0.041484,0.092351,0.15709,0.19706,0.072376,0.10865,0.089714,0.13035,0.092038
0.021481,0.027866,0.12581,0.098022,0.20023,0.24537,0.10102,0.034742,0.095897,0.049558
0.1424,0.034022,0.039978,0.13142,0.098674,0.13854,0.15035,0.11393,0.050745,0.099925
0.098941,0.11907,0.093195,0.19195,0.10115,0.089752,0.08579,0.11874,0.046553,0.054868
0.070816,0.050501,0.092331,0.13232,0.17019,0.15624,0.092604,0.16968,0.029776,0.035537
0.074836,0.51458,0.3206,0.062077,0.017764,0.0099084,0,0.00023727,0,0
0.27441,0.6937,0.022744,0.0034639,0.0018072,0.0010301,0.0015031,0,0.001342,0
0.13907,0.22954,0.04504,0.020086,0.014032,0.042516,0.03663,0.10983,0.31839,0.044868
0.12043,0.14091,0.048186,0.097165,0.14414,0.099019,0.084139,0.052742,0.09261,0.12066
0.048701,0.069104,0.13055,0.087146,0.11166,0.12396,0.13481,0.093846,0.1074,0.092822
0.043813,0.06961,0.103,0.062864,0.14247,0.20411,0.066238,0.19079,0.085115,0.031999
0.023505,0.011616,0.19445,0.099934,0.076826,0.03662,0.048402,0.043886,0.088149,0.37662
0.026701,0.015839,0.38523,0.26079,0.028689,0.045959,0.087094,0.0090583,0.12286,0.017781
0.071764,0.11681,0.16279,0.0851,0.10323,0.038298,0.017687,0.029087,0.12857,0.24666
0.14801,0.052687,0.070075,0.11256,0.048593,0.10536,0.11937,0.045183,0.29371,0.0044495
0.0046937,0.015831,0.020764,0.094869,0.12024,0.078726,0.14481,0.27331,0.047541,0.19922
0.37073,0.29421,0.055129,0.071131,0.023183,0.028274,0.060855,0.042227,0.039134,0.015124
0.20839,0.026348,0.052088,0.045649,0.13246,0.072648,0.037883,0.026018,0.082532,0.31598
0.25896,0.099962,0.083657,0.019369,0.094419,0.0085375,0.025923,0.0053422,0.079432,0.3244
0.11595,0.035248,0.032875,0.073961,0.030293,0.13616,0.092141,0.053665,0.079564,0.35014
0.45711,0.11213,0.11911,0.030557,0.063661,0.074267,0.10886,0.032074,0.0022256,0
