0.061053,0.029103,0.019488,0.0095413,0.0073753,0.050373,0.038538,0.10157,0.20217,0.48078
0.0075569,0,0.0081861,0.016502,0.17943,0.3794,0.39041,0.018515,0,0
0.057128,0.096965,0.10645,0.2375,0.13592,0.14412,0.10142,0.03528,0.042578,0.042637
0.05711,0.077961,0.08852,0.17575,0.34235,0.11856,0.032934,0.062175,0.028255,0.016389
0.15769,0.13972,0.1371,0.14443,0.18121,0.097986,0.050497,0.042773,0.027583,0.021007
0.094286,0.011355,0.013386,0.031966,0.10781,0.28811,0.23422,0.092267,0.059703,0.066892
0.055195,0.079229,0.11886,0.13292,0.17121,0.25081,0.093469,0.036087,0.019311,0.042899
0.064528,0.02751,0.015083,0.11586,0.22349,0.21854,0.13511,0.08122,0.079924,0.038737
0.01037,0.034398,0.022853,0.040927,0.14597,0.18448,0.12017,0.15368,0.23726,0.049892
0.052524,0.045789,0.041507,0.13062,0.15564,0.19102,0.067537,0.10688,0.12003,0.088462
0.04497,0.042177,0.16644,0.10187,0.28518,0.10951,0.10807,0.086353,0.020998,0.034427
0.04856,0.11488,0.084979,0.059822,0.15379,0.10821,0.094398,0.047803,0.16818,0.11938
0.46841,0.17547,0.22918,0.0518,0.011909,0.026055,0.0068882,0.0019863,0.021533,0.0067668
0.0010705,0.011614,0.013682,0.10535,0.063059,0.058142,0.23689,0.27761,0.093237,0.13934
0.09883,0.084162,0.1157,0.14138,0.1179,0.044,0.10055,0.15622,0.04849,0.092761
0.098926,0.033328,0.048427,0.03369,0.1143,0.14732,0.17717,0.15665,0.14851,0.041666
0.2498,0.3946,0.30363,0.022701,0.014126,0.0090877,0.0016559,0.0023335,0.0020636,0
0.0014892,0.04284,0.61202,0.25254,0.065844,0.018598,0.0066712,0,0,0
0.015607,0.058087,0.060136,0.11163,0.11977,0.077218,0.04712,0.11173,0.19001,0.20869
0.058653,0.081208,0.088568,0.05262,0.073496,0.099141,0.092775,0.13321,0.15269,0.16764
0.10749,0.15898,0.17542,0.10732,0.097326,0.077932,0.074684,0.028194,0.13307,0.039586
0.003732,0.053134,0.066393,0.056089,0.10009,0.072877,0.082179,0.18001,0.18859,0.1969
0.19978,0.29561,0.061966,0.10607,0.085729,0.037945,0.050839,0.089163,0.035924,0.036971
0.0024709,0.017628,0.01049,0.029256,0.03312,0.017362,0.057984,0.11359,0.27177,0.44633
0,0.0047704,0.0010883,0.074874,0.63125,0.16216,0.015625,0.0085275,0.057731,0.043977
0.10399,0.078065,0.10062,0.094422,0.10371,0.044486,0.023473,0.074464,0.2203,0.15647
0,0,0.043888,0,0.18552,0.475,0.29558,0,0,0
0,0,0,0.00099674,0.010812,0.0088033,0,0.19003,0.64167,0.14769
0.04496,0.0476,0.028448,0.012998,0.061452,0.0028907,0.018011,0.43415,0.25953,0.089959
0.0012726,0.0035545,0.4263,0.28255,0.1866,0.017234,0.057051,0.018543,0.0038644,0.0030285
0,0,0,0,0.010421,0.1913,0.4741,0.073359,0.019869,0.23095
0.0090413,0.15938,0.68562,0.10932,0.0036017,0.00031058,0,0.0036268,0.029095,0
0.11357,0.067063,0.031576,0.016269,0.089146,0.019643,0.047757,0.091166,0.49444,0.029367
0.057257,0.023444,0.064715,0.041948,0.046951,0.054308,0.1198,0.076056,0.34286,0.17266
0.2156,0.059418,0.019369,0.0073394,0.047254,0.087244,0.11584,0.17662,0.13418,0.13715
0.012434,0.014001,0.04248,0.059925,0.054678,0.059922,0.20113,0.12926,0.13921,0.28696
0.068045,0.059329,0.03877,0.070776,0.12167,0.12449,0.05163,0.17795,0.18889,0.098453
0.057923,0.061567,0.041039,0.029493,0.037403,0.050026,0.19593,0.15448,0.28685,0.085295
0.028436,0.013956,0.029866,0.23651,0.20757,0.02522,0.079699,0.0878,0.17469,0.11626
