0.058949,0.12099,0.31809,0.28448,0.12249,0.011707,0.035221,0.018461,0.014976,0.014639
0.58492,0.3894,0.0092867,0.004239,0.0050799,0.0013479,0.0057245,0,0,0
0.36341,0.55483,0.067476,0.0072988,0.0066382,0,0.00034204,0,0,0
0.55596,0.29493,0.034231,0.081454,0.024476,0,0.0089513,0,0,0
0.098797,0.14383,0.18736,0.061858,0.30088,0.058598,0.060152,0.036641,0.0341,0.017774
0.062452,0.022141,0.0091563,0.053179,0.10803,0.056176,0.079752,0.14736,0.22648,0.23527
0.0051138,0.17113,0.36695,0.11371,0.18475,0.14499,0.0090951,0.00062247,0,0.0036442
0.9766,0.013447,0.0014208,0,0.00081982,0.00017444,0.0075382,0,0,0
0.0047226,0.042843,0.15785,0.32515,0.19684,0.088777,0.059397,0.037965,0.0665,0.019953
0.071398,0.18451,0.26058,0.16592,0.09102,0.035295,0.037353,0.069713,0.069831,0.014378
0.011237,0.037745,0.028824,0.15705,0.26109,0.13395,0.14111,0.13081,0.081095,0.017097
0.047097,0.094301,0.61622,0.035458,0.01994,0.011621,0.059419,0.01329,0.091107,0.011544
0.088479,0.034151,0.052954,0.045783,0.081864,0.11542,0.12592,0.32285,0.050794,0.081782
0.17196,0.11281,0.069794,0.086657,0.069096,0.11907,0.084201,0.10131,0.057807,0.12729
0.090216,0.2047,0.05341,0.08056,0.077219,0.083932,0.12965,0.049806,0.088596,0.1419
0.18965,0.12887,0.089924,0.18269,0.14475,0.054947,0.04094,0.073762,0.054881,0.039581
0.030657,0.080034,0.046929,0.10485,0.18549,0.14571,0.10365,0.10817,0.058138,0.13638
0.055534,0.1417,0.14316,0.096468,0.041107,0.16688,0.18898,0.051135,0.059767,0.05527
0.019864,0.046286,0.091635,0.097995,0.27136,0.17676,0.078025,0.11353,0.070672,0.033875
0.15211,0.13782,0.098298,0.26417,0.19157,0.097547,0.036539,0.0067725,0.0048808,0.010295
0.0068381,0.035914,0.1401,0.22908,0.10211,0.058604,0.18668,0.15948,0.06646,0.014737
0.073183,0.10711,0.039511,0.092017,0.097913,0.27258,0.10435,0.16301,0.047726,0.0026069
0.016673,0.111,0.36067,0.18026,0.073158,0.073278,0.11783,0.017879,0.02703,0.022234
0.089773,0.15644,0.15034,0.083103,0.082212,0.17917,0.13853,0.074487,0.025207,0.020743
0.053677,0.080204,0.04548,0.23026,0.29185,0.22426,0.049838,0.014563,0.0086448,0.0012314
0.032295,0.052127,0.26833,0.2369,0.15866,0.11194,0.048885,0.043271,0.015885,0.031706
0.017944,0.013016,0.039971,0.029036,0.1061,0.17421,0.436,0.10033,0.053969,0.029424
0.018464,0.070295,0.022271,0.005221,0.024511,0.072653,0.059307,0.13861,0.12637,0.46231
0.051449,0.032448,0.10618,0.028756,0.039934,0.10622,0.18349,0.09999,0.27468,0.076862
0.1301,0.59163,0.12496,0.11784,0.0091949,0.0035214,0,0,0.015125,0.0076186
0.025044,0.043358,0.18715,0.26268,0.34383,0.043832,0.022424,0.055359,0.01632,0
0.052522,0.074785,0.03703,0.34727,0.16663,0.27871,0.010118,0.0074265,0.017042,0.0084631
0.032358,0.030989,0.038768,0.046787,0.17938,0.20506,0.23273,0.094266,0.066946,0.072715
0.43243,0.13727,0.083123,0.2339,0.090147,0.011089,0.0032367,0.001032,0.0074409,0.00032977
0.050396,0.089636,0.20343,0.28916,0.16377,0.085505,0.040544,0.067215,0.00063972,0.0097061
0.00518,0.017046,0.018538,0.090824,0.088258,0.17914,0.075118,0.2445,0.17945,0.10195
0.028511,0.018481,0.057808,0.15946,0.222,0.13404,0.15729,0.071272,0.082674,0.068459
0.0083357,0.043163,0.057699,0.095586,0.62342,0.042177,0.052431,0.071329,0,0.0058638
0.042213,0.078505,0.039417,0.11172,0.17901,0.21054,0.16524,0.10004,0.013297,0.060011
0.022711,0.029705,0.029939,0.038136,0.073223,0.051347,0.12971,0.17595,0.20885,0.24043
0.16401,0.07203,0.049247,0.0529,0.08511,0.12095,0.16418,0.062975,0.15038,0.078207
0.0039608,0.020671,0.044455,0.033383,0.1424,0.21273,0.25809,0.17315,0.084942,0.026214
0.057821,0.028751,0.016353,0.029538,0.013862,0.16407,0.26762,0.29068,0.071136,0.060171
0.17142,0.051438,0.024965,0.029056,0.17288,0.17778,0.15225,0.11492,0.05936,0.045932
0,0.055867,0.124,0.063491,0.098656,0.3133,0.14313,0.083681,0.04261,0.075259
0.016574,0.04221,0.050667,0.081536,0.10793,0.21623,0.21802,0.060134,0.094387,0.1123
0.046739,0.057472,0.064263,0.065719,0.14177,0.37646,0.18078,0.04063,0.0058114,0.020357
0.015578,0.05412,0.033914,0.044969,0.15549,0.18475,0.16063,0.18219,0.12216,0.046192
0.22884,0.23516,0.14658,0.08546,0.093852,0.0569,0.030315,0.0048627,0.01496,0.10307
0.050499,0.059553,0.035448,0.10489,0.49519,0.10002,0.090527,0.013591,0.041072,0.0092015
0.073726,0.0069753,0.025489,0.026188,0.050854,0.10177,0.45481,0.16491,0.062859,0.032419
0.0036913,0.007119,0.013377,0.01269,0.062544,0.2938,0.33396,0.22174,0.044045,0.0070346
0.010713,0.034067,0.0081926,0.080646,0.34326,0.47292,0.050203,0,0,0
0.048309,0.03463,0.0075904,0.10196,0.24537,0.14176,0.060294,0.13976,0.11995,0.10038
0.032136,0.041112,0.052959,0.066233,0.16036,0.16463,0.27874,0.078783,0.056133,0.068916
0.0026339,0.0034284,0.011747,0.079801,0.52087,0.15932,0.051301,0.038912,0.041523,0.090462
0.0060942,0.07728,0.16766,0.10832,0.24113,0.22232,0.017945,0.068352,0.047449,0.043451
0.075397,0.20244,0.10581,0.19082,0.10901,0.14876,0.025259,0.040844,0.074002,0.027659
0.11512,0.13054,0.1022,0.094188,0.11375,0.078897,0.11056,0.092603,0.10122,0.060932
0.1993,0.15242,0.11236,0.10758,0.16587,0.12826,0.055943,0.021135,0.034435,0.022704
0.23609,0.12769,0.076721,0.064645,0.089271,0.092807,0.042651,0.041075,0.062158,0.16689
0.41508,0.24316,0.073535,0.13588,0.037347,0.016885,0.007017,0.010068,0.054953,0.0060757
0.070359,0.14106,0.10813,0.11354,0.14295,0.14772,0.091605,0.074023,0.046353,0.064264
0.032957,0.010892,0.035451,0.03059,0.071464,0.080526,0.24504,0.16845,0.15631,0.16832
0.16932,0.22116,0.13976,0.11747,0.042348,0.011074,0.033122,0.10009,0.039674,0.12598
0.20717,0.10212,0.054495,0.16934,0.085998,0.11467,0.098782,0.044172,0.081669,0.041579
0.074457,0.063049,0.062609,0.018164,0.012217,0.037565,0.029337,0.091122,0.33567,0.27581
0.031918,0.060223,0.17504,0.026267,0.028378,0.047495,0.061728,0.094209,0.20417,0.27057
0.10413,0.052232,0.31114,0.26877,0.14016,0.064397,0.011397,0.0072264,0.040533,0
0.2648,0.36395,0.19729,0.044805,0.023545,0.027587,0.01793,0,0.015793,0.044291
0.1363,0.40693,0.17092,0.067257,0.030272,0.022048,0.096478,0.069075,0.00072794,0
0.3103,0.58024,0.10185,0.0042487,0.0033615,0,0,0,0,0
0.3395,0.33301,0.10732,0.033299,0.0958,0.030116,0.026636,0.0065371,0.0082955,0.0195
0.75803,0.11257,0.070583,0.044664,0.013178,0,0,0,0.00097532,0
0,0.0034184,0.022887,0.73154,0.20998,0.032176,0,0,0,0
0,0.0027312,0.073303,0.2717,0.57683,0.069212,0.005296,0,0,0.00092558
0,0,0.012896,0.016131,0.22068,0.6784,0.066216,0.0056712,0,0
0.026117,0.044143,0.014714,0.0017641,0.0091561,0.079311,0.14176,0.075455,0.25592,0.35166
0.00033365,0.00045938,0.015489,0.023458,0.024172,0.10573,0.12274,0.3683,0.15602,0.18329
