0.092768,0.13397,0.20566,0.13898,0.1366,0.095567,0.051793,0.058854,0.026993,0.058823
0.049871,0.024181,0.072077,0.10873,0.242,0.18037,0.094238,0.086242,0.076286,0.066003
0.015265,0.073983,0.062164,0.18257,0.26426,0.19927,0.054104,0.063729,0.050697,0.033951
0.029625,0.01766,0.054949,0.097434,0.29891,0.21208,0.12597,0.072723,0.055774,0.034874
0.056625,0.064489,0.016539,0.076374,0.05739,0.10942,0.15038,0.25853,0.12004,0.090225
0.045253,0.049182,0.10454,0.098536,0.10723,0.087526,0.039086,0.20812,0.15301,0.10752
0.085184,0.12493,0.10474,0.099433,0.081777,0.1235,0.14287,0.063476,0.074569,0.099527
0.096326,0.20297,0.020292,0.089297,0.12803,0.12055,0.077977,0.1304,0.10511,0.029053
0.028052,0.082148,0.034829,0.1904,0.30465,0.25308,0.066068,0.02364,0.013975,0.0031603
0.049131,0.06553,0.024034,0.13378,0.40523,0.17802,0.050281,0.022393,0.025565,0.046044
0.075937,0.16705,0.096874,0.097425,0.17135,0.20503,0.04981,0.027098,0.032931,0.076493
0.18152,0.30637,0.11696,0.043927,0.036665,0.16702,0.10028,0.012154,0.023717,0.011378
0.0055414,0.031726,0.073033,0.53555,0.20907,0.12308,0.014202,0.0077952,0,0
0.51631,0.24773,0.098191,0.077073,0.033385,0.0042835,0.0017016,0.0052502,0.004892,0.011184
0.55951,0.14344,0.11315,0.082032,0.071012,0.022349,0,0.0072512,0,0.0012558
0.33311,0.25559,0.22623,0.07171,0.067684,0.022633,0.0088689,0.0014559,0.012145,0.00058406
0.056397,0.048104,0.026401,0.0094198,0.049329,0.14106,0.2674,0.19913,0.084558,0.11819
0.064962,0.071487,0.073394,0.38511,0.17462,0.13799,0.029689,0.02589,0.0041809,0.032668
0,0.016448,0.059453,0.079478,0.14822,0.17441,0.36498,0.13307,0.010573,0.013367
0.039647,0.077074,0.042889,0.11392,0.084254,0.19574,0.115,0.14956,0.075373,0.10654
0.036983,0.044923,0.036697,0.062274,0.084299,0.088577,0.1871,0.18415,0.13451,0.14049
0.05888,0.034205,0.024507,0.032352,0.10314,0.19503,0.12257,0.25078,0.11626,0.062283
0.17078,0.2113,0.037483,0.09798,0.09766,0.084316,0.052178,0.061858,0.044888,0.14156
0.0051634,0.017315,0.01626,0.042398,0.167,0.28256,0.1656,0.12401,0.084575,0.095117
0.028455,0.042851,0.048216,0.094517,0.2554,0.2369,0.1296,0.094794,0.03277,0.036494
0.021696,0.065331,0.071049,0.19319,0.21952,0.19122,0.07987,0.085015,0.041147,0.031965
0.07815,0.2458,0.16622,0.075734,0.041543,0.10538,0.030425,0.042026,0.15208,0.062644
0.013558,0.11014,0.026506,0.022462,0.11624,0.02128,0.13811,0.22019,0.27941,0.052106
0.047457,0.7197,0.12955,0.069827,0.02739,0.0028789,0,0.0031951,0,0
0.51412,0.38387,0.020419,0.053582,0.024933,0.003082,0,0,0,0
0.0055935,0.13256,0.021414,0.079227,0.12946,0.063463,0.055195,0.16267,0.2585,0.091922
